,logged,day,location,model name,avg daily demand,inventory size,test days,init days,gurobi status,nvars,calc time,ncons,num patients,num SCD patients,num Other patients,num units requested,num units requested SCD,num units requested Other,num supplied products,num O- in inventory,num O+ in inventory,num A- in inventory,num A+ in inventory,num B- in inventory,num B+ in inventory,num AB- in inventory,num AB+ in inventory,num Fya-Fyb- in inventory,num Fya+Fyb- in inventory,num Fya-Fyb+ in inventory,num Fya+Fyb+ in inventory,num R0 in inventory,num outdates,num outdates O-,num outdates O+,num outdates A-,num outdates A+,num outdates B-,num outdates B+,num outdates AB-,num outdates AB+,num shortages,num shortages O-,num shortages O+,num shortages A-,num shortages A+,num shortages B-,num shortages B+,num shortages AB-,num shortages AB+,num shortages SCD,num shortages Other,num mismatched patients SCD A,num mismatched patients SCD B,num mismatched patients SCD D,num mismatched patients SCD C,num mismatched patients SCD c,num mismatched patients SCD E,num mismatched patients SCD e,num mismatched patients SCD K,num mismatched patients SCD Fya,num mismatched patients SCD Fyb,num mismatched patients SCD Jka,num mismatched patients SCD Jkb,num mismatched patients SCD M,num mismatched patients SCD N,num mismatched patients SCD S,num mismatched patients Other A,num mismatched patients Other B,num mismatched patients Other D,num mismatched patients Other C,num mismatched patients Other c,num mismatched patients Other E,num mismatched patients Other e,num mismatched patients Other K,num mismatched patients Other Fya,num mismatched patients Other Fyb,num mismatched patients Other Jka,num mismatched patients Other Jkb,num mismatched patients Other M,num mismatched patients Other N,num mismatched patients Other S,num mismatched units SCD A,num mismatched units SCD B,num mismatched units SCD D,num mismatched units SCD C,num mismatched units SCD c,num mismatched units SCD E,num mismatched units SCD e,num mismatched units SCD K,num mismatched units SCD Fya,num mismatched units SCD Fyb,num mismatched units SCD Jka,num mismatched units SCD Jkb,num mismatched units SCD M,num mismatched units SCD N,num mismatched units SCD S,num mismatched units Other A,num mismatched units Other B,num mismatched units Other D,num mismatched units Other C,num mismatched units Other c,num mismatched units Other E,num mismatched units Other e,num mismatched units Other K,num mismatched units Other Fya,num mismatched units Other Fyb,num mismatched units Other Jka,num mismatched units Other Jkb,num mismatched units Other M,num mismatched units Other N,num mismatched units Other S
0,1.0,0.0,London_141,cons,151,453,1092.0,70.0,2.0,176217.0,1.2426103362813592,846.0,128.0,3.0,125.0,246.0,28.0,218.0,453.0,61.0,176.0,35.0,125.0,13.0,33.0,3.0,7.0,13.0,66.0,168.0,206.0,63.0,0.0,0.0,0.0,0.0,0.0,0.0,0.0,0.0,0.0,4.0,0.0,1.0,0.0,0.0,1.0,1.0,0.0,1.0,3.0,1.0,0.0,0.0,0.0,0.0,0.0,0.0,0.0,0.0,0.0,0.0,0.0,2.0,0.0,2.0,0.0,0.0,0.0,0.0,2.0,3.0,0.0,2.0,0.0,14.0,10.0,3.0,9.0,23.0,26.0,18.0,0.0,0.0,0.0,0.0,0.0,0.0,0.0,0.0,0.0,0.0,0.0,4.0,0.0,3.0,0.0,0.0,0.0,0.0,2.0,4.0,0.0,4.0,0.0,17.0,14.0,4.0,15.0,38.0,39.0,24.0
1,1.0,1.0,London_141,cons,151,453,1092.0,70.0,2.0,153567.0,0.9359785192646086,796.0,135.0,3.0,132.0,269.0,27.0,242.0,229.0,68.0,185.0,29.0,126.0,15.0,26.0,1.0,3.0,9.0,71.0,148.0,225.0,65.0,0.0,0.0,0.0,0.0,0.0,0.0,0.0,0.0,0.0,5.0,0.0,1.0,0.0,1.0,0.0,1.0,0.0,2.0,3.0,2.0,0.0,0.0,0.0,0.0,0.0,0.0,0.0,0.0,0.0,0.0,0.0,1.0,1.0,0.0,3.0,0.0,0.0,0.0,5.0,6.0,0.0,4.0,1.0,13.0,4.0,1.0,10.0,28.0,21.0,25.0,0.0,0.0,0.0,0.0,0.0,0.0,0.0,0.0,0.0,0.0,0.0,2.0,2.0,0.0,5.0,0.0,0.0,0.0,5.0,9.0,0.0,6.0,1.0,18.0,6.0,3.0,13.0,44.0,37.0,39.0
2,1.0,2.0,London_141,cons,151,453,1092.0,70.0,2.0,118686.0,0.6616434771567583,719.0,68.0,0.0,68.0,119.0,0.0,119.0,260.0,88.0,168.0,32.0,102.0,12.0,37.0,6.0,8.0,9.0,71.0,152.0,221.0,70.0,0.0,0.0,0.0,0.0,0.0,0.0,0.0,0.0,0.0,0.0,0.0,0.0,0.0,0.0,0.0,0.0,0.0,0.0,0.0,0.0,0.0,0.0,0.0,0.0,0.0,0.0,0.0,0.0,0.0,0.0,0.0,0.0,0.0,0.0,0.0,0.0,0.0,0.0,5.0,3.0,0.0,2.0,1.0,4.0,8.0,0.0,10.0,13.0,20.0,13.0,0.0,0.0,0.0,0.0,0.0,0.0,0.0,0.0,0.0,0.0,0.0,0.0,0.0,0.0,0.0,0.0,0.0,0.0,6.0,3.0,0.0,4.0,1.0,6.0,12.0,0.0,18.0,19.0,30.0,16.0
3,1.0,3.0,London_141,cons,151,453,1092.0,70.0,2.0,119139.0,0.6370121850632131,720.0,44.0,0.0,44.0,80.0,0.0,80.0,121.0,100.0,179.0,24.0,85.0,12.0,41.0,5.0,7.0,9.0,78.0,159.0,207.0,82.0,0.0,0.0,0.0,0.0,0.0,0.0,0.0,0.0,0.0,1.0,0.0,0.0,0.0,0.0,0.0,0.0,0.0,1.0,0.0,1.0,0.0,0.0,0.0,0.0,0.0,0.0,0.0,0.0,0.0,0.0,0.0,0.0,0.0,0.0,0.0,0.0,0.0,0.0,2.0,6.0,0.0,0.0,1.0,4.0,1.0,0.0,8.0,6.0,14.0,10.0,0.0,0.0,0.0,0.0,0.0,0.0,0.0,0.0,0.0,0.0,0.0,0.0,0.0,0.0,0.0,0.0,0.0,0.0,2.0,10.0,0.0,0.0,1.0,5.0,2.0,0.0,11.0,11.0,22.0,12.0
4,1.0,4.0,London_141,cons,151,453,1092.0,70.0,2.0,133635.0,0.7050271043553948,752.0,72.0,0.0,72.0,126.0,0.0,126.0,80.0,103.0,185.0,23.0,75.0,9.0,48.0,5.0,5.0,12.0,77.0,169.0,195.0,84.0,0.0,0.0,0.0,0.0,0.0,0.0,0.0,0.0,0.0,3.0,0.0,0.0,0.0,0.0,0.0,0.0,0.0,3.0,0.0,3.0,0.0,0.0,0.0,0.0,0.0,0.0,0.0,0.0,0.0,0.0,0.0,0.0,0.0,0.0,0.0,0.0,0.0,0.0,5.0,5.0,1.0,0.0,1.0,7.0,3.0,8.0,6.0,13.0,17.0,21.0,0.0,0.0,0.0,0.0,0.0,0.0,0.0,0.0,0.0,0.0,0.0,0.0,0.0,0.0,0.0,0.0,0.0,0.0,8.0,6.0,1.0,0.0,1.0,10.0,3.0,10.0,10.0,18.0,23.0,24.0
5,1.0,5.0,London_141,cons,151,453,1092.0,70.0,2.0,138165.0,0.8672785731032491,762.0,102.0,0.0,102.0,181.0,0.0,181.0,124.0,104.0,194.0,20.0,65.0,13.0,48.0,5.0,4.0,17.0,78.0,156.0,202.0,88.0,0.0,0.0,0.0,0.0,0.0,0.0,0.0,0.0,0.0,7.0,0.0,0.0,0.0,4.0,0.0,0.0,0.0,3.0,0.0,7.0,0.0,0.0,0.0,0.0,0.0,0.0,0.0,0.0,0.0,0.0,0.0,0.0,0.0,0.0,0.0,0.0,0.0,0.0,7.0,9.0,0.0,0.0,3.0,6.0,5.0,7.0,10.0,16.0,30.0,18.0,0.0,0.0,0.0,0.0,0.0,0.0,0.0,0.0,0.0,0.0,0.0,0.0,0.0,0.0,0.0,0.0,0.0,0.0,9.0,15.0,0.0,0.0,3.0,7.0,5.0,8.0,15.0,29.0,44.0,28.0
6,1.0,6.0,London_141,cons,151,453,1092.0,70.0,2.0,123669.0,0.6694610570557415,730.0,21.0,0.0,21.0,33.0,0.0,33.0,173.0,114.0,162.0,34.0,57.0,14.0,60.0,5.0,7.0,10.0,75.0,155.0,213.0,85.0,0.0,0.0,0.0,0.0,0.0,0.0,0.0,0.0,0.0,0.0,0.0,0.0,0.0,0.0,0.0,0.0,0.0,0.0,0.0,0.0,0.0,0.0,0.0,0.0,0.0,0.0,0.0,0.0,0.0,0.0,0.0,0.0,0.0,0.0,0.0,0.0,0.0,0.0,0.0,1.0,0.0,0.0,0.0,0.0,2.0,0.0,1.0,4.0,6.0,3.0,0.0,0.0,0.0,0.0,0.0,0.0,0.0,0.0,0.0,0.0,0.0,0.0,0.0,0.0,0.0,0.0,0.0,0.0,0.0,1.0,0.0,0.0,0.0,0.0,3.0,0.0,1.0,5.0,7.0,5.0
7,1.0,7.0,London_141,cons,151,453,1092.0,70.0,2.0,150849.0,1.1034024525433779,790.0,85.0,2.0,83.0,162.0,16.0,146.0,33.0,114.0,165.0,30.0,55.0,15.0,64.0,5.0,5.0,10.0,71.0,161.0,211.0,90.0,0.0,0.0,0.0,0.0,0.0,0.0,0.0,0.0,0.0,15.0,0.0,1.0,0.0,12.0,1.0,1.0,0.0,0.0,2.0,13.0,0.0,0.0,0.0,0.0,0.0,0.0,0.0,0.0,0.0,0.0,0.0,2.0,0.0,0.0,0.0,0.0,0.0,0.0,1.0,0.0,1.0,2.0,2.0,9.0,2.0,2.0,6.0,12.0,19.0,7.0,0.0,0.0,0.0,0.0,0.0,0.0,0.0,0.0,0.0,0.0,0.0,3.0,0.0,0.0,0.0,0.0,0.0,0.0,1.0,0.0,1.0,5.0,2.0,13.0,2.0,2.0,6.0,16.0,31.0,10.0
8,1.0,8.0,London_141,cons,151,453,1092.0,70.0,2.0,148131.0,0.917619142215699,784.0,62.0,2.0,60.0,118.0,17.0,101.0,136.0,122.0,170.0,36.0,37.0,12.0,67.0,2.0,7.0,11.0,72.0,154.0,216.0,89.0,0.0,0.0,0.0,0.0,0.0,0.0,0.0,0.0,0.0,2.0,0.0,0.0,0.0,0.0,0.0,1.0,1.0,0.0,1.0,1.0,0.0,0.0,0.0,0.0,0.0,0.0,0.0,0.0,0.0,0.0,0.0,1.0,1.0,0.0,1.0,0.0,0.0,0.0,2.0,1.0,0.0,1.0,0.0,9.0,3.0,3.0,4.0,12.0,14.0,14.0,0.0,0.0,0.0,0.0,0.0,0.0,0.0,0.0,0.0,0.0,0.0,2.0,5.0,0.0,1.0,0.0,0.0,0.0,2.0,2.0,0.0,1.0,0.0,11.0,3.0,4.0,5.0,21.0,21.0,18.0
9,1.0,9.0,London_141,cons,151,453,1092.0,70.0,2.0,157644.0,0.926983498968184,805.0,94.0,0.0,94.0,161.0,0.0,161.0,119.0,124.0,167.0,35.0,46.0,15.0,58.0,1.0,7.0,8.0,78.0,155.0,212.0,93.0,0.0,0.0,0.0,0.0,0.0,0.0,0.0,0.0,0.0,4.0,0.0,0.0,0.0,3.0,0.0,0.0,1.0,0.0,0.0,4.0,0.0,0.0,0.0,0.0,0.0,0.0,0.0,0.0,0.0,0.0,0.0,0.0,0.0,0.0,0.0,0.0,0.0,0.0,2.0,4.0,3.0,2.0,2.0,11.0,5.0,6.0,8.0,14.0,13.0,18.0,0.0,0.0,0.0,0.0,0.0,0.0,0.0,0.0,0.0,0.0,0.0,0.0,0.0,0.0,0.0,0.0,0.0,0.0,2.0,5.0,4.0,3.0,2.0,13.0,8.0,7.0,10.0,21.0,16.0,28.0
10,1.0,10.0,London_141,cons,151,453,1092.0,70.0,2.0,145866.0,0.8123029381968081,779.0,94.0,0.0,94.0,154.0,0.0,154.0,157.0,130.0,173.0,19.0,47.0,15.0,65.0,1.0,3.0,8.0,66.0,166.0,213.0,91.0,0.0,0.0,0.0,0.0,0.0,0.0,0.0,0.0,0.0,11.0,0.0,1.0,0.0,8.0,0.0,2.0,0.0,0.0,0.0,11.0,0.0,0.0,0.0,0.0,0.0,0.0,0.0,0.0,0.0,0.0,0.0,0.0,0.0,0.0,0.0,0.0,0.0,0.0,3.0,5.0,3.0,0.0,1.0,5.0,7.0,3.0,8.0,22.0,20.0,18.0,0.0,0.0,0.0,0.0,0.0,0.0,0.0,0.0,0.0,0.0,0.0,0.0,0.0,0.0,0.0,0.0,0.0,0.0,5.0,9.0,4.0,0.0,1.0,8.0,13.0,3.0,12.0,30.0,26.0,24.0
11,1.0,11.0,London_141,cons,151,453,1092.0,70.0,2.0,135447.0,0.8500603339634836,756.0,118.0,0.0,118.0,203.0,0.0,203.0,141.0,144.0,164.0,22.0,49.0,13.0,57.0,0.0,4.0,10.0,77.0,172.0,194.0,100.0,0.0,0.0,0.0,0.0,0.0,0.0,0.0,0.0,0.0,35.0,0.0,8.0,0.0,21.0,0.0,3.0,1.0,2.0,0.0,35.0,0.0,0.0,0.0,0.0,0.0,0.0,0.0,0.0,0.0,0.0,0.0,0.0,0.0,0.0,0.0,0.0,0.0,0.0,3.0,4.0,2.0,1.0,4.0,4.0,4.0,4.0,10.0,11.0,17.0,11.0,0.0,0.0,0.0,0.0,0.0,0.0,0.0,0.0,0.0,0.0,0.0,0.0,0.0,0.0,0.0,0.0,0.0,0.0,3.0,7.0,2.0,1.0,5.0,4.0,4.0,7.0,13.0,14.0,26.0,15.0
12,1.0,12.0,London_141,cons,151,453,1092.0,70.0,2.0,119139.0,0.6452188240364194,720.0,37.0,1.0,36.0,72.0,8.0,64.0,154.0,158.0,154.0,11.0,54.0,11.0,64.0,0.0,1.0,11.0,75.0,163.0,204.0,100.0,0.0,0.0,0.0,0.0,0.0,0.0,0.0,0.0,0.0,0.0,0.0,0.0,0.0,0.0,0.0,0.0,0.0,0.0,0.0,0.0,0.0,0.0,0.0,0.0,0.0,0.0,0.0,0.0,0.0,0.0,0.0,0.0,0.0,1.0,0.0,0.0,0.0,0.0,3.0,7.0,1.0,2.0,1.0,0.0,1.0,0.0,5.0,8.0,12.0,11.0,0.0,0.0,0.0,0.0,0.0,0.0,0.0,0.0,0.0,0.0,0.0,0.0,0.0,6.0,0.0,0.0,0.0,0.0,6.0,10.0,1.0,4.0,1.0,0.0,1.0,0.0,8.0,10.0,17.0,17.0
13,1.0,13.0,London_141,cons,151,453,1092.0,70.0,2.0,149943.0,0.8274445552378893,788.0,98.0,2.0,96.0,188.0,18.0,170.0,72.0,157.0,164.0,9.0,49.0,12.0,57.0,1.0,4.0,11.0,77.0,161.0,204.0,99.0,0.0,0.0,0.0,0.0,0.0,0.0,0.0,0.0,0.0,28.0,0.0,9.0,3.0,12.0,0.0,1.0,1.0,2.0,2.0,26.0,0.0,0.0,0.0,0.0,0.0,0.0,0.0,0.0,0.0,0.0,0.0,0.0,1.0,0.0,2.0,0.0,0.0,0.0,2.0,3.0,1.0,0.0,2.0,3.0,1.0,1.0,5.0,16.0,15.0,13.0,0.0,0.0,0.0,0.0,0.0,0.0,0.0,0.0,0.0,0.0,0.0,0.0,1.0,0.0,2.0,0.0,0.0,0.0,2.0,4.0,1.0,0.0,2.0,4.0,2.0,1.0,6.0,25.0,22.0,17.0
14,1.0,14.0,London_141,cons,151,453,1092.0,70.0,2.0,150396.0,0.8244732231833041,789.0,18.0,1.0,17.0,37.0,9.0,28.0,136.0,160.0,173.0,17.0,31.0,14.0,54.0,1.0,3.0,10.0,88.0,165.0,190.0,90.0,0.0,0.0,0.0,0.0,0.0,0.0,0.0,0.0,0.0,0.0,0.0,0.0,0.0,0.0,0.0,0.0,0.0,0.0,0.0,0.0,0.0,0.0,0.0,0.0,0.0,0.0,0.0,0.0,0.0,0.0,0.0,0.0,0.0,1.0,0.0,0.0,0.0,0.0,0.0,0.0,0.0,0.0,0.0,0.0,1.0,0.0,1.0,4.0,1.0,1.0,0.0,0.0,0.0,0.0,0.0,0.0,0.0,0.0,0.0,0.0,0.0,0.0,0.0,8.0,0.0,0.0,0.0,0.0,0.0,0.0,0.0,0.0,0.0,0.0,2.0,0.0,1.0,6.0,1.0,2.0
15,1.0,15.0,London_141,cons,151,453,1092.0,70.0,2.0,186636.0,1.7394117950461805,869.0,132.0,2.0,130.0,243.0,17.0,226.0,37.0,165.0,164.0,13.0,41.0,15.0,49.0,1.0,5.0,10.0,88.0,159.0,196.0,93.0,0.0,0.0,0.0,0.0,0.0,0.0,0.0,0.0,0.0,28.0,0.0,0.0,2.0,25.0,1.0,0.0,0.0,0.0,2.0,26.0,0.0,0.0,0.0,0.0,0.0,0.0,0.0,0.0,0.0,0.0,0.0,1.0,0.0,0.0,0.0,0.0,0.0,0.0,2.0,2.0,1.0,1.0,3.0,10.0,10.0,2.0,9.0,16.0,30.0,23.0,0.0,0.0,0.0,0.0,0.0,0.0,0.0,0.0,0.0,0.0,0.0,3.0,0.0,0.0,0.0,0.0,0.0,0.0,2.0,3.0,2.0,1.0,3.0,12.0,13.0,3.0,11.0,27.0,41.0,28.0
16,1.0,16.0,London_141,cons,151,453,1092.0,70.0,2.0,169422.0,0.8494779039174318,831.0,2.0,2.0,0.0,16.0,16.0,0.0,192.0,168.0,145.0,9.0,60.0,11.0,51.0,3.0,6.0,12.0,90.0,160.0,191.0,81.0,0.0,0.0,0.0,0.0,0.0,0.0,0.0,0.0,0.0,2.0,0.0,0.0,0.0,0.0,1.0,1.0,0.0,0.0,2.0,0.0,0.0,0.0,0.0,0.0,0.0,0.0,0.0,0.0,0.0,0.0,0.0,1.0,0.0,0.0,1.0,0.0,0.0,0.0,0.0,0.0,0.0,0.0,0.0,0.0,0.0,0.0,0.0,0.0,0.0,0.0,0.0,0.0,0.0,0.0,0.0,0.0,0.0,0.0,0.0,0.0,0.0,2.0,0.0,0.0,2.0,0.0,0.0,0.0,0.0,0.0,0.0,0.0,0.0,0.0,0.0,0.0,0.0,0.0,0.0,0.0
17,1.0,17.0,London_141,cons,151,453,1092.0,70.0,2.0,214722.0,1.2061604070477188,931.0,88.0,0.0,88.0,142.0,0.0,142.0,2.0,168.0,145.0,9.0,62.0,9.0,51.0,3.0,6.0,12.0,90.0,160.0,191.0,82.0,0.0,0.0,0.0,0.0,0.0,0.0,0.0,0.0,0.0,2.0,0.0,0.0,2.0,0.0,0.0,0.0,0.0,0.0,0.0,2.0,0.0,0.0,0.0,0.0,0.0,0.0,0.0,0.0,0.0,0.0,0.0,0.0,0.0,0.0,0.0,0.0,0.0,0.0,3.0,2.0,0.0,2.0,1.0,7.0,9.0,4.0,19.0,12.0,29.0,15.0,0.0,0.0,0.0,0.0,0.0,0.0,0.0,0.0,0.0,0.0,0.0,0.0,0.0,0.0,0.0,0.0,0.0,0.0,3.0,2.0,0.0,2.0,2.0,8.0,13.0,5.0,23.0,20.0,37.0,16.0
18,1.0,18.0,London_141,cons,151,453,1092.0,70.0,2.0,216081.0,1.419331458862871,934.0,248.0,0.0,248.0,433.0,0.0,433.0,140.0,169.0,152.0,12.0,45.0,14.0,51.0,2.0,8.0,15.0,94.0,153.0,191.0,92.0,0.0,0.0,0.0,0.0,0.0,0.0,0.0,0.0,0.0,95.0,0.0,12.0,14.0,58.0,0.0,0.0,1.0,10.0,0.0,95.0,0.0,0.0,0.0,0.0,0.0,0.0,0.0,0.0,0.0,0.0,0.0,0.0,0.0,0.0,0.0,0.0,0.0,0.0,9.0,17.0,0.0,1.0,2.0,9.0,2.0,4.0,12.0,25.0,39.0,22.0,0.0,0.0,0.0,0.0,0.0,0.0,0.0,0.0,0.0,0.0,0.0,0.0,0.0,0.0,0.0,0.0,0.0,0.0,11.0,26.0,0.0,2.0,2.0,10.0,3.0,5.0,18.0,35.0,54.0,26.0
19,1.0,19.0,London_141,cons,151,453,1092.0,70.0,2.0,138165.0,0.6963835111819208,762.0,36.0,0.0,36.0,71.0,0.0,71.0,276.0,168.0,108.0,19.0,86.0,18.0,41.0,6.0,7.0,12.0,84.0,150.0,207.0,48.0,0.0,0.0,0.0,0.0,0.0,0.0,0.0,0.0,0.0,0.0,0.0,0.0,0.0,0.0,0.0,0.0,0.0,0.0,0.0,0.0,0.0,0.0,0.0,0.0,0.0,0.0,0.0,0.0,0.0,0.0,0.0,0.0,0.0,0.0,0.0,0.0,0.0,0.0,1.0,0.0,1.0,0.0,0.0,8.0,3.0,7.0,3.0,4.0,8.0,7.0,0.0,0.0,0.0,0.0,0.0,0.0,0.0,0.0,0.0,0.0,0.0,0.0,0.0,0.0,0.0,0.0,0.0,0.0,1.0,0.0,1.0,0.0,0.0,11.0,8.0,9.0,5.0,6.0,15.0,10.0
20,1.0,20.0,London_141,cons,151,453,1092.0,70.0,2.0,162627.0,0.765745647251606,816.0,57.0,2.0,55.0,118.0,19.0,99.0,72.0,172.0,107.0,17.0,80.0,19.0,47.0,4.0,7.0,8.0,81.0,149.0,215.0,45.0,0.0,0.0,0.0,0.0,0.0,0.0,0.0,0.0,0.0,2.0,0.0,0.0,0.0,0.0,0.0,1.0,0.0,1.0,2.0,0.0,0.0,0.0,0.0,0.0,0.0,0.0,0.0,0.0,0.0,1.0,0.0,1.0,1.0,0.0,1.0,0.0,0.0,0.0,1.0,1.0,0.0,2.0,0.0,3.0,6.0,3.0,8.0,11.0,17.0,8.0,0.0,0.0,0.0,0.0,0.0,0.0,0.0,0.0,0.0,1.0,0.0,1.0,4.0,0.0,1.0,0.0,0.0,0.0,1.0,1.0,0.0,4.0,0.0,3.0,10.0,4.0,11.0,16.0,30.0,10.0
21,1.0,21.0,London_141,cons,151,453,1092.0,70.0,2.0,174405.0,0.9702652078121901,842.0,181.0,2.0,179.0,327.0,18.0,309.0,104.0,178.0,116.0,19.0,53.0,18.0,52.0,5.0,12.0,8.0,82.0,162.0,201.0,48.0,0.0,0.0,0.0,0.0,0.0,0.0,0.0,0.0,0.0,62.0,0.0,10.0,0.0,51.0,0.0,1.0,0.0,0.0,1.0,61.0,0.0,0.0,0.0,0.0,0.0,0.0,0.0,0.0,0.0,1.0,0.0,1.0,0.0,1.0,0.0,0.0,0.0,0.0,6.0,5.0,1.0,0.0,0.0,5.0,13.0,5.0,12.0,26.0,32.0,23.0,0.0,0.0,0.0,0.0,0.0,0.0,0.0,0.0,0.0,1.0,0.0,2.0,0.0,3.0,0.0,0.0,0.0,0.0,9.0,8.0,2.0,0.0,0.0,5.0,16.0,5.0,15.0,37.0,42.0,28.0
22,1.0,22.0,London_141,cons,151,453,1092.0,70.0,2.0,121404.0,0.6330509004183114,725.0,84.0,2.0,82.0,162.0,17.0,145.0,231.0,192.0,87.0,14.0,71.0,21.0,54.0,5.0,9.0,6.0,85.0,156.0,206.0,40.0,0.0,0.0,0.0,0.0,0.0,0.0,0.0,0.0,0.0,1.0,0.0,1.0,0.0,0.0,0.0,0.0,0.0,0.0,1.0,0.0,0.0,0.0,0.0,0.0,0.0,0.0,0.0,0.0,1.0,1.0,0.0,0.0,0.0,1.0,2.0,0.0,0.0,0.0,0.0,6.0,0.0,0.0,0.0,3.0,6.0,7.0,5.0,17.0,22.0,17.0,0.0,0.0,0.0,0.0,0.0,0.0,0.0,0.0,1.0,2.0,0.0,0.0,0.0,6.0,2.0,0.0,0.0,0.0,0.0,7.0,0.0,0.0,0.0,8.0,12.0,9.0,11.0,27.0,32.0,25.0
23,1.0,23.0,London_141,cons,151,453,1092.0,70.0,2.0,112344.0,0.5575501238927245,705.0,41.0,0.0,41.0,67.0,0.0,67.0,162.0,202.0,85.0,13.0,79.0,16.0,45.0,4.0,9.0,16.0,78.0,158.0,201.0,43.0,0.0,0.0,0.0,0.0,0.0,0.0,0.0,0.0,0.0,0.0,0.0,0.0,0.0,0.0,0.0,0.0,0.0,0.0,0.0,0.0,0.0,0.0,0.0,0.0,0.0,0.0,0.0,0.0,0.0,0.0,0.0,0.0,0.0,0.0,0.0,0.0,0.0,0.0,1.0,0.0,0.0,0.0,0.0,2.0,1.0,3.0,1.0,6.0,10.0,4.0,0.0,0.0,0.0,0.0,0.0,0.0,0.0,0.0,0.0,0.0,0.0,0.0,0.0,0.0,0.0,0.0,0.0,0.0,1.0,0.0,0.0,0.0,0.0,2.0,1.0,4.0,2.0,7.0,13.0,4.0
24,1.0,24.0,London_141,cons,151,453,1092.0,70.0,2.0,128199.0,0.6291283420287073,740.0,87.0,2.0,85.0,165.0,18.0,147.0,68.0,196.0,95.0,13.0,70.0,17.0,49.0,6.0,7.0,13.0,68.0,161.0,211.0,41.0,0.0,0.0,0.0,0.0,0.0,0.0,0.0,0.0,0.0,2.0,0.0,1.0,1.0,0.0,0.0,0.0,0.0,0.0,1.0,1.0,0.0,0.0,0.0,0.0,0.0,0.0,0.0,0.0,0.0,0.0,0.0,1.0,0.0,1.0,1.0,0.0,0.0,0.0,0.0,4.0,2.0,1.0,0.0,4.0,6.0,1.0,13.0,13.0,23.0,13.0,0.0,0.0,0.0,0.0,0.0,0.0,0.0,0.0,0.0,0.0,0.0,2.0,0.0,2.0,5.0,0.0,0.0,0.0,0.0,5.0,2.0,1.0,0.0,5.0,10.0,1.0,20.0,17.0,37.0,17.0
25,1.0,25.0,London_141,cons,151,453,1092.0,70.0,2.0,115062.0,0.5509597579948604,711.0,73.0,0.0,73.0,125.0,0.0,125.0,158.0,205.0,78.0,11.0,88.0,17.0,38.0,7.0,9.0,5.0,69.0,151.0,228.0,34.0,0.0,0.0,0.0,0.0,0.0,0.0,0.0,0.0,0.0,0.0,0.0,0.0,0.0,0.0,0.0,0.0,0.0,0.0,0.0,0.0,0.0,0.0,0.0,0.0,0.0,0.0,0.0,0.0,0.0,0.0,0.0,0.0,0.0,0.0,0.0,0.0,0.0,0.0,1.0,7.0,0.0,0.0,0.0,2.0,6.0,5.0,3.0,18.0,16.0,17.0,0.0,0.0,0.0,0.0,0.0,0.0,0.0,0.0,0.0,0.0,0.0,0.0,0.0,0.0,0.0,0.0,0.0,0.0,1.0,9.0,0.0,0.0,0.0,2.0,6.0,7.0,3.0,27.0,22.0,20.0
26,1.0,26.0,London_141,cons,151,453,1092.0,70.0,2.0,113250.0,0.5654739420861006,707.0,77.0,0.0,77.0,125.0,0.0,125.0,126.0,216.0,76.0,21.0,67.0,20.0,39.0,7.0,7.0,3.0,69.0,158.0,223.0,25.0,0.0,0.0,0.0,0.0,0.0,0.0,0.0,0.0,0.0,0.0,0.0,0.0,0.0,0.0,0.0,0.0,0.0,0.0,0.0,0.0,0.0,0.0,0.0,0.0,0.0,0.0,0.0,0.0,0.0,0.0,0.0,0.0,0.0,0.0,0.0,0.0,0.0,0.0,1.0,5.0,0.0,1.0,0.0,4.0,9.0,1.0,14.0,9.0,22.0,15.0,0.0,0.0,0.0,0.0,0.0,0.0,0.0,0.0,0.0,0.0,0.0,0.0,0.0,0.0,0.0,0.0,0.0,0.0,1.0,7.0,0.0,1.0,0.0,5.0,10.0,1.0,20.0,15.0,32.0,20.0
27,1.0,27.0,London_141,cons,151,453,1092.0,70.0,2.0,104643.0,0.44979705987498164,688.0,44.0,1.0,43.0,90.0,9.0,81.0,127.0,221.0,61.0,24.0,59.0,26.0,48.0,7.0,7.0,2.0,67.0,162.0,222.0,20.0,0.0,0.0,0.0,0.0,0.0,0.0,0.0,0.0,0.0,1.0,0.0,0.0,0.0,1.0,0.0,0.0,0.0,0.0,1.0,0.0,0.0,0.0,0.0,0.0,0.0,0.0,0.0,0.0,0.0,0.0,0.0,0.0,0.0,0.0,0.0,0.0,0.0,0.0,0.0,4.0,0.0,1.0,0.0,4.0,0.0,2.0,3.0,11.0,5.0,5.0,0.0,0.0,0.0,0.0,0.0,0.0,0.0,0.0,0.0,0.0,0.0,0.0,0.0,0.0,0.0,0.0,0.0,0.0,0.0,7.0,0.0,1.0,0.0,5.0,0.0,3.0,5.0,16.0,7.0,7.0
28,1.0,28.0,London_141,cons,151,453,1092.0,70.0,2.0,130011.0,0.6131750666536391,744.0,34.0,0.0,34.0,52.0,0.0,52.0,81.0,229.0,44.0,26.0,62.0,29.0,47.0,8.0,8.0,4.0,65.0,173.0,211.0,14.0,0.0,0.0,0.0,0.0,0.0,0.0,0.0,0.0,0.0,0.0,0.0,0.0,0.0,0.0,0.0,0.0,0.0,0.0,0.0,0.0,0.0,0.0,0.0,0.0,0.0,0.0,0.0,0.0,0.0,0.0,0.0,0.0,0.0,0.0,0.0,0.0,0.0,0.0,1.0,0.0,0.0,0.0,0.0,3.0,3.0,1.0,5.0,8.0,10.0,3.0,0.0,0.0,0.0,0.0,0.0,0.0,0.0,0.0,0.0,0.0,0.0,0.0,0.0,0.0,0.0,0.0,0.0,0.0,1.0,0.0,0.0,0.0,0.0,3.0,4.0,2.0,5.0,12.0,14.0,3.0
29,1.0,29.0,London_141,cons,151,453,1092.0,70.0,2.0,151755.0,1.0149967800825834,792.0,55.0,1.0,54.0,108.0,10.0,98.0,52.0,221.0,46.0,32.0,60.0,28.0,50.0,8.0,8.0,5.0,63.0,169.0,216.0,13.0,0.0,0.0,0.0,0.0,0.0,0.0,0.0,0.0,0.0,1.0,0.0,1.0,0.0,0.0,0.0,0.0,0.0,0.0,1.0,0.0,0.0,0.0,0.0,0.0,0.0,0.0,0.0,0.0,0.0,0.0,0.0,0.0,0.0,0.0,1.0,0.0,0.0,0.0,1.0,12.0,3.0,2.0,0.0,9.0,5.0,2.0,7.0,15.0,10.0,10.0,0.0,0.0,0.0,0.0,0.0,0.0,0.0,0.0,0.0,0.0,0.0,0.0,0.0,0.0,3.0,0.0,0.0,0.0,2.0,19.0,5.0,2.0,0.0,11.0,7.0,3.0,10.0,22.0,14.0,12.0
30,1.0,30.0,London_141,cons,151,453,1092.0,70.0,2.0,168516.0,1.1539338561706245,829.0,117.0,2.0,115.0,219.0,18.0,201.0,103.0,224.0,45.0,33.0,52.0,29.0,57.0,7.0,6.0,4.0,65.0,156.0,228.0,18.0,0.0,0.0,0.0,0.0,0.0,0.0,0.0,0.0,0.0,32.0,0.0,20.0,0.0,12.0,0.0,0.0,0.0,0.0,1.0,31.0,0.0,0.0,0.0,0.0,0.0,0.0,0.0,0.0,0.0,0.0,0.0,1.0,0.0,1.0,1.0,0.0,0.0,0.0,1.0,2.0,1.0,0.0,6.0,8.0,4.0,8.0,11.0,15.0,22.0,12.0,0.0,0.0,0.0,0.0,0.0,0.0,0.0,0.0,0.0,0.0,0.0,1.0,0.0,9.0,5.0,0.0,0.0,0.0,1.0,2.0,1.0,0.0,6.0,9.0,7.0,8.0,20.0,22.0,28.0,15.0
31,1.0,31.0,London_141,cons,151,453,1092.0,70.0,2.0,155379.0,0.7627412681467831,800.0,65.0,0.0,65.0,117.0,0.0,117.0,165.0,229.0,63.0,25.0,53.0,32.0,43.0,7.0,1.0,4.0,67.0,155.0,227.0,21.0,0.0,0.0,0.0,0.0,0.0,0.0,0.0,0.0,0.0,0.0,0.0,0.0,0.0,0.0,0.0,0.0,0.0,0.0,0.0,0.0,0.0,0.0,0.0,0.0,0.0,0.0,0.0,0.0,0.0,0.0,0.0,0.0,0.0,0.0,0.0,0.0,0.0,0.0,2.0,5.0,0.0,1.0,0.0,6.0,5.0,5.0,11.0,18.0,12.0,9.0,0.0,0.0,0.0,0.0,0.0,0.0,0.0,0.0,0.0,0.0,0.0,0.0,0.0,0.0,0.0,0.0,0.0,0.0,2.0,9.0,0.0,1.0,0.0,9.0,7.0,10.0,13.0,32.0,19.0,11.0
32,1.0,32.0,London_141,cons,151,453,1092.0,70.0,2.0,164892.0,0.898558999877423,821.0,116.0,2.0,114.0,211.0,19.0,192.0,118.0,236.0,59.0,28.0,46.0,33.0,46.0,3.0,2.0,6.0,71.0,161.0,215.0,18.0,0.0,0.0,0.0,0.0,0.0,0.0,0.0,0.0,0.0,20.0,0.0,9.0,1.0,9.0,0.0,1.0,0.0,0.0,2.0,18.0,0.0,0.0,0.0,0.0,0.0,0.0,0.0,0.0,0.0,0.0,0.0,0.0,0.0,0.0,1.0,0.0,0.0,0.0,3.0,1.0,2.0,0.0,12.0,8.0,6.0,10.0,9.0,18.0,15.0,16.0,0.0,0.0,0.0,0.0,0.0,0.0,0.0,0.0,0.0,0.0,0.0,0.0,0.0,0.0,1.0,0.0,0.0,0.0,4.0,1.0,2.0,0.0,13.0,10.0,8.0,17.0,15.0,30.0,20.0,22.0
33,1.0,33.0,London_141,cons,151,453,1092.0,70.0,2.0,160815.0,0.850187751930207,812.0,41.0,0.0,41.0,75.0,0.0,75.0,169.0,225.0,56.0,13.0,65.0,37.0,52.0,0.0,5.0,6.0,73.0,146.0,228.0,26.0,0.0,0.0,0.0,0.0,0.0,0.0,0.0,0.0,0.0,0.0,0.0,0.0,0.0,0.0,0.0,0.0,0.0,0.0,0.0,0.0,0.0,0.0,0.0,0.0,0.0,0.0,0.0,0.0,0.0,0.0,0.0,0.0,0.0,0.0,0.0,0.0,0.0,0.0,3.0,3.0,1.0,0.0,1.0,13.0,5.0,4.0,8.0,6.0,6.0,15.0,0.0,0.0,0.0,0.0,0.0,0.0,0.0,0.0,0.0,0.0,0.0,0.0,0.0,0.0,0.0,0.0,0.0,0.0,5.0,6.0,1.0,0.0,1.0,24.0,7.0,4.0,16.0,8.0,11.0,25.0
34,1.0,34.0,London_141,cons,151,453,1092.0,70.0,2.0,186183.0,1.1575382589362562,868.0,157.0,1.0,156.0,275.0,10.0,265.0,76.0,237.0,67.0,6.0,52.0,33.0,55.0,1.0,2.0,6.0,64.0,147.0,236.0,30.0,5.0,5.0,0.0,0.0,0.0,0.0,0.0,0.0,0.0,61.0,0.0,16.0,5.0,36.0,0.0,0.0,0.0,4.0,0.0,61.0,0.0,0.0,0.0,0.0,0.0,0.0,0.0,0.0,1.0,0.0,0.0,0.0,0.0,1.0,0.0,0.0,0.0,0.0,5.0,0.0,1.0,0.0,1.0,7.0,10.0,2.0,5.0,25.0,32.0,13.0,0.0,0.0,0.0,0.0,0.0,0.0,0.0,0.0,1.0,0.0,0.0,0.0,0.0,6.0,0.0,0.0,0.0,0.0,7.0,0.0,1.0,0.0,1.0,10.0,15.0,3.0,5.0,40.0,44.0,16.0
35,1.0,35.0,London_141,cons,151,453,1092.0,70.0,2.0,157191.0,0.9321256061084569,804.0,6.0,2.0,4.0,23.0,16.0,7.0,188.0,244.0,62.0,17.0,55.0,36.0,36.0,0.0,3.0,7.0,66.0,142.0,238.0,17.0,1.0,1.0,0.0,0.0,0.0,0.0,0.0,0.0,0.0,1.0,0.0,0.0,1.0,0.0,0.0,0.0,0.0,0.0,1.0,0.0,0.0,0.0,0.0,0.0,0.0,0.0,0.0,0.0,0.0,0.0,0.0,1.0,0.0,0.0,1.0,0.0,0.0,0.0,1.0,0.0,0.0,0.0,0.0,0.0,0.0,0.0,0.0,0.0,1.0,0.0,0.0,0.0,0.0,0.0,0.0,0.0,0.0,0.0,0.0,0.0,0.0,4.0,0.0,0.0,1.0,0.0,0.0,0.0,2.0,0.0,0.0,0.0,0.0,0.0,0.0,0.0,0.0,0.0,2.0,0.0
36,1.0,36.0,London_141,cons,151,453,1092.0,70.0,2.0,214269.0,1.7047497369349003,930.0,179.0,1.0,178.0,311.0,11.0,300.0,23.0,246.0,70.0,11.0,58.0,32.0,35.0,0.0,1.0,6.0,66.0,133.0,248.0,14.0,1.0,1.0,0.0,0.0,0.0,0.0,0.0,0.0,0.0,61.0,0.0,18.0,3.0,30.0,0.0,0.0,3.0,7.0,1.0,60.0,0.0,0.0,0.0,0.0,0.0,0.0,0.0,0.0,0.0,0.0,0.0,0.0,0.0,0.0,0.0,0.0,0.0,0.0,5.0,4.0,0.0,1.0,7.0,21.0,12.0,4.0,17.0,30.0,22.0,32.0,0.0,0.0,0.0,0.0,0.0,0.0,0.0,0.0,0.0,0.0,0.0,0.0,0.0,0.0,0.0,0.0,0.0,0.0,5.0,4.0,0.0,1.0,8.0,29.0,20.0,6.0,23.0,43.0,30.0,45.0
37,1.0,37.0,London_141,cons,151,453,1092.0,70.0,2.0,165798.0,0.8934998451732099,823.0,104.0,0.0,104.0,171.0,0.0,171.0,205.0,245.0,71.0,14.0,62.0,35.0,19.0,0.0,7.0,7.0,66.0,141.0,239.0,31.0,0.0,0.0,0.0,0.0,0.0,0.0,0.0,0.0,0.0,8.0,0.0,6.0,0.0,0.0,0.0,0.0,1.0,1.0,0.0,8.0,0.0,0.0,0.0,0.0,0.0,0.0,0.0,0.0,0.0,0.0,0.0,0.0,0.0,0.0,0.0,0.0,0.0,0.0,1.0,11.0,2.0,2.0,4.0,4.0,21.0,10.0,11.0,24.0,20.0,23.0,0.0,0.0,0.0,0.0,0.0,0.0,0.0,0.0,0.0,0.0,0.0,0.0,0.0,0.0,0.0,0.0,0.0,0.0,1.0,12.0,2.0,2.0,4.0,7.0,27.0,11.0,17.0,35.0,25.0,33.0
38,1.0,38.0,London_141,cons,151,453,1092.0,70.0,2.0,149490.0,0.7510094568133354,787.0,145.0,0.0,145.0,260.0,0.0,260.0,160.0,255.0,58.0,14.0,55.0,36.0,34.0,1.0,0.0,6.0,71.0,137.0,239.0,23.0,0.0,0.0,0.0,0.0,0.0,0.0,0.0,0.0,0.0,63.0,0.0,16.0,4.0,38.0,0.0,0.0,1.0,4.0,0.0,63.0,0.0,0.0,0.0,0.0,0.0,0.0,0.0,0.0,0.0,0.0,0.0,0.0,0.0,0.0,0.0,0.0,0.0,0.0,7.0,9.0,2.0,5.0,1.0,29.0,8.0,11.0,13.0,16.0,33.0,19.0,0.0,0.0,0.0,0.0,0.0,0.0,0.0,0.0,0.0,0.0,0.0,0.0,0.0,0.0,0.0,0.0,0.0,0.0,11.0,11.0,2.0,6.0,1.0,41.0,14.0,15.0,17.0,24.0,46.0,28.0
39,1.0,39.0,London_141,cons,151,453,1092.0,70.0,2.0,113250.0,0.501933017745614,707.0,45.0,0.0,45.0,77.0,0.0,77.0,175.0,253.0,74.0,12.0,58.0,33.0,18.0,0.0,5.0,8.0,74.0,150.0,221.0,24.0,3.0,3.0,0.0,0.0,0.0,0.0,0.0,0.0,0.0,1.0,0.0,0.0,0.0,1.0,0.0,0.0,0.0,0.0,0.0,1.0,0.0,0.0,0.0,0.0,0.0,0.0,0.0,0.0,0.0,0.0,0.0,0.0,0.0,0.0,0.0,0.0,0.0,0.0,5.0,2.0,3.0,0.0,2.0,4.0,12.0,6.0,6.0,7.0,11.0,14.0,0.0,0.0,0.0,0.0,0.0,0.0,0.0,0.0,0.0,0.0,0.0,0.0,0.0,0.0,0.0,0.0,0.0,0.0,5.0,3.0,4.0,0.0,2.0,9.0,13.0,10.0,7.0,9.0,16.0,21.0
40,1.0,40.0,London_141,cons,151,453,1092.0,70.0,2.0,129105.0,0.6599605190567672,742.0,16.0,2.0,14.0,41.0,18.0,23.0,81.0,254.0,89.0,10.0,54.0,30.0,15.0,0.0,1.0,8.0,64.0,163.0,218.0,31.0,0.0,0.0,0.0,0.0,0.0,0.0,0.0,0.0,0.0,2.0,0.0,0.0,0.0,2.0,0.0,0.0,0.0,0.0,2.0,0.0,0.0,0.0,0.0,0.0,0.0,0.0,0.0,0.0,0.0,1.0,0.0,1.0,1.0,1.0,1.0,0.0,0.0,0.0,0.0,0.0,0.0,0.0,0.0,0.0,3.0,0.0,0.0,5.0,5.0,1.0,0.0,0.0,0.0,0.0,0.0,0.0,0.0,0.0,0.0,2.0,0.0,2.0,4.0,2.0,2.0,0.0,0.0,0.0,0.0,0.0,0.0,0.0,0.0,0.0,3.0,0.0,0.0,8.0,8.0,1.0
41,1.0,41.0,London_141,cons,151,453,1092.0,70.0,2.0,155832.0,0.7842926471494138,801.0,90.0,2.0,88.0,180.0,19.0,161.0,30.0,256.0,95.0,12.0,42.0,30.0,16.0,0.0,2.0,8.0,62.0,163.0,220.0,26.0,0.0,0.0,0.0,0.0,0.0,0.0,0.0,0.0,0.0,9.0,0.0,1.0,0.0,1.0,0.0,0.0,2.0,5.0,1.0,8.0,0.0,0.0,0.0,0.0,0.0,0.0,0.0,0.0,0.0,0.0,0.0,1.0,1.0,0.0,1.0,0.0,0.0,0.0,1.0,3.0,2.0,0.0,3.0,8.0,8.0,3.0,4.0,11.0,16.0,5.0,0.0,0.0,0.0,0.0,0.0,0.0,0.0,0.0,0.0,0.0,0.0,3.0,5.0,0.0,2.0,0.0,0.0,0.0,1.0,3.0,2.0,0.0,3.0,10.0,8.0,5.0,7.0,17.0,25.0,6.0
42,1.0,42.0,London_141,cons,151,453,1092.0,70.0,2.0,159003.0,0.9337921221740544,808.0,137.0,2.0,135.0,259.0,18.0,241.0,163.0,256.0,94.0,17.0,48.0,20.0,16.0,0.0,2.0,8.0,75.0,140.0,230.0,37.0,0.0,0.0,0.0,0.0,0.0,0.0,0.0,0.0,0.0,37.0,0.0,3.0,4.0,24.0,0.0,1.0,2.0,3.0,2.0,35.0,0.0,0.0,0.0,0.0,0.0,0.0,0.0,0.0,0.0,1.0,0.0,1.0,0.0,0.0,1.0,0.0,0.0,0.0,1.0,8.0,1.0,2.0,4.0,19.0,2.0,14.0,8.0,19.0,23.0,15.0,0.0,0.0,0.0,0.0,0.0,0.0,0.0,0.0,0.0,2.0,0.0,1.0,0.0,0.0,1.0,0.0,0.0,0.0,1.0,11.0,1.0,2.0,5.0,27.0,3.0,18.0,13.0,30.0,37.0,20.0
43,1.0,43.0,London_141,cons,151,453,1092.0,70.0,2.0,137259.0,0.7074061627499759,760.0,49.0,2.0,47.0,106.0,20.0,86.0,196.0,270.0,76.0,15.0,53.0,18.0,16.0,0.0,5.0,5.0,70.0,134.0,244.0,19.0,1.0,1.0,0.0,0.0,0.0,0.0,0.0,0.0,0.0,2.0,0.0,0.0,1.0,0.0,0.0,0.0,1.0,0.0,1.0,1.0,0.0,0.0,0.0,0.0,0.0,0.0,0.0,0.0,2.0,0.0,0.0,0.0,0.0,0.0,2.0,0.0,0.0,0.0,0.0,2.0,0.0,0.0,1.0,6.0,5.0,1.0,4.0,9.0,10.0,9.0,0.0,0.0,0.0,0.0,0.0,0.0,0.0,0.0,2.0,0.0,0.0,0.0,0.0,0.0,9.0,0.0,0.0,0.0,0.0,2.0,0.0,0.0,1.0,9.0,9.0,1.0,6.0,17.0,12.0,9.0
44,1.0,44.0,London_141,cons,151,453,1092.0,70.0,2.0,156738.0,0.8191327778622508,803.0,36.0,0.0,36.0,54.0,0.0,54.0,99.0,276.0,76.0,11.0,42.0,21.0,23.0,0.0,4.0,8.0,63.0,136.0,246.0,27.0,1.0,1.0,0.0,0.0,0.0,0.0,0.0,0.0,0.0,1.0,0.0,0.0,0.0,0.0,0.0,0.0,1.0,0.0,0.0,1.0,0.0,0.0,0.0,0.0,0.0,0.0,0.0,0.0,0.0,0.0,0.0,0.0,0.0,0.0,0.0,0.0,0.0,0.0,5.0,2.0,1.0,1.0,2.0,9.0,2.0,4.0,5.0,5.0,12.0,8.0,0.0,0.0,0.0,0.0,0.0,0.0,0.0,0.0,0.0,0.0,0.0,0.0,0.0,0.0,0.0,0.0,0.0,0.0,6.0,4.0,1.0,2.0,2.0,12.0,3.0,4.0,6.0,7.0,15.0,8.0
45,1.0,45.0,London_141,cons,151,453,1092.0,70.0,2.0,184824.0,0.9672553921118379,865.0,149.0,0.0,149.0,248.0,0.0,248.0,55.0,275.0,74.0,12.0,46.0,20.0,22.0,0.0,4.0,8.0,68.0,134.0,243.0,27.0,0.0,0.0,0.0,0.0,0.0,0.0,0.0,0.0,0.0,50.0,0.0,5.0,6.0,37.0,0.0,0.0,1.0,1.0,0.0,50.0,0.0,0.0,0.0,0.0,0.0,0.0,0.0,0.0,0.0,0.0,0.0,0.0,0.0,0.0,0.0,0.0,0.0,0.0,5.0,13.0,2.0,1.0,7.0,14.0,13.0,7.0,14.0,20.0,28.0,28.0,0.0,0.0,0.0,0.0,0.0,0.0,0.0,0.0,0.0,0.0,0.0,0.0,0.0,0.0,0.0,0.0,0.0,0.0,6.0,24.0,2.0,2.0,7.0,16.0,18.0,7.0,21.0,31.0,42.0,34.0
46,1.0,46.0,London_141,cons,151,453,1092.0,70.0,2.0,153567.0,0.8164135599508882,796.0,81.0,0.0,81.0,135.0,0.0,135.0,170.0,281.0,75.0,13.0,39.0,20.0,18.0,3.0,4.0,4.0,64.0,148.0,237.0,17.0,3.0,3.0,0.0,0.0,0.0,0.0,0.0,0.0,0.0,5.0,0.0,0.0,0.0,1.0,0.0,0.0,0.0,4.0,0.0,5.0,0.0,0.0,0.0,0.0,0.0,0.0,0.0,0.0,0.0,0.0,0.0,0.0,0.0,0.0,0.0,0.0,0.0,0.0,6.0,12.0,2.0,0.0,6.0,16.0,8.0,9.0,19.0,13.0,10.0,17.0,0.0,0.0,0.0,0.0,0.0,0.0,0.0,0.0,0.0,0.0,0.0,0.0,0.0,0.0,0.0,0.0,0.0,0.0,7.0,16.0,2.0,0.0,7.0,20.0,11.0,14.0,26.0,17.0,12.0,23.0
47,1.0,47.0,London_141,cons,151,453,1092.0,70.0,2.0,145413.0,0.7754046027548611,778.0,19.0,1.0,18.0,39.0,10.0,29.0,132.0,279.0,69.0,19.0,42.0,24.0,16.0,0.0,4.0,5.0,62.0,156.0,230.0,27.0,0.0,0.0,0.0,0.0,0.0,0.0,0.0,0.0,0.0,0.0,0.0,0.0,0.0,0.0,0.0,0.0,0.0,0.0,0.0,0.0,0.0,0.0,0.0,0.0,0.0,0.0,0.0,0.0,0.0,0.0,0.0,0.0,0.0,0.0,1.0,0.0,0.0,0.0,3.0,2.0,1.0,0.0,1.0,4.0,0.0,2.0,1.0,4.0,4.0,9.0,0.0,0.0,0.0,0.0,0.0,0.0,0.0,0.0,0.0,0.0,0.0,0.0,0.0,0.0,3.0,0.0,0.0,0.0,4.0,4.0,1.0,0.0,1.0,6.0,0.0,2.0,3.0,5.0,6.0,15.0
48,1.0,48.0,London_141,cons,151,453,1092.0,70.0,2.0,179388.0,1.048785287886858,853.0,111.0,1.0,110.0,215.0,9.0,206.0,41.0,284.0,79.0,15.0,24.0,26.0,18.0,0.0,7.0,6.0,64.0,151.0,232.0,26.0,2.0,2.0,0.0,0.0,0.0,0.0,0.0,0.0,0.0,28.0,0.0,0.0,1.0,25.0,0.0,0.0,1.0,1.0,1.0,27.0,0.0,0.0,0.0,0.0,0.0,0.0,0.0,0.0,1.0,0.0,0.0,0.0,0.0,1.0,0.0,0.0,0.0,0.0,1.0,2.0,0.0,2.0,3.0,5.0,12.0,3.0,6.0,9.0,18.0,14.0,0.0,0.0,0.0,0.0,0.0,0.0,0.0,0.0,2.0,0.0,0.0,0.0,0.0,3.0,0.0,0.0,0.0,0.0,2.0,3.0,0.0,4.0,3.0,6.0,14.0,4.0,6.0,12.0,28.0,20.0
49,1.0,49.0,London_141,cons,151,453,1092.0,70.0,2.0,160815.0,0.9066184968687594,812.0,145.0,0.0,145.0,261.0,0.0,261.0,157.0,287.0,52.0,11.0,53.0,18.0,30.0,1.0,1.0,4.0,62.0,150.0,237.0,22.0,2.0,2.0,0.0,0.0,0.0,0.0,0.0,0.0,0.0,66.0,0.0,19.0,5.0,34.0,0.0,0.0,0.0,8.0,0.0,66.0,0.0,0.0,0.0,0.0,0.0,0.0,0.0,0.0,0.0,0.0,0.0,0.0,0.0,0.0,0.0,0.0,0.0,0.0,0.0,3.0,3.0,0.0,0.0,3.0,5.0,1.0,2.0,17.0,26.0,11.0,0.0,0.0,0.0,0.0,0.0,0.0,0.0,0.0,0.0,0.0,0.0,0.0,0.0,0.0,0.0,0.0,0.0,0.0,0.0,4.0,4.0,0.0,0.0,4.0,8.0,1.0,2.0,27.0,31.0,15.0
50,1.0,50.0,London_141,cons,151,453,1092.0,70.0,2.0,130464.0,0.6532200672663748,745.0,69.0,0.0,69.0,117.0,0.0,117.0,162.0,286.0,55.0,16.0,49.0,20.0,22.0,2.0,3.0,7.0,62.0,143.0,241.0,17.0,2.0,2.0,0.0,0.0,0.0,0.0,0.0,0.0,0.0,0.0,0.0,0.0,0.0,0.0,0.0,0.0,0.0,0.0,0.0,0.0,0.0,0.0,0.0,0.0,0.0,0.0,0.0,0.0,0.0,0.0,0.0,0.0,0.0,0.0,0.0,0.0,0.0,0.0,3.0,0.0,1.0,3.0,0.0,2.0,7.0,5.0,6.0,13.0,21.0,14.0,0.0,0.0,0.0,0.0,0.0,0.0,0.0,0.0,0.0,0.0,0.0,0.0,0.0,0.0,0.0,0.0,0.0,0.0,5.0,0.0,1.0,9.0,0.0,3.0,10.0,9.0,7.0,18.0,32.0,18.0
51,1.0,51.0,London_141,cons,151,453,1092.0,70.0,2.0,138165.0,0.6878753090277314,762.0,60.0,2.0,58.0,114.0,18.0,96.0,121.0,286.0,48.0,15.0,54.0,19.0,26.0,1.0,4.0,8.0,59.0,160.0,226.0,19.0,0.0,0.0,0.0,0.0,0.0,0.0,0.0,0.0,0.0,1.0,0.0,0.0,0.0,0.0,0.0,1.0,0.0,0.0,1.0,0.0,0.0,0.0,0.0,0.0,0.0,0.0,0.0,0.0,1.0,0.0,0.0,1.0,0.0,1.0,0.0,0.0,0.0,0.0,6.0,0.0,0.0,1.0,0.0,4.0,4.0,4.0,5.0,8.0,17.0,9.0,0.0,0.0,0.0,0.0,0.0,0.0,0.0,0.0,2.0,0.0,0.0,1.0,0.0,6.0,0.0,0.0,0.0,0.0,8.0,0.0,0.0,1.0,0.0,5.0,5.0,5.0,5.0,13.0,23.0,10.0
52,1.0,52.0,London_141,cons,151,453,1092.0,70.0,2.0,150849.0,0.8513988903723657,790.0,105.0,2.0,103.0,197.0,18.0,179.0,111.0,294.0,62.0,11.0,48.0,6.0,29.0,2.0,1.0,7.0,66.0,150.0,230.0,16.0,3.0,3.0,0.0,0.0,0.0,0.0,0.0,0.0,0.0,31.0,0.0,0.0,1.0,23.0,0.0,2.0,0.0,5.0,2.0,29.0,0.0,0.0,0.0,0.0,0.0,0.0,0.0,0.0,1.0,0.0,0.0,0.0,0.0,0.0,1.0,0.0,0.0,0.0,1.0,0.0,1.0,2.0,3.0,10.0,7.0,2.0,10.0,14.0,16.0,13.0,0.0,0.0,0.0,0.0,0.0,0.0,0.0,0.0,2.0,0.0,0.0,0.0,0.0,0.0,6.0,0.0,0.0,0.0,3.0,0.0,1.0,2.0,3.0,11.0,8.0,2.0,14.0,23.0,22.0,15.0
53,1.0,53.0,London_141,cons,151,453,1092.0,70.0,2.0,138618.0,0.730427626054734,763.0,2.0,0.0,2.0,2.0,0.0,2.0,149.0,298.0,78.0,7.0,35.0,5.0,26.0,0.0,4.0,7.0,59.0,136.0,251.0,26.0,5.0,5.0,0.0,0.0,0.0,0.0,0.0,0.0,0.0,0.0,0.0,0.0,0.0,0.0,0.0,0.0,0.0,0.0,0.0,0.0,0.0,0.0,0.0,0.0,0.0,0.0,0.0,0.0,0.0,0.0,0.0,0.0,0.0,0.0,0.0,0.0,0.0,0.0,1.0,0.0,1.0,0.0,0.0,2.0,0.0,1.0,0.0,0.0,1.0,0.0,0.0,0.0,0.0,0.0,0.0,0.0,0.0,0.0,0.0,0.0,0.0,0.0,0.0,0.0,0.0,0.0,0.0,0.0,1.0,0.0,1.0,0.0,0.0,2.0,0.0,1.0,0.0,0.0,1.0,0.0
54,1.0,54.0,London_141,cons,151,453,1092.0,70.0,2.0,183012.0,1.1259291488677263,861.0,118.0,0.0,118.0,202.0,0.0,202.0,7.0,295.0,81.0,7.0,34.0,5.0,27.0,0.0,4.0,7.0,60.0,137.0,249.0,27.0,1.0,1.0,0.0,0.0,0.0,0.0,0.0,0.0,0.0,23.0,0.0,0.0,4.0,19.0,0.0,0.0,0.0,0.0,0.0,23.0,0.0,0.0,0.0,0.0,0.0,0.0,0.0,0.0,0.0,0.0,0.0,0.0,0.0,0.0,0.0,0.0,0.0,0.0,12.0,7.0,5.0,1.0,11.0,14.0,15.0,13.0,10.0,25.0,19.0,22.0,0.0,0.0,0.0,0.0,0.0,0.0,0.0,0.0,0.0,0.0,0.0,0.0,0.0,0.0,0.0,0.0,0.0,0.0,14.0,10.0,6.0,2.0,11.0,17.0,22.0,21.0,11.0,41.0,24.0,29.0
55,1.0,55.0,London_141,cons,151,453,1092.0,70.0,2.0,171687.0,1.0573611008003354,836.0,92.0,2.0,90.0,163.0,20.0,143.0,170.0,298.0,69.0,8.0,53.0,5.0,11.0,0.0,9.0,10.0,72.0,135.0,236.0,25.0,3.0,3.0,0.0,0.0,0.0,0.0,0.0,0.0,0.0,5.0,0.0,1.0,0.0,0.0,3.0,1.0,0.0,0.0,2.0,3.0,0.0,0.0,0.0,0.0,0.0,0.0,0.0,0.0,1.0,0.0,0.0,0.0,0.0,0.0,1.0,0.0,0.0,0.0,5.0,5.0,2.0,1.0,3.0,9.0,6.0,7.0,14.0,21.0,20.0,20.0,0.0,0.0,0.0,0.0,0.0,0.0,0.0,0.0,2.0,0.0,0.0,0.0,0.0,0.0,1.0,0.0,0.0,0.0,6.0,6.0,2.0,2.0,3.0,12.0,11.0,8.0,19.0,27.0,29.0,25.0
56,1.0,56.0,London_141,cons,151,453,1092.0,70.0,2.0,162627.0,1.2003116812556982,816.0,97.0,2.0,95.0,182.0,21.0,161.0,148.0,308.0,65.0,12.0,46.0,2.0,13.0,0.0,7.0,6.0,57.0,144.0,246.0,27.0,6.0,6.0,0.0,0.0,0.0,0.0,0.0,0.0,0.0,22.0,0.0,0.0,2.0,19.0,1.0,0.0,0.0,0.0,2.0,20.0,0.0,0.0,0.0,0.0,0.0,0.0,0.0,0.0,0.0,0.0,0.0,0.0,0.0,0.0,0.0,0.0,0.0,0.0,6.0,0.0,6.0,3.0,6.0,13.0,7.0,4.0,10.0,21.0,26.0,23.0,0.0,0.0,0.0,0.0,0.0,0.0,0.0,0.0,0.0,0.0,0.0,0.0,0.0,0.0,0.0,0.0,0.0,0.0,8.0,0.0,6.0,6.0,7.0,18.0,11.0,4.0,13.0,31.0,36.0,31.0
57,1.0,57.0,London_141,cons,151,453,1092.0,70.0,2.0,160362.0,0.8929818999022245,811.0,134.0,0.0,134.0,219.0,0.0,219.0,145.0,314.0,67.0,9.0,36.0,3.0,15.0,0.0,9.0,5.0,68.0,142.0,238.0,23.0,2.0,2.0,0.0,0.0,0.0,0.0,0.0,0.0,0.0,42.0,0.0,12.0,5.0,21.0,0.0,0.0,1.0,3.0,0.0,42.0,0.0,0.0,0.0,0.0,0.0,0.0,0.0,0.0,0.0,0.0,0.0,0.0,0.0,0.0,0.0,0.0,0.0,0.0,7.0,7.0,2.0,1.0,9.0,15.0,5.0,13.0,13.0,21.0,27.0,22.0,0.0,0.0,0.0,0.0,0.0,0.0,0.0,0.0,0.0,0.0,0.0,0.0,0.0,0.0,0.0,0.0,0.0,0.0,10.0,10.0,2.0,1.0,10.0,19.0,9.0,20.0,20.0,31.0,35.0,28.0
58,1.0,58.0,London_141,cons,151,453,1092.0,70.0,2.0,133182.0,0.703215894754976,751.0,46.0,2.0,44.0,97.0,21.0,76.0,165.0,304.0,57.0,9.0,51.0,5.0,22.0,2.0,3.0,4.0,66.0,142.0,241.0,15.0,0.0,0.0,0.0,0.0,0.0,0.0,0.0,0.0,0.0,2.0,0.0,0.0,0.0,0.0,0.0,2.0,0.0,0.0,2.0,0.0,0.0,0.0,0.0,0.0,0.0,0.0,0.0,0.0,2.0,0.0,0.0,0.0,0.0,0.0,0.0,0.0,0.0,0.0,2.0,0.0,1.0,0.0,0.0,5.0,4.0,0.0,2.0,6.0,10.0,2.0,0.0,0.0,0.0,0.0,0.0,0.0,0.0,0.0,3.0,0.0,0.0,0.0,0.0,0.0,0.0,0.0,0.0,0.0,2.0,0.0,1.0,0.0,0.0,7.0,5.0,0.0,3.0,12.0,17.0,4.0
59,1.0,59.0,London_141,cons,151,453,1092.0,70.0,2.0,152208.0,0.8376211067661643,793.0,90.0,0.0,90.0,165.0,0.0,165.0,84.0,317.0,64.0,10.0,42.0,4.0,13.0,1.0,2.0,6.0,63.0,138.0,246.0,10.0,6.0,6.0,0.0,0.0,0.0,0.0,0.0,0.0,0.0,26.0,0.0,0.0,0.0,26.0,0.0,0.0,0.0,0.0,0.0,26.0,0.0,0.0,0.0,0.0,0.0,0.0,0.0,0.0,0.0,0.0,0.0,0.0,0.0,0.0,0.0,0.0,0.0,0.0,4.0,13.0,4.0,2.0,1.0,17.0,11.0,16.0,12.0,17.0,11.0,15.0,0.0,0.0,0.0,0.0,0.0,0.0,0.0,0.0,0.0,0.0,0.0,0.0,0.0,0.0,0.0,0.0,0.0,0.0,8.0,19.0,4.0,2.0,1.0,21.0,19.0,27.0,16.0,26.0,15.0,23.0
60,1.0,60.0,London_141,cons,151,453,1092.0,70.0,2.0,149943.0,0.8388585010543466,788.0,79.0,0.0,79.0,151.0,0.0,151.0,133.0,312.0,66.0,17.0,32.0,5.0,12.0,2.0,7.0,4.0,70.0,138.0,241.0,15.0,2.0,2.0,0.0,0.0,0.0,0.0,0.0,0.0,0.0,18.0,0.0,0.0,0.0,18.0,0.0,0.0,0.0,0.0,0.0,18.0,0.0,0.0,0.0,0.0,0.0,0.0,0.0,0.0,0.0,0.0,0.0,0.0,0.0,0.0,0.0,0.0,0.0,0.0,7.0,8.0,7.0,4.0,2.0,18.0,10.0,9.0,13.0,10.0,18.0,16.0,0.0,0.0,0.0,0.0,0.0,0.0,0.0,0.0,0.0,0.0,0.0,0.0,0.0,0.0,0.0,0.0,0.0,0.0,8.0,15.0,8.0,6.0,2.0,26.0,15.0,10.0,19.0,13.0,33.0,20.0
61,1.0,61.0,London_141,cons,151,453,1092.0,70.0,2.0,151755.0,0.8164968839846551,792.0,116.0,1.0,115.0,206.0,8.0,198.0,119.0,319.0,66.0,19.0,36.0,4.0,6.0,0.0,3.0,4.0,69.0,140.0,240.0,14.0,1.0,1.0,0.0,0.0,0.0,0.0,0.0,0.0,0.0,50.0,0.0,18.0,0.0,28.0,0.0,0.0,3.0,1.0,1.0,49.0,0.0,0.0,0.0,0.0,0.0,0.0,0.0,0.0,0.0,0.0,0.0,0.0,0.0,1.0,0.0,0.0,0.0,0.0,8.0,9.0,2.0,1.0,8.0,20.0,8.0,14.0,13.0,12.0,20.0,18.0,0.0,0.0,0.0,0.0,0.0,0.0,0.0,0.0,0.0,0.0,0.0,0.0,0.0,2.0,0.0,0.0,0.0,0.0,11.0,12.0,2.0,1.0,8.0,31.0,9.0,16.0,20.0,13.0,30.0,20.0
62,1.0,62.0,London_141,cons,151,453,1092.0,70.0,2.0,138165.0,0.9577740193344653,762.0,19.0,2.0,17.0,44.0,15.0,29.0,134.0,334.0,51.0,13.0,38.0,6.0,9.0,1.0,1.0,4.0,67.0,151.0,231.0,15.0,0.0,0.0,0.0,0.0,0.0,0.0,0.0,0.0,0.0,2.0,0.0,0.0,0.0,0.0,0.0,2.0,0.0,0.0,2.0,0.0,0.0,0.0,0.0,0.0,0.0,0.0,0.0,0.0,2.0,0.0,0.0,2.0,1.0,0.0,0.0,0.0,0.0,0.0,2.0,0.0,0.0,0.0,0.0,4.0,2.0,0.0,1.0,4.0,3.0,2.0,0.0,0.0,0.0,0.0,0.0,0.0,0.0,0.0,3.0,0.0,0.0,2.0,4.0,0.0,0.0,0.0,0.0,0.0,3.0,0.0,0.0,0.0,0.0,5.0,4.0,0.0,1.0,5.0,5.0,4.0
63,1.0,63.0,London_141,cons,151,453,1092.0,70.0,2.0,168063.0,0.9722790718078613,828.0,143.0,0.0,143.0,234.0,0.0,234.0,35.0,339.0,60.0,14.0,33.0,2.0,3.0,1.0,1.0,5.0,66.0,147.0,235.0,19.0,0.0,0.0,0.0,0.0,0.0,0.0,0.0,0.0,0.0,71.0,0.0,7.0,4.0,43.0,0.0,12.0,0.0,5.0,0.0,71.0,0.0,0.0,0.0,0.0,0.0,0.0,0.0,0.0,0.0,0.0,0.0,0.0,0.0,0.0,0.0,0.0,0.0,0.0,7.0,11.0,2.0,3.0,9.0,13.0,12.0,13.0,12.0,14.0,22.0,16.0,0.0,0.0,0.0,0.0,0.0,0.0,0.0,0.0,0.0,0.0,0.0,0.0,0.0,0.0,0.0,0.0,0.0,0.0,7.0,15.0,2.0,4.0,9.0,18.0,15.0,21.0,15.0,20.0,30.0,18.0
64,1.0,64.0,London_141,cons,151,453,1092.0,70.0,2.0,135900.0,0.7711086990311742,757.0,15.0,2.0,13.0,39.0,18.0,21.0,127.0,336.0,44.0,13.0,40.0,4.0,13.0,0.0,3.0,5.0,75.0,141.0,232.0,16.0,3.0,3.0,0.0,0.0,0.0,0.0,0.0,0.0,0.0,2.0,0.0,0.0,0.0,0.0,0.0,2.0,0.0,0.0,2.0,0.0,0.0,0.0,0.0,0.0,0.0,0.0,0.0,0.0,1.0,0.0,0.0,0.0,0.0,0.0,0.0,0.0,0.0,0.0,1.0,0.0,1.0,1.0,0.0,3.0,3.0,2.0,2.0,3.0,2.0,3.0,0.0,0.0,0.0,0.0,0.0,0.0,0.0,0.0,2.0,0.0,0.0,0.0,0.0,0.0,0.0,0.0,0.0,0.0,2.0,0.0,1.0,2.0,0.0,4.0,5.0,3.0,3.0,3.0,2.0,4.0
65,1.0,65.0,London_141,cons,151,453,1092.0,70.0,2.0,163533.0,0.9240238131023943,818.0,132.0,2.0,130.0,232.0,16.0,216.0,29.0,337.0,48.0,15.0,41.0,0.0,10.0,0.0,2.0,5.0,72.0,149.0,227.0,17.0,4.0,4.0,0.0,0.0,0.0,0.0,0.0,0.0,0.0,65.0,0.0,22.0,0.0,29.0,1.0,8.0,0.0,5.0,2.0,63.0,0.0,0.0,0.0,0.0,0.0,0.0,0.0,0.0,0.0,0.0,0.0,0.0,0.0,0.0,0.0,0.0,0.0,0.0,6.0,8.0,6.0,1.0,4.0,16.0,8.0,18.0,24.0,11.0,20.0,18.0,0.0,0.0,0.0,0.0,0.0,0.0,0.0,0.0,0.0,0.0,0.0,0.0,0.0,0.0,0.0,0.0,0.0,0.0,8.0,12.0,7.0,1.0,4.0,19.0,10.0,23.0,32.0,17.0,26.0,24.0
66,1.0,66.0,London_141,cons,151,453,1092.0,70.0,2.0,146319.0,0.917178685311228,780.0,64.0,2.0,62.0,127.0,19.0,108.0,125.0,331.0,45.0,19.0,39.0,5.0,11.0,0.0,3.0,3.0,64.0,141.0,245.0,19.0,6.0,6.0,0.0,0.0,0.0,0.0,0.0,0.0,0.0,10.0,0.0,8.0,0.0,0.0,0.0,2.0,0.0,0.0,2.0,8.0,0.0,0.0,0.0,0.0,0.0,0.0,0.0,0.0,1.0,0.0,0.0,0.0,0.0,0.0,0.0,0.0,0.0,0.0,1.0,3.0,0.0,1.0,3.0,3.0,10.0,3.0,2.0,10.0,14.0,4.0,0.0,0.0,0.0,0.0,0.0,0.0,0.0,0.0,3.0,0.0,0.0,0.0,0.0,0.0,0.0,0.0,0.0,0.0,2.0,5.0,0.0,2.0,3.0,3.0,13.0,4.0,2.0,17.0,23.0,5.0
67,1.0,67.0,London_141,cons,151,453,1092.0,70.0,2.0,158097.0,0.8556306618265808,806.0,101.0,0.0,101.0,174.0,0.0,174.0,109.0,328.0,37.0,18.0,39.0,8.0,19.0,1.0,3.0,5.0,66.0,138.0,244.0,18.0,1.0,1.0,0.0,0.0,0.0,0.0,0.0,0.0,0.0,33.0,0.0,17.0,0.0,16.0,0.0,0.0,0.0,0.0,0.0,33.0,0.0,0.0,0.0,0.0,0.0,0.0,0.0,0.0,0.0,0.0,0.0,0.0,0.0,0.0,0.0,0.0,0.0,0.0,6.0,8.0,4.0,1.0,6.0,25.0,3.0,17.0,14.0,19.0,17.0,20.0,0.0,0.0,0.0,0.0,0.0,0.0,0.0,0.0,0.0,0.0,0.0,0.0,0.0,0.0,0.0,0.0,0.0,0.0,7.0,8.0,4.0,2.0,6.0,31.0,6.0,22.0,21.0,32.0,23.0,25.0
68,1.0,68.0,London_141,cons,151,453,1092.0,70.0,2.0,163533.0,0.9254162749275565,818.0,58.0,0.0,58.0,99.0,0.0,99.0,130.0,320.0,47.0,26.0,37.0,6.0,15.0,0.0,2.0,4.0,62.0,144.0,243.0,17.0,3.0,3.0,0.0,0.0,0.0,0.0,0.0,0.0,0.0,5.0,0.0,0.0,0.0,0.0,0.0,0.0,1.0,4.0,0.0,5.0,0.0,0.0,0.0,0.0,0.0,0.0,0.0,0.0,0.0,0.0,0.0,0.0,0.0,0.0,0.0,0.0,0.0,0.0,3.0,1.0,3.0,2.0,1.0,7.0,5.0,2.0,8.0,13.0,10.0,15.0,0.0,0.0,0.0,0.0,0.0,0.0,0.0,0.0,0.0,0.0,0.0,0.0,0.0,0.0,0.0,0.0,0.0,0.0,4.0,1.0,6.0,2.0,1.0,9.0,7.0,2.0,15.0,19.0,17.0,20.0
69,1.0,69.0,London_141,cons,151,453,1092.0,70.0,2.0,178935.0,1.1623728852719069,852.0,87.0,1.0,86.0,157.0,9.0,148.0,95.0,320.0,41.0,27.0,47.0,8.0,7.0,1.0,2.0,8.0,69.0,141.0,235.0,18.0,8.0,8.0,0.0,0.0,0.0,0.0,0.0,0.0,0.0,23.0,0.0,8.0,0.0,12.0,0.0,3.0,0.0,0.0,1.0,22.0,0.0,0.0,0.0,0.0,0.0,0.0,0.0,0.0,1.0,0.0,0.0,0.0,0.0,1.0,1.0,0.0,0.0,0.0,2.0,7.0,0.0,1.0,0.0,3.0,5.0,5.0,4.0,12.0,17.0,15.0,0.0,0.0,0.0,0.0,0.0,0.0,0.0,0.0,2.0,0.0,0.0,0.0,0.0,4.0,2.0,0.0,0.0,0.0,2.0,7.0,0.0,1.0,0.0,4.0,8.0,5.0,4.0,16.0,23.0,18.0
70,1.0,70.0,London_141,cons,151,453,1092.0,70.0,2.0,176217.0,0.885650543961674,846.0,104.0,2.0,102.0,191.0,17.0,174.0,130.0,317.0,47.0,33.0,34.0,4.0,12.0,1.0,5.0,4.0,63.0,147.0,239.0,8.0,0.0,0.0,0.0,0.0,0.0,0.0,0.0,0.0,0.0,30.0,0.0,13.0,0.0,16.0,0.0,1.0,0.0,0.0,2.0,28.0,0.0,0.0,0.0,0.0,0.0,0.0,0.0,0.0,1.0,0.0,1.0,0.0,1.0,0.0,1.0,0.0,0.0,0.0,3.0,0.0,1.0,1.0,3.0,0.0,8.0,0.0,5.0,14.0,23.0,10.0,0.0,0.0,0.0,0.0,0.0,0.0,0.0,0.0,1.0,0.0,1.0,0.0,1.0,0.0,1.0,0.0,0.0,0.0,5.0,0.0,1.0,3.0,3.0,0.0,13.0,0.0,5.0,18.0,34.0,13.0
71,1.0,71.0,London_141,cons,151,453,1092.0,70.0,2.0,163080.0,0.8860992970876396,817.0,38.0,0.0,38.0,59.0,0.0,59.0,133.0,311.0,53.0,27.0,38.0,7.0,11.0,1.0,5.0,7.0,74.0,139.0,233.0,16.0,10.0,10.0,0.0,0.0,0.0,0.0,0.0,0.0,0.0,0.0,0.0,0.0,0.0,0.0,0.0,0.0,0.0,0.0,0.0,0.0,0.0,0.0,0.0,0.0,0.0,0.0,0.0,0.0,0.0,0.0,0.0,0.0,0.0,0.0,0.0,0.0,0.0,0.0,6.0,4.0,5.0,2.0,2.0,6.0,9.0,3.0,9.0,7.0,11.0,11.0,0.0,0.0,0.0,0.0,0.0,0.0,0.0,0.0,0.0,0.0,0.0,0.0,0.0,0.0,0.0,0.0,0.0,0.0,8.0,6.0,5.0,4.0,2.0,11.0,13.0,3.0,11.0,10.0,19.0,13.0
72,1.0,72.0,London_141,cons,151,453,1092.0,70.0,2.0,188901.0,1.2313588499091566,874.0,194.0,1.0,193.0,337.0,8.0,329.0,70.0,305.0,63.0,28.0,33.0,10.0,8.0,1.0,5.0,8.0,71.0,139.0,235.0,19.0,5.0,5.0,0.0,0.0,0.0,0.0,0.0,0.0,0.0,112.0,0.0,32.0,0.0,60.0,0.0,13.0,1.0,6.0,1.0,111.0,0.0,0.0,0.0,0.0,0.0,0.0,0.0,0.0,0.0,0.0,0.0,0.0,0.0,0.0,0.0,0.0,0.0,0.0,7.0,13.0,5.0,1.0,8.0,21.0,14.0,11.0,21.0,19.0,19.0,21.0,0.0,0.0,0.0,0.0,0.0,0.0,0.0,0.0,0.0,0.0,0.0,0.0,0.0,0.0,0.0,0.0,0.0,0.0,7.0,13.0,5.0,1.0,8.0,26.0,18.0,15.0,30.0,27.0,23.0,25.0
73,1.0,73.0,London_141,cons,151,453,1092.0,70.0,2.0,139071.0,0.7930378410965204,764.0,23.0,2.0,21.0,52.0,18.0,34.0,176.0,298.0,62.0,19.0,48.0,2.0,20.0,0.0,4.0,7.0,68.0,145.0,233.0,21.0,9.0,9.0,0.0,0.0,0.0,0.0,0.0,0.0,0.0,2.0,0.0,0.0,0.0,2.0,0.0,0.0,0.0,0.0,2.0,0.0,0.0,0.0,0.0,0.0,0.0,0.0,0.0,0.0,1.0,0.0,0.0,1.0,1.0,1.0,1.0,0.0,0.0,0.0,0.0,0.0,0.0,1.0,0.0,1.0,0.0,0.0,3.0,4.0,6.0,2.0,0.0,0.0,0.0,0.0,0.0,0.0,0.0,0.0,1.0,0.0,0.0,4.0,3.0,3.0,3.0,0.0,0.0,0.0,0.0,0.0,0.0,1.0,0.0,1.0,0.0,0.0,4.0,5.0,9.0,3.0
74,1.0,74.0,London_141,cons,151,453,1092.0,70.0,2.0,163533.0,0.9113723170012236,818.0,185.0,0.0,185.0,335.0,0.0,335.0,52.0,291.0,77.0,17.0,35.0,2.0,26.0,0.0,5.0,6.0,69.0,148.0,230.0,16.0,0.0,0.0,0.0,0.0,0.0,0.0,0.0,0.0,0.0,91.0,0.0,20.0,6.0,58.0,2.0,1.0,0.0,4.0,0.0,91.0,0.0,0.0,0.0,0.0,0.0,0.0,0.0,0.0,0.0,0.0,0.0,0.0,0.0,0.0,0.0,0.0,0.0,0.0,12.0,11.0,7.0,3.0,3.0,25.0,16.0,14.0,30.0,21.0,30.0,26.0,0.0,0.0,0.0,0.0,0.0,0.0,0.0,0.0,0.0,0.0,0.0,0.0,0.0,0.0,0.0,0.0,0.0,0.0,15.0,14.0,7.0,5.0,3.0,37.0,23.0,22.0,38.0,31.0,45.0,42.0
75,1.0,75.0,London_141,cons,151,453,1092.0,70.0,2.0,104190.0,0.5301052401773632,687.0,42.0,2.0,40.0,84.0,19.0,65.0,191.0,285.0,82.0,11.0,50.0,5.0,17.0,1.0,2.0,10.0,74.0,145.0,224.0,33.0,0.0,0.0,0.0,0.0,0.0,0.0,0.0,0.0,0.0,3.0,0.0,0.0,0.0,0.0,0.0,1.0,1.0,1.0,1.0,2.0,0.0,0.0,0.0,0.0,0.0,0.0,0.0,0.0,1.0,0.0,0.0,0.0,0.0,0.0,1.0,0.0,0.0,0.0,0.0,1.0,1.0,0.0,0.0,0.0,2.0,4.0,3.0,8.0,12.0,4.0,0.0,0.0,0.0,0.0,0.0,0.0,0.0,0.0,2.0,0.0,0.0,0.0,0.0,0.0,3.0,0.0,0.0,0.0,0.0,1.0,1.0,0.0,0.0,0.0,2.0,5.0,3.0,9.0,17.0,4.0
76,1.0,76.0,London_141,cons,151,453,1092.0,70.0,2.0,123216.0,0.6118227019906044,729.0,2.0,0.0,2.0,3.0,0.0,3.0,74.0,287.0,74.0,10.0,48.0,8.0,24.0,0.0,2.0,5.0,79.0,129.0,240.0,16.0,3.0,3.0,0.0,0.0,0.0,0.0,0.0,0.0,0.0,0.0,0.0,0.0,0.0,0.0,0.0,0.0,0.0,0.0,0.0,0.0,0.0,0.0,0.0,0.0,0.0,0.0,0.0,0.0,0.0,0.0,0.0,0.0,0.0,0.0,0.0,0.0,0.0,0.0,0.0,0.0,0.0,0.0,0.0,1.0,0.0,1.0,0.0,0.0,0.0,0.0,0.0,0.0,0.0,0.0,0.0,0.0,0.0,0.0,0.0,0.0,0.0,0.0,0.0,0.0,0.0,0.0,0.0,0.0,0.0,0.0,0.0,0.0,0.0,2.0,0.0,1.0,0.0,0.0,0.0,0.0
77,1.0,77.0,London_141,cons,151,453,1092.0,70.0,2.0,169422.0,0.9931373931467533,831.0,65.0,0.0,65.0,114.0,0.0,114.0,6.0,285.0,77.0,8.0,50.0,8.0,24.0,0.0,1.0,5.0,79.0,129.0,240.0,17.0,8.0,8.0,0.0,0.0,0.0,0.0,0.0,0.0,0.0,11.0,0.0,0.0,0.0,8.0,0.0,0.0,1.0,2.0,0.0,11.0,0.0,0.0,0.0,0.0,0.0,0.0,0.0,0.0,0.0,0.0,0.0,0.0,0.0,0.0,0.0,0.0,0.0,0.0,5.0,6.0,4.0,0.0,7.0,12.0,10.0,6.0,14.0,14.0,14.0,14.0,0.0,0.0,0.0,0.0,0.0,0.0,0.0,0.0,0.0,0.0,0.0,0.0,0.0,0.0,0.0,0.0,0.0,0.0,6.0,9.0,4.0,0.0,7.0,18.0,17.0,9.0,20.0,22.0,18.0,19.0
78,1.0,78.0,London_141,cons,151,453,1092.0,70.0,2.0,173952.0,1.0223534847609699,841.0,119.0,3.0,116.0,224.0,25.0,199.0,111.0,283.0,93.0,9.0,31.0,17.0,20.0,0.0,0.0,5.0,76.0,139.0,233.0,14.0,2.0,2.0,0.0,0.0,0.0,0.0,0.0,0.0,0.0,25.0,0.0,0.0,1.0,16.0,1.0,2.0,3.0,2.0,3.0,22.0,0.0,0.0,0.0,0.0,0.0,0.0,0.0,0.0,0.0,1.0,0.0,0.0,0.0,0.0,0.0,0.0,0.0,0.0,0.0,9.0,7.0,0.0,0.0,8.0,8.0,1.0,3.0,16.0,23.0,9.0,0.0,0.0,0.0,0.0,0.0,0.0,0.0,0.0,0.0,3.0,0.0,0.0,0.0,0.0,0.0,0.0,0.0,0.0,0.0,13.0,8.0,0.0,0.0,8.0,8.0,1.0,4.0,26.0,35.0,12.0
79,1.0,79.0,London_141,cons,151,453,1092.0,70.0,2.0,158550.0,0.8587719998322427,807.0,122.0,1.0,121.0,210.0,10.0,200.0,171.0,283.0,66.0,18.0,47.0,12.0,22.0,1.0,4.0,10.0,81.0,135.0,227.0,16.0,1.0,1.0,0.0,0.0,0.0,0.0,0.0,0.0,0.0,25.0,0.0,0.0,0.0,24.0,0.0,0.0,0.0,1.0,1.0,24.0,0.0,0.0,0.0,0.0,0.0,0.0,0.0,0.0,0.0,0.0,0.0,0.0,0.0,0.0,0.0,0.0,0.0,0.0,4.0,11.0,6.0,2.0,4.0,17.0,13.0,18.0,23.0,22.0,16.0,26.0,0.0,0.0,0.0,0.0,0.0,0.0,0.0,0.0,0.0,0.0,0.0,0.0,0.0,0.0,0.0,0.0,0.0,0.0,5.0,15.0,6.0,3.0,4.0,18.0,19.0,24.0,26.0,30.0,24.0,35.0
80,1.0,80.0,London_141,cons,151,453,1092.0,70.0,2.0,140883.0,0.7836100519634783,768.0,58.0,1.0,57.0,95.0,7.0,88.0,167.0,292.0,67.0,16.0,54.0,9.0,12.0,1.0,2.0,6.0,84.0,136.0,227.0,15.0,5.0,5.0,0.0,0.0,0.0,0.0,0.0,0.0,0.0,3.0,0.0,0.0,0.0,1.0,0.0,0.0,0.0,2.0,1.0,2.0,0.0,0.0,0.0,0.0,0.0,0.0,0.0,0.0,1.0,0.0,0.0,0.0,0.0,0.0,1.0,0.0,0.0,0.0,4.0,3.0,3.0,1.0,0.0,11.0,4.0,9.0,11.0,5.0,10.0,11.0,0.0,0.0,0.0,0.0,0.0,0.0,0.0,0.0,1.0,0.0,0.0,0.0,0.0,0.0,1.0,0.0,0.0,0.0,4.0,4.0,3.0,2.0,0.0,14.0,5.0,12.0,15.0,9.0,14.0,11.0
81,1.0,81.0,London_141,cons,151,453,1092.0,70.0,2.0,152661.0,0.859554507303983,794.0,68.0,0.0,68.0,116.0,0.0,116.0,97.0,299.0,65.0,15.0,39.0,10.0,20.0,1.0,4.0,7.0,84.0,134.0,228.0,15.0,3.0,3.0,0.0,0.0,0.0,0.0,0.0,0.0,0.0,0.0,0.0,0.0,0.0,0.0,0.0,0.0,0.0,0.0,0.0,0.0,0.0,0.0,0.0,0.0,0.0,0.0,0.0,0.0,0.0,0.0,0.0,0.0,0.0,0.0,0.0,0.0,0.0,0.0,5.0,5.0,4.0,0.0,3.0,23.0,9.0,9.0,14.0,15.0,16.0,15.0,0.0,0.0,0.0,0.0,0.0,0.0,0.0,0.0,0.0,0.0,0.0,0.0,0.0,0.0,0.0,0.0,0.0,0.0,7.0,6.0,4.0,0.0,3.0,32.0,12.0,13.0,18.0,24.0,20.0,24.0
82,1.0,82.0,London_141,cons,151,453,1092.0,70.0,2.0,163986.0,0.9435463091358542,819.0,115.0,2.0,113.0,203.0,19.0,184.0,119.0,303.0,61.0,13.0,42.0,8.0,16.0,1.0,9.0,6.0,85.0,143.0,219.0,17.0,2.0,2.0,0.0,0.0,0.0,0.0,0.0,0.0,0.0,32.0,0.0,18.0,0.0,12.0,0.0,1.0,1.0,0.0,1.0,31.0,0.0,0.0,0.0,0.0,0.0,0.0,0.0,0.0,1.0,0.0,0.0,0.0,0.0,0.0,0.0,0.0,0.0,0.0,3.0,0.0,2.0,0.0,2.0,11.0,11.0,1.0,12.0,17.0,23.0,14.0,0.0,0.0,0.0,0.0,0.0,0.0,0.0,0.0,2.0,0.0,0.0,0.0,0.0,0.0,0.0,0.0,0.0,0.0,4.0,0.0,4.0,0.0,2.0,13.0,17.0,1.0,15.0,25.0,34.0,18.0
83,1.0,83.0,London_141,cons,151,453,1092.0,70.0,2.0,142242.0,0.9086164198815823,771.0,65.0,0.0,65.0,99.0,0.0,99.0,160.0,300.0,50.0,17.0,55.0,6.0,15.0,1.0,9.0,8.0,95.0,133.0,217.0,34.0,6.0,6.0,0.0,0.0,0.0,0.0,0.0,0.0,0.0,0.0,0.0,0.0,0.0,0.0,0.0,0.0,0.0,0.0,0.0,0.0,0.0,0.0,0.0,0.0,0.0,0.0,0.0,0.0,0.0,0.0,0.0,0.0,0.0,0.0,0.0,0.0,0.0,0.0,5.0,1.0,0.0,0.0,0.0,2.0,2.0,2.0,4.0,12.0,18.0,13.0,0.0,0.0,0.0,0.0,0.0,0.0,0.0,0.0,0.0,0.0,0.0,0.0,0.0,0.0,0.0,0.0,0.0,0.0,5.0,1.0,0.0,0.0,0.0,2.0,3.0,3.0,4.0,16.0,25.0,15.0
84,1.0,84.0,London_141,cons,151,453,1092.0,70.0,2.0,151302.0,0.8425600146874785,791.0,76.0,0.0,76.0,140.0,0.0,140.0,106.0,301.0,55.0,14.0,50.0,10.0,13.0,0.0,10.0,8.0,95.0,131.0,219.0,30.0,4.0,4.0,0.0,0.0,0.0,0.0,0.0,0.0,0.0,4.0,0.0,4.0,0.0,0.0,0.0,0.0,0.0,0.0,0.0,4.0,0.0,0.0,0.0,0.0,0.0,0.0,0.0,0.0,0.0,0.0,0.0,0.0,0.0,0.0,0.0,0.0,0.0,0.0,5.0,8.0,3.0,2.0,6.0,9.0,4.0,7.0,15.0,11.0,12.0,28.0,0.0,0.0,0.0,0.0,0.0,0.0,0.0,0.0,0.0,0.0,0.0,0.0,0.0,0.0,0.0,0.0,0.0,0.0,6.0,11.0,3.0,5.0,6.0,12.0,5.0,10.0,24.0,19.0,16.0,39.0
85,1.0,85.0,London_141,cons,151,453,1092.0,70.0,2.0,155832.0,0.7935294508934021,801.0,111.0,0.0,111.0,181.0,0.0,181.0,140.0,302.0,56.0,17.0,46.0,11.0,11.0,0.0,10.0,7.0,81.0,134.0,231.0,19.0,6.0,6.0,0.0,0.0,0.0,0.0,0.0,0.0,0.0,17.0,0.0,0.0,0.0,10.0,0.0,4.0,0.0,3.0,0.0,17.0,0.0,0.0,0.0,0.0,0.0,0.0,0.0,0.0,0.0,0.0,0.0,0.0,0.0,0.0,0.0,0.0,0.0,0.0,8.0,6.0,2.0,0.0,10.0,8.0,12.0,17.0,14.0,11.0,30.0,30.0,0.0,0.0,0.0,0.0,0.0,0.0,0.0,0.0,0.0,0.0,0.0,0.0,0.0,0.0,0.0,0.0,0.0,0.0,9.0,11.0,3.0,0.0,10.0,10.0,20.0,25.0,19.0,15.0,41.0,39.0
86,1.0,86.0,London_141,cons,151,453,1092.0,70.0,2.0,134541.0,0.707404918037355,754.0,104.0,2.0,102.0,198.0,17.0,181.0,165.0,305.0,65.0,14.0,47.0,1.0,13.0,0.0,8.0,7.0,89.0,131.0,226.0,19.0,2.0,2.0,0.0,0.0,0.0,0.0,0.0,0.0,0.0,20.0,0.0,8.0,0.0,8.0,1.0,0.0,1.0,2.0,2.0,18.0,0.0,0.0,0.0,0.0,0.0,0.0,0.0,0.0,0.0,0.0,0.0,0.0,1.0,0.0,0.0,0.0,0.0,0.0,8.0,4.0,6.0,2.0,9.0,12.0,9.0,7.0,15.0,24.0,19.0,27.0,0.0,0.0,0.0,0.0,0.0,0.0,0.0,0.0,0.0,0.0,0.0,0.0,2.0,0.0,0.0,0.0,0.0,0.0,10.0,5.0,8.0,3.0,10.0,13.0,14.0,9.0,21.0,35.0,31.0,41.0
87,1.0,87.0,London_141,cons,151,453,1092.0,70.0,2.0,119592.0,0.6546052061021328,721.0,39.0,2.0,37.0,89.0,18.0,71.0,164.0,309.0,65.0,10.0,49.0,6.0,9.0,3.0,2.0,7.0,80.0,136.0,230.0,18.0,5.0,5.0,0.0,0.0,0.0,0.0,0.0,0.0,0.0,4.0,0.0,0.0,2.0,2.0,0.0,0.0,0.0,0.0,2.0,2.0,0.0,0.0,0.0,0.0,0.0,0.0,0.0,0.0,0.0,0.0,0.0,1.0,0.0,0.0,0.0,0.0,0.0,0.0,0.0,0.0,2.0,1.0,0.0,1.0,2.0,3.0,2.0,4.0,14.0,2.0,0.0,0.0,0.0,0.0,0.0,0.0,0.0,0.0,0.0,0.0,0.0,5.0,0.0,0.0,0.0,0.0,0.0,0.0,0.0,0.0,2.0,2.0,0.0,1.0,3.0,4.0,4.0,5.0,26.0,2.0
88,1.0,88.0,London_141,cons,151,453,1092.0,70.0,2.0,154926.0,0.829225564841181,799.0,71.0,0.0,71.0,110.0,0.0,110.0,81.0,311.0,77.0,4.0,39.0,5.0,12.0,2.0,3.0,4.0,74.0,136.0,239.0,18.0,0.0,0.0,0.0,0.0,0.0,0.0,0.0,0.0,0.0,9.0,0.0,0.0,1.0,5.0,0.0,0.0,0.0,3.0,0.0,9.0,0.0,0.0,0.0,0.0,0.0,0.0,0.0,0.0,0.0,0.0,0.0,0.0,0.0,0.0,0.0,0.0,0.0,0.0,9.0,5.0,3.0,2.0,9.0,15.0,6.0,9.0,10.0,7.0,13.0,17.0,0.0,0.0,0.0,0.0,0.0,0.0,0.0,0.0,0.0,0.0,0.0,0.0,0.0,0.0,0.0,0.0,0.0,0.0,10.0,6.0,3.0,2.0,9.0,18.0,10.0,16.0,14.0,11.0,18.0,20.0
89,1.0,89.0,London_141,cons,151,453,1092.0,70.0,2.0,153114.0,0.8512888331897557,795.0,22.0,2.0,20.0,56.0,19.0,37.0,99.0,310.0,91.0,6.0,20.0,9.0,12.0,1.0,4.0,3.0,76.0,142.0,232.0,19.0,6.0,6.0,0.0,0.0,0.0,0.0,0.0,0.0,0.0,2.0,0.0,0.0,0.0,0.0,1.0,1.0,0.0,0.0,2.0,0.0,0.0,0.0,0.0,0.0,0.0,0.0,0.0,0.0,0.0,0.0,0.0,2.0,0.0,1.0,1.0,0.0,0.0,0.0,2.0,0.0,0.0,0.0,0.0,5.0,4.0,1.0,3.0,5.0,4.0,6.0,0.0,0.0,0.0,0.0,0.0,0.0,0.0,0.0,0.0,0.0,0.0,4.0,0.0,2.0,4.0,0.0,0.0,0.0,3.0,0.0,0.0,0.0,0.0,6.0,7.0,2.0,5.0,8.0,7.0,8.0
90,1.0,90.0,London_141,cons,151,453,1092.0,70.0,2.0,186636.0,1.110849758144468,869.0,158.0,1.0,157.0,288.0,9.0,279.0,48.0,310.0,101.0,4.0,20.0,3.0,11.0,1.0,3.0,4.0,73.0,142.0,234.0,17.0,8.0,8.0,0.0,0.0,0.0,0.0,0.0,0.0,0.0,72.0,0.0,4.0,13.0,38.0,3.0,11.0,1.0,2.0,1.0,71.0,0.0,0.0,0.0,0.0,0.0,0.0,0.0,0.0,1.0,0.0,0.0,0.0,0.0,1.0,1.0,0.0,0.0,0.0,1.0,3.0,2.0,0.0,6.0,7.0,8.0,6.0,16.0,9.0,21.0,21.0,0.0,0.0,0.0,0.0,0.0,0.0,0.0,0.0,1.0,0.0,0.0,0.0,0.0,2.0,1.0,0.0,0.0,0.0,1.0,4.0,2.0,0.0,7.0,8.0,11.0,8.0,20.0,12.0,30.0,27.0
91,1.0,91.0,London_141,cons,151,453,1092.0,70.0,2.0,151302.0,0.8090267130173743,791.0,74.0,0.0,74.0,137.0,0.0,137.0,167.0,294.0,73.0,12.0,51.0,3.0,18.0,0.0,2.0,7.0,78.0,142.0,226.0,23.0,1.0,1.0,0.0,0.0,0.0,0.0,0.0,0.0,0.0,0.0,0.0,0.0,0.0,0.0,0.0,0.0,0.0,0.0,0.0,0.0,0.0,0.0,0.0,0.0,0.0,0.0,0.0,0.0,0.0,0.0,0.0,0.0,0.0,0.0,0.0,0.0,0.0,0.0,1.0,3.0,3.0,1.0,2.0,19.0,6.0,9.0,12.0,13.0,15.0,15.0,0.0,0.0,0.0,0.0,0.0,0.0,0.0,0.0,0.0,0.0,0.0,0.0,0.0,0.0,0.0,0.0,0.0,0.0,2.0,3.0,4.0,1.0,2.0,20.0,10.0,15.0,18.0,18.0,21.0,22.0
92,1.0,92.0,London_141,cons,151,453,1092.0,70.0,2.0,148584.0,0.917807973921299,785.0,74.0,0.0,74.0,137.0,0.0,137.0,138.0,304.0,72.0,13.0,41.0,3.0,15.0,0.0,5.0,5.0,97.0,144.0,207.0,23.0,8.0,8.0,0.0,0.0,0.0,0.0,0.0,0.0,0.0,8.0,0.0,0.0,0.0,2.0,1.0,4.0,1.0,0.0,0.0,8.0,0.0,0.0,0.0,0.0,0.0,0.0,0.0,0.0,0.0,0.0,0.0,0.0,0.0,0.0,0.0,0.0,0.0,0.0,0.0,10.0,11.0,0.0,2.0,10.0,3.0,9.0,5.0,11.0,15.0,21.0,0.0,0.0,0.0,0.0,0.0,0.0,0.0,0.0,0.0,0.0,0.0,0.0,0.0,0.0,0.0,0.0,0.0,0.0,0.0,15.0,13.0,0.0,2.0,14.0,5.0,11.0,8.0,20.0,21.0,25.0
93,1.0,93.0,London_141,cons,151,453,1092.0,70.0,2.0,153114.0,0.8198420042172074,795.0,117.0,1.0,116.0,212.0,10.0,202.0,132.0,311.0,62.0,21.0,44.0,2.0,8.0,2.0,3.0,5.0,93.0,144.0,211.0,25.0,4.0,4.0,0.0,0.0,0.0,0.0,0.0,0.0,0.0,42.0,0.0,15.0,2.0,17.0,3.0,5.0,0.0,0.0,1.0,41.0,0.0,0.0,0.0,0.0,0.0,0.0,0.0,0.0,0.0,1.0,0.0,0.0,0.0,1.0,0.0,0.0,0.0,0.0,7.0,2.0,3.0,3.0,2.0,25.0,9.0,6.0,15.0,22.0,28.0,16.0,0.0,0.0,0.0,0.0,0.0,0.0,0.0,0.0,0.0,3.0,0.0,0.0,0.0,4.0,0.0,0.0,0.0,0.0,7.0,2.0,3.0,3.0,2.0,33.0,13.0,8.0,16.0,31.0,36.0,20.0
94,1.0,94.0,London_141,cons,151,453,1092.0,70.0,2.0,134541.0,0.6266387170180678,754.0,107.0,0.0,107.0,182.0,0.0,182.0,149.0,323.0,60.0,10.0,43.0,1.0,6.0,2.0,8.0,8.0,83.0,149.0,213.0,28.0,3.0,3.0,0.0,0.0,0.0,0.0,0.0,0.0,0.0,36.0,0.0,4.0,6.0,18.0,4.0,3.0,1.0,0.0,0.0,36.0,0.0,0.0,0.0,0.0,0.0,0.0,0.0,0.0,0.0,0.0,0.0,0.0,0.0,0.0,0.0,0.0,0.0,0.0,6.0,11.0,10.0,0.0,4.0,15.0,13.0,12.0,12.0,19.0,11.0,25.0,0.0,0.0,0.0,0.0,0.0,0.0,0.0,0.0,0.0,0.0,0.0,0.0,0.0,0.0,0.0,0.0,0.0,0.0,8.0,17.0,11.0,0.0,4.0,21.0,19.0,18.0,17.0,22.0,18.0,33.0
95,1.0,95.0,London_141,cons,151,453,1092.0,70.0,2.0,116874.0,0.6566435135900974,715.0,72.0,2.0,70.0,140.0,17.0,123.0,137.0,324.0,55.0,10.0,44.0,5.0,4.0,1.0,10.0,6.0,75.0,155.0,217.0,19.0,4.0,4.0,0.0,0.0,0.0,0.0,0.0,0.0,0.0,7.0,0.0,2.0,5.0,0.0,0.0,0.0,0.0,0.0,2.0,5.0,0.0,0.0,0.0,0.0,0.0,0.0,0.0,0.0,2.0,0.0,0.0,0.0,0.0,0.0,1.0,0.0,0.0,0.0,0.0,3.0,3.0,2.0,2.0,5.0,9.0,12.0,6.0,14.0,15.0,16.0,0.0,0.0,0.0,0.0,0.0,0.0,0.0,0.0,2.0,0.0,0.0,0.0,0.0,0.0,2.0,0.0,0.0,0.0,0.0,5.0,4.0,3.0,2.0,5.0,14.0,21.0,7.0,26.0,27.0,29.0
96,1.0,96.0,London_141,cons,151,453,1092.0,70.0,2.0,114609.0,0.5449198959395289,710.0,45.0,1.0,44.0,100.0,12.0,88.0,126.0,326.0,40.0,11.0,52.0,3.0,16.0,0.0,5.0,5.0,84.0,145.0,219.0,16.0,3.0,3.0,0.0,0.0,0.0,0.0,0.0,0.0,0.0,1.0,0.0,0.0,0.0,0.0,0.0,1.0,0.0,0.0,1.0,0.0,0.0,0.0,0.0,0.0,0.0,0.0,0.0,0.0,1.0,0.0,0.0,1.0,0.0,0.0,1.0,0.0,0.0,0.0,0.0,0.0,0.0,0.0,0.0,3.0,5.0,1.0,5.0,10.0,14.0,7.0,0.0,0.0,0.0,0.0,0.0,0.0,0.0,0.0,2.0,0.0,0.0,1.0,0.0,0.0,1.0,0.0,0.0,0.0,0.0,0.0,0.0,0.0,0.0,3.0,10.0,2.0,8.0,15.0,21.0,8.0
97,1.0,97.0,London_141,cons,151,453,1092.0,70.0,2.0,129105.0,0.6996590928174555,742.0,77.0,2.0,75.0,149.0,19.0,130.0,96.0,321.0,47.0,14.0,41.0,8.0,17.0,1.0,4.0,5.0,83.0,139.0,226.0,15.0,1.0,1.0,0.0,0.0,0.0,0.0,0.0,0.0,0.0,13.0,0.0,0.0,0.0,12.0,0.0,1.0,0.0,0.0,2.0,11.0,0.0,0.0,0.0,0.0,0.0,0.0,0.0,0.0,1.0,0.0,0.0,0.0,0.0,1.0,1.0,0.0,0.0,0.0,2.0,3.0,0.0,0.0,0.0,2.0,8.0,6.0,4.0,10.0,14.0,15.0,0.0,0.0,0.0,0.0,0.0,0.0,0.0,0.0,2.0,0.0,0.0,0.0,0.0,2.0,1.0,0.0,0.0,0.0,2.0,4.0,0.0,0.0,0.0,2.0,9.0,6.0,5.0,15.0,16.0,23.0
98,1.0,98.0,London_141,cons,151,453,1092.0,70.0,2.0,135900.0,0.6920352140441537,757.0,30.0,0.0,30.0,53.0,0.0,53.0,115.0,323.0,48.0,19.0,38.0,8.0,11.0,2.0,4.0,7.0,84.0,139.0,223.0,17.0,2.0,2.0,0.0,0.0,0.0,0.0,0.0,0.0,0.0,0.0,0.0,0.0,0.0,0.0,0.0,0.0,0.0,0.0,0.0,0.0,0.0,0.0,0.0,0.0,0.0,0.0,0.0,0.0,0.0,0.0,0.0,0.0,0.0,0.0,0.0,0.0,0.0,0.0,2.0,3.0,3.0,0.0,2.0,8.0,4.0,8.0,4.0,5.0,8.0,9.0,0.0,0.0,0.0,0.0,0.0,0.0,0.0,0.0,0.0,0.0,0.0,0.0,0.0,0.0,0.0,0.0,0.0,0.0,2.0,7.0,4.0,0.0,2.0,11.0,9.0,15.0,7.0,7.0,17.0,14.0
99,1.0,99.0,London_141,cons,151,453,1092.0,70.0,2.0,160815.0,0.8833118840120733,812.0,98.0,0.0,98.0,162.0,0.0,162.0,56.0,325.0,47.0,19.0,29.0,9.0,17.0,2.0,5.0,7.0,89.0,139.0,218.0,19.0,0.0,0.0,0.0,0.0,0.0,0.0,0.0,0.0,0.0,28.0,0.0,6.0,0.0,22.0,0.0,0.0,0.0,0.0,0.0,28.0,0.0,0.0,0.0,0.0,0.0,0.0,0.0,0.0,0.0,0.0,0.0,0.0,0.0,0.0,0.0,0.0,0.0,0.0,4.0,11.0,4.0,0.0,7.0,14.0,13.0,10.0,11.0,15.0,16.0,21.0,0.0,0.0,0.0,0.0,0.0,0.0,0.0,0.0,0.0,0.0,0.0,0.0,0.0,0.0,0.0,0.0,0.0,0.0,5.0,13.0,5.0,0.0,7.0,22.0,16.0,14.0,18.0,19.0,19.0,25.0
100,1.0,100.0,London_141,cons,151,453,1092.0,70.0,2.0,151755.0,0.8488957160152495,792.0,67.0,1.0,66.0,122.0,9.0,113.0,125.0,330.0,43.0,14.0,36.0,7.0,18.0,1.0,4.0,8.0,82.0,142.0,221.0,16.0,3.0,3.0,0.0,0.0,0.0,0.0,0.0,0.0,0.0,4.0,0.0,3.0,0.0,0.0,0.0,1.0,0.0,0.0,1.0,3.0,0.0,0.0,0.0,0.0,0.0,0.0,0.0,0.0,1.0,0.0,0.0,0.0,1.0,0.0,1.0,0.0,0.0,0.0,3.0,8.0,1.0,0.0,0.0,5.0,5.0,2.0,11.0,12.0,12.0,16.0,0.0,0.0,0.0,0.0,0.0,0.0,0.0,0.0,2.0,0.0,0.0,0.0,7.0,0.0,2.0,0.0,0.0,0.0,3.0,14.0,1.0,0.0,0.0,9.0,7.0,2.0,15.0,17.0,19.0,20.0
101,1.0,101.0,London_141,cons,151,453,1092.0,70.0,2.0,157191.0,0.8418153431266546,804.0,56.0,0.0,56.0,107.0,0.0,107.0,120.0,335.0,55.0,14.0,29.0,7.0,8.0,1.0,4.0,8.0,90.0,136.0,219.0,18.0,3.0,3.0,0.0,0.0,0.0,0.0,0.0,0.0,0.0,13.0,0.0,0.0,0.0,12.0,0.0,0.0,0.0,1.0,0.0,13.0,0.0,0.0,0.0,0.0,0.0,0.0,0.0,0.0,0.0,0.0,0.0,0.0,0.0,0.0,0.0,0.0,0.0,0.0,3.0,8.0,6.0,1.0,4.0,13.0,6.0,8.0,8.0,5.0,13.0,15.0,0.0,0.0,0.0,0.0,0.0,0.0,0.0,0.0,0.0,0.0,0.0,0.0,0.0,0.0,0.0,0.0,0.0,0.0,3.0,15.0,7.0,4.0,4.0,21.0,10.0,13.0,11.0,10.0,22.0,19.0
102,1.0,102.0,London_141,cons,151,453,1092.0,70.0,2.0,159456.0,0.8389251832850277,809.0,110.0,2.0,108.0,216.0,20.0,196.0,91.0,341.0,58.0,20.0,23.0,1.0,8.0,1.0,1.0,6.0,89.0,141.0,217.0,18.0,6.0,6.0,0.0,0.0,0.0,0.0,0.0,0.0,0.0,52.0,0.0,10.0,0.0,33.0,1.0,4.0,1.0,3.0,2.0,50.0,0.0,0.0,0.0,0.0,0.0,0.0,0.0,0.0,0.0,0.0,0.0,0.0,0.0,0.0,0.0,0.0,0.0,0.0,3.0,10.0,9.0,1.0,5.0,16.0,7.0,4.0,22.0,20.0,18.0,19.0,0.0,0.0,0.0,0.0,0.0,0.0,0.0,0.0,0.0,0.0,0.0,0.0,0.0,0.0,0.0,0.0,0.0,0.0,3.0,16.0,11.0,1.0,5.0,18.0,8.0,4.0,33.0,27.0,24.0,22.0
103,1.0,103.0,London_141,cons,151,453,1092.0,70.0,2.0,148584.0,0.816177252214402,785.0,123.0,2.0,121.0,222.0,20.0,202.0,116.0,338.0,47.0,17.0,35.0,3.0,8.0,0.0,5.0,4.0,83.0,142.0,224.0,13.0,0.0,0.0,0.0,0.0,0.0,0.0,0.0,0.0,0.0,53.0,0.0,14.0,1.0,28.0,0.0,7.0,2.0,1.0,2.0,51.0,0.0,0.0,0.0,0.0,0.0,0.0,0.0,0.0,0.0,0.0,0.0,0.0,0.0,0.0,0.0,0.0,0.0,0.0,11.0,6.0,9.0,2.0,7.0,20.0,9.0,13.0,17.0,23.0,18.0,28.0,0.0,0.0,0.0,0.0,0.0,0.0,0.0,0.0,0.0,0.0,0.0,0.0,0.0,0.0,0.0,0.0,0.0,0.0,12.0,9.0,10.0,2.0,7.0,23.0,12.0,16.0,25.0,27.0,22.0,35.0
104,1.0,104.0,London_141,cons,151,453,1092.0,70.0,2.0,126840.0,0.5986462528817356,737.0,95.0,1.0,94.0,178.0,10.0,168.0,132.0,338.0,52.0,3.0,40.0,5.0,10.0,0.0,5.0,5.0,91.0,137.0,220.0,18.0,3.0,3.0,0.0,0.0,0.0,0.0,0.0,0.0,0.0,32.0,0.0,7.0,5.0,11.0,0.0,9.0,0.0,0.0,1.0,31.0,0.0,0.0,0.0,0.0,0.0,0.0,0.0,0.0,0.0,0.0,0.0,0.0,0.0,1.0,0.0,0.0,0.0,0.0,7.0,11.0,10.0,1.0,4.0,25.0,8.0,14.0,14.0,12.0,16.0,20.0,0.0,0.0,0.0,0.0,0.0,0.0,0.0,0.0,0.0,0.0,0.0,0.0,0.0,3.0,0.0,0.0,0.0,0.0,9.0,14.0,10.0,1.0,4.0,37.0,10.0,20.0,25.0,18.0,19.0,25.0
105,1.0,105.0,London_141,cons,151,453,1092.0,70.0,2.0,117780.0,0.6117663998156786,717.0,54.0,2.0,52.0,97.0,18.0,79.0,129.0,351.0,41.0,10.0,36.0,3.0,9.0,1.0,2.0,5.0,91.0,140.0,217.0,20.0,3.0,3.0,0.0,0.0,0.0,0.0,0.0,0.0,0.0,2.0,0.0,0.0,0.0,0.0,0.0,1.0,0.0,1.0,2.0,0.0,0.0,0.0,0.0,0.0,0.0,0.0,0.0,0.0,1.0,0.0,0.0,0.0,0.0,0.0,0.0,0.0,0.0,0.0,4.0,5.0,2.0,1.0,4.0,15.0,5.0,8.0,6.0,10.0,16.0,14.0,0.0,0.0,0.0,0.0,0.0,0.0,0.0,0.0,1.0,0.0,0.0,0.0,0.0,0.0,0.0,0.0,0.0,0.0,7.0,7.0,2.0,2.0,4.0,19.0,7.0,13.0,8.0,16.0,18.0,19.0
106,1.0,106.0,London_141,cons,151,453,1092.0,70.0,2.0,134088.0,0.610246978700161,753.0,7.0,0.0,7.0,11.0,0.0,11.0,85.0,349.0,51.0,15.0,29.0,1.0,6.0,0.0,2.0,5.0,85.0,141.0,222.0,19.0,1.0,1.0,0.0,0.0,0.0,0.0,0.0,0.0,0.0,0.0,0.0,0.0,0.0,0.0,0.0,0.0,0.0,0.0,0.0,0.0,0.0,0.0,0.0,0.0,0.0,0.0,0.0,0.0,0.0,0.0,0.0,0.0,0.0,0.0,0.0,0.0,0.0,0.0,2.0,0.0,2.0,1.0,0.0,0.0,1.0,4.0,0.0,2.0,2.0,1.0,0.0,0.0,0.0,0.0,0.0,0.0,0.0,0.0,0.0,0.0,0.0,0.0,0.0,0.0,0.0,0.0,0.0,0.0,3.0,0.0,2.0,2.0,0.0,0.0,2.0,7.0,0.0,4.0,4.0,1.0
107,1.0,107.0,London_141,cons,151,453,1092.0,70.0,2.0,172140.0,0.9511595787480474,837.0,92.0,2.0,90.0,172.0,20.0,152.0,13.0,350.0,53.0,14.0,27.0,1.0,6.0,0.0,2.0,5.0,84.0,145.0,219.0,19.0,2.0,2.0,0.0,0.0,0.0,0.0,0.0,0.0,0.0,28.0,0.0,0.0,3.0,20.0,0.0,1.0,2.0,2.0,2.0,26.0,0.0,0.0,0.0,0.0,0.0,0.0,0.0,0.0,1.0,0.0,0.0,0.0,0.0,0.0,1.0,0.0,0.0,0.0,5.0,9.0,2.0,1.0,0.0,13.0,1.0,16.0,17.0,13.0,19.0,13.0,0.0,0.0,0.0,0.0,0.0,0.0,0.0,0.0,1.0,0.0,0.0,0.0,0.0,0.0,1.0,0.0,0.0,0.0,5.0,12.0,5.0,2.0,0.0,19.0,1.0,26.0,21.0,16.0,23.0,17.0
108,1.0,108.0,London_141,cons,151,453,1092.0,70.0,2.0,177576.0,0.9809987070038915,849.0,54.0,0.0,54.0,105.0,0.0,105.0,118.0,345.0,54.0,4.0,31.0,4.0,13.0,0.0,2.0,4.0,80.0,153.0,216.0,19.0,0.0,0.0,0.0,0.0,0.0,0.0,0.0,0.0,0.0,9.0,0.0,0.0,3.0,4.0,2.0,0.0,0.0,0.0,0.0,9.0,0.0,0.0,0.0,0.0,0.0,0.0,0.0,0.0,0.0,0.0,0.0,0.0,0.0,0.0,0.0,0.0,0.0,0.0,7.0,8.0,4.0,1.0,1.0,14.0,6.0,7.0,11.0,4.0,8.0,18.0,0.0,0.0,0.0,0.0,0.0,0.0,0.0,0.0,0.0,0.0,0.0,0.0,0.0,0.0,0.0,0.0,0.0,0.0,8.0,14.0,4.0,2.0,1.0,16.0,11.0,8.0,18.0,6.0,14.0,20.0
109,1.0,109.0,London_141,cons,151,453,1092.0,70.0,2.0,196602.0,1.1905837589874864,891.0,141.0,0.0,141.0,257.0,0.0,257.0,91.0,348.0,63.0,4.0,27.0,1.0,9.0,0.0,1.0,5.0,82.0,147.0,219.0,24.0,10.0,10.0,0.0,0.0,0.0,0.0,0.0,0.0,0.0,96.0,0.0,23.0,9.0,48.0,2.0,9.0,2.0,3.0,0.0,96.0,0.0,0.0,0.0,0.0,0.0,0.0,0.0,0.0,0.0,0.0,0.0,0.0,0.0,0.0,0.0,0.0,0.0,0.0,7.0,11.0,10.0,1.0,7.0,13.0,7.0,7.0,14.0,12.0,15.0,15.0,0.0,0.0,0.0,0.0,0.0,0.0,0.0,0.0,0.0,0.0,0.0,0.0,0.0,0.0,0.0,0.0,0.0,0.0,7.0,18.0,12.0,1.0,7.0,18.0,9.0,9.0,17.0,19.0,23.0,21.0
110,1.0,110.0,London_141,cons,151,453,1092.0,70.0,2.0,173499.0,1.3672311902046204,840.0,93.0,2.0,91.0,176.0,17.0,159.0,122.0,345.0,43.0,6.0,39.0,7.0,9.0,1.0,3.0,10.0,78.0,142.0,223.0,19.0,2.0,2.0,0.0,0.0,0.0,0.0,0.0,0.0,0.0,34.0,0.0,7.0,0.0,24.0,0.0,3.0,0.0,0.0,2.0,32.0,0.0,0.0,0.0,0.0,0.0,0.0,0.0,0.0,1.0,0.0,0.0,0.0,0.0,0.0,1.0,0.0,0.0,0.0,11.0,3.0,5.0,1.0,6.0,18.0,10.0,16.0,10.0,11.0,11.0,15.0,0.0,0.0,0.0,0.0,0.0,0.0,0.0,0.0,1.0,0.0,0.0,0.0,0.0,0.0,1.0,0.0,0.0,0.0,13.0,4.0,5.0,2.0,6.0,24.0,14.0,23.0,15.0,18.0,14.0,21.0
111,1.0,111.0,London_141,cons,151,453,1092.0,70.0,2.0,180294.0,0.974616945721209,855.0,139.0,0.0,139.0,236.0,0.0,236.0,111.0,349.0,39.0,14.0,34.0,1.0,14.0,1.0,1.0,3.0,87.0,143.0,220.0,16.0,0.0,0.0,0.0,0.0,0.0,0.0,0.0,0.0,0.0,82.0,0.0,36.0,3.0,31.0,2.0,5.0,3.0,2.0,0.0,82.0,0.0,0.0,0.0,0.0,0.0,0.0,0.0,0.0,0.0,0.0,0.0,0.0,0.0,0.0,0.0,0.0,0.0,0.0,4.0,11.0,12.0,1.0,4.0,22.0,6.0,6.0,19.0,15.0,12.0,20.0,0.0,0.0,0.0,0.0,0.0,0.0,0.0,0.0,0.0,0.0,0.0,0.0,0.0,0.0,0.0,0.0,0.0,0.0,5.0,14.0,13.0,1.0,4.0,29.0,7.0,10.0,24.0,20.0,18.0,26.0
112,1.0,112.0,London_141,cons,151,453,1092.0,70.0,2.0,151755.0,0.7966282842680812,792.0,89.0,2.0,87.0,168.0,17.0,151.0,111.0,351.0,42.0,11.0,32.0,3.0,13.0,0.0,1.0,3.0,79.0,146.0,225.0,9.0,5.0,5.0,0.0,0.0,0.0,0.0,0.0,0.0,0.0,29.0,0.0,0.0,1.0,21.0,2.0,4.0,0.0,1.0,2.0,27.0,0.0,0.0,0.0,0.0,0.0,0.0,0.0,0.0,0.0,0.0,0.0,1.0,1.0,0.0,1.0,0.0,0.0,0.0,7.0,9.0,11.0,0.0,5.0,14.0,14.0,8.0,12.0,8.0,18.0,16.0,0.0,0.0,0.0,0.0,0.0,0.0,0.0,0.0,0.0,0.0,0.0,1.0,1.0,0.0,1.0,0.0,0.0,0.0,9.0,12.0,11.0,0.0,5.0,18.0,19.0,10.0,16.0,11.0,24.0,19.0
113,1.0,113.0,London_141,cons,151,453,1092.0,70.0,2.0,145866.0,0.7553955637849867,779.0,26.0,0.0,26.0,43.0,0.0,43.0,119.0,353.0,50.0,10.0,32.0,3.0,4.0,0.0,1.0,4.0,82.0,132.0,235.0,12.0,4.0,4.0,0.0,0.0,0.0,0.0,0.0,0.0,0.0,1.0,0.0,0.0,0.0,0.0,0.0,0.0,1.0,0.0,0.0,1.0,0.0,0.0,0.0,0.0,0.0,0.0,0.0,0.0,0.0,0.0,0.0,0.0,0.0,0.0,0.0,0.0,0.0,0.0,3.0,3.0,3.0,0.0,2.0,6.0,2.0,1.0,9.0,5.0,7.0,9.0,0.0,0.0,0.0,0.0,0.0,0.0,0.0,0.0,0.0,0.0,0.0,0.0,0.0,0.0,0.0,0.0,0.0,0.0,4.0,3.0,3.0,0.0,2.0,9.0,3.0,1.0,13.0,8.0,14.0,14.0
114,1.0,114.0,London_141,cons,151,453,1092.0,70.0,2.0,177576.0,0.985015484970063,849.0,98.0,1.0,97.0,188.0,8.0,180.0,46.0,350.0,49.0,17.0,26.0,2.0,6.0,1.0,2.0,5.0,85.0,135.0,228.0,13.0,5.0,5.0,0.0,0.0,0.0,0.0,0.0,0.0,0.0,50.0,0.0,16.0,0.0,26.0,0.0,3.0,1.0,4.0,1.0,49.0,0.0,0.0,0.0,0.0,0.0,0.0,0.0,0.0,0.0,0.0,0.0,0.0,0.0,1.0,0.0,0.0,0.0,0.0,4.0,14.0,10.0,1.0,3.0,19.0,9.0,8.0,16.0,17.0,8.0,18.0,0.0,0.0,0.0,0.0,0.0,0.0,0.0,0.0,0.0,0.0,0.0,0.0,0.0,1.0,0.0,0.0,0.0,0.0,9.0,19.0,10.0,1.0,3.0,27.0,11.0,13.0,21.0,24.0,12.0,22.0
115,1.0,115.0,London_141,cons,151,453,1092.0,70.0,2.0,171234.0,0.9161182837560773,835.0,96.0,2.0,94.0,179.0,18.0,161.0,104.0,345.0,39.0,28.0,33.0,1.0,6.0,0.0,1.0,3.0,86.0,131.0,233.0,12.0,5.0,5.0,0.0,0.0,0.0,0.0,0.0,0.0,0.0,49.0,0.0,13.0,0.0,28.0,1.0,3.0,0.0,4.0,2.0,47.0,0.0,0.0,0.0,0.0,0.0,0.0,0.0,0.0,0.0,0.0,0.0,0.0,1.0,0.0,0.0,0.0,0.0,0.0,3.0,10.0,3.0,0.0,6.0,19.0,8.0,10.0,9.0,10.0,14.0,12.0,0.0,0.0,0.0,0.0,0.0,0.0,0.0,0.0,0.0,0.0,0.0,0.0,1.0,0.0,0.0,0.0,0.0,0.0,4.0,13.0,4.0,0.0,7.0,23.0,9.0,15.0,12.0,13.0,16.0,15.0
116,1.0,116.0,London_141,cons,151,453,1092.0,70.0,2.0,167610.0,0.9109527743421495,827.0,105.0,0.0,105.0,180.0,0.0,180.0,101.0,343.0,39.0,28.0,31.0,2.0,8.0,1.0,1.0,2.0,72.0,153.0,226.0,13.0,0.0,0.0,0.0,0.0,0.0,0.0,0.0,0.0,0.0,48.0,0.0,17.0,0.0,21.0,0.0,4.0,1.0,5.0,0.0,48.0,0.0,0.0,0.0,0.0,0.0,0.0,0.0,0.0,0.0,0.0,0.0,0.0,0.0,0.0,0.0,0.0,0.0,0.0,9.0,11.0,5.0,3.0,6.0,12.0,16.0,3.0,16.0,15.0,18.0,19.0,0.0,0.0,0.0,0.0,0.0,0.0,0.0,0.0,0.0,0.0,0.0,0.0,0.0,0.0,0.0,0.0,0.0,0.0,10.0,13.0,5.0,4.0,6.0,15.0,17.0,4.0,20.0,19.0,22.0,19.0
117,1.0,117.0,London_141,cons,151,453,1092.0,70.0,2.0,155379.0,0.8598410179838538,800.0,101.0,2.0,99.0,192.0,19.0,173.0,99.0,344.0,38.0,31.0,29.0,2.0,5.0,0.0,4.0,2.0,77.0,149.0,225.0,10.0,8.0,8.0,0.0,0.0,0.0,0.0,0.0,0.0,0.0,47.0,0.0,20.0,0.0,20.0,1.0,5.0,0.0,1.0,2.0,45.0,0.0,0.0,0.0,0.0,0.0,0.0,0.0,0.0,0.0,0.0,0.0,0.0,0.0,0.0,0.0,0.0,0.0,0.0,6.0,9.0,13.0,1.0,5.0,13.0,11.0,15.0,9.0,14.0,19.0,21.0,0.0,0.0,0.0,0.0,0.0,0.0,0.0,0.0,0.0,0.0,0.0,0.0,0.0,0.0,0.0,0.0,0.0,0.0,6.0,11.0,13.0,1.0,5.0,15.0,18.0,20.0,11.0,18.0,24.0,27.0
118,1.0,118.0,London_141,cons,151,453,1092.0,70.0,2.0,143148.0,0.7380532347597182,773.0,66.0,0.0,66.0,113.0,0.0,113.0,120.0,332.0,43.0,24.0,38.0,1.0,13.0,0.0,2.0,3.0,92.0,133.0,225.0,18.0,3.0,3.0,0.0,0.0,0.0,0.0,0.0,0.0,0.0,7.0,0.0,3.0,0.0,2.0,1.0,0.0,0.0,1.0,0.0,7.0,0.0,0.0,0.0,0.0,0.0,0.0,0.0,0.0,0.0,0.0,0.0,0.0,0.0,0.0,0.0,0.0,0.0,0.0,3.0,9.0,6.0,0.0,5.0,18.0,6.0,11.0,15.0,14.0,16.0,8.0,0.0,0.0,0.0,0.0,0.0,0.0,0.0,0.0,0.0,0.0,0.0,0.0,0.0,0.0,0.0,0.0,0.0,0.0,4.0,13.0,6.0,0.0,5.0,27.0,10.0,15.0,21.0,22.0,22.0,12.0
119,1.0,119.0,London_141,cons,151,453,1092.0,70.0,2.0,150849.0,0.7668923051096499,790.0,81.0,0.0,81.0,139.0,0.0,139.0,108.0,332.0,46.0,24.0,30.0,1.0,16.0,1.0,3.0,4.0,86.0,149.0,214.0,18.0,4.0,4.0,0.0,0.0,0.0,0.0,0.0,0.0,0.0,22.0,0.0,9.0,0.0,12.0,1.0,0.0,0.0,0.0,0.0,22.0,0.0,0.0,0.0,0.0,0.0,0.0,0.0,0.0,0.0,0.0,0.0,0.0,0.0,0.0,0.0,0.0,0.0,0.0,2.0,11.0,6.0,0.0,4.0,14.0,8.0,12.0,16.0,14.0,19.0,19.0,0.0,0.0,0.0,0.0,0.0,0.0,0.0,0.0,0.0,0.0,0.0,0.0,0.0,0.0,0.0,0.0,0.0,0.0,2.0,18.0,7.0,0.0,5.0,20.0,9.0,18.0,27.0,20.0,25.0,25.0
120,1.0,120.0,London_141,cons,151,453,1092.0,70.0,2.0,154473.0,0.8287232220172882,798.0,114.0,3.0,111.0,207.0,25.0,182.0,114.0,330.0,40.0,22.0,38.0,4.0,13.0,2.0,4.0,7.0,86.0,138.0,222.0,15.0,9.0,9.0,0.0,0.0,0.0,0.0,0.0,0.0,0.0,36.0,0.0,4.0,0.0,23.0,3.0,5.0,0.0,1.0,3.0,33.0,0.0,0.0,0.0,0.0,0.0,0.0,0.0,0.0,0.0,1.0,0.0,0.0,0.0,0.0,0.0,0.0,0.0,0.0,11.0,8.0,4.0,0.0,6.0,18.0,12.0,10.0,17.0,16.0,14.0,28.0,0.0,0.0,0.0,0.0,0.0,0.0,0.0,0.0,0.0,2.0,0.0,0.0,0.0,0.0,0.0,0.0,0.0,0.0,13.0,10.0,4.0,0.0,6.0,20.0,17.0,12.0,24.0,20.0,16.0,32.0
121,1.0,121.0,London_141,cons,151,453,1092.0,70.0,2.0,131370.0,0.705260633956641,747.0,93.0,1.0,92.0,180.0,10.0,170.0,147.0,318.0,58.0,23.0,38.0,2.0,10.0,1.0,3.0,4.0,85.0,143.0,221.0,18.0,9.0,9.0,0.0,0.0,0.0,0.0,0.0,0.0,0.0,32.0,0.0,6.0,0.0,21.0,1.0,0.0,0.0,4.0,1.0,31.0,0.0,0.0,0.0,0.0,0.0,0.0,0.0,0.0,0.0,0.0,0.0,0.0,0.0,0.0,0.0,0.0,0.0,0.0,4.0,13.0,5.0,2.0,4.0,19.0,14.0,14.0,7.0,17.0,17.0,21.0,0.0,0.0,0.0,0.0,0.0,0.0,0.0,0.0,0.0,0.0,0.0,0.0,0.0,0.0,0.0,0.0,0.0,0.0,4.0,16.0,5.0,5.0,5.0,33.0,23.0,19.0,11.0,30.0,23.0,29.0
122,1.0,122.0,London_141,cons,151,453,1092.0,70.0,2.0,119592.0,0.6700258031487465,721.0,85.0,1.0,84.0,157.0,7.0,150.0,133.0,316.0,59.0,24.0,33.0,4.0,15.0,1.0,1.0,8.0,92.0,137.0,216.0,24.0,2.0,2.0,0.0,0.0,0.0,0.0,0.0,0.0,0.0,15.0,0.0,0.0,0.0,13.0,0.0,0.0,0.0,2.0,1.0,14.0,0.0,0.0,0.0,0.0,0.0,0.0,0.0,0.0,0.0,0.0,0.0,0.0,0.0,0.0,0.0,0.0,0.0,0.0,7.0,13.0,1.0,3.0,6.0,10.0,10.0,16.0,12.0,11.0,15.0,20.0,0.0,0.0,0.0,0.0,0.0,0.0,0.0,0.0,0.0,0.0,0.0,0.0,0.0,0.0,0.0,0.0,0.0,0.0,9.0,18.0,1.0,3.0,7.0,11.0,19.0,22.0,19.0,16.0,21.0,31.0
123,1.0,123.0,London_141,cons,151,453,1092.0,70.0,2.0,109626.0,0.6010064617730677,699.0,1.0,0.0,1.0,2.0,0.0,2.0,129.0,325.0,57.0,24.0,29.0,2.0,11.0,2.0,3.0,7.0,86.0,136.0,224.0,14.0,7.0,7.0,0.0,0.0,0.0,0.0,0.0,0.0,0.0,0.0,0.0,0.0,0.0,0.0,0.0,0.0,0.0,0.0,0.0,0.0,0.0,0.0,0.0,0.0,0.0,0.0,0.0,0.0,0.0,0.0,0.0,0.0,0.0,0.0,0.0,0.0,0.0,0.0,0.0,0.0,0.0,0.0,0.0,0.0,1.0,1.0,0.0,0.0,1.0,0.0,0.0,0.0,0.0,0.0,0.0,0.0,0.0,0.0,0.0,0.0,0.0,0.0,0.0,0.0,0.0,0.0,0.0,0.0,0.0,0.0,0.0,0.0,0.0,0.0,2.0,2.0,0.0,0.0,1.0,0.0
124,1.0,124.0,London_141,cons,151,453,1092.0,70.0,2.0,154020.0,0.8078579111024737,797.0,128.0,2.0,126.0,243.0,19.0,224.0,9.0,319.0,60.0,25.0,28.0,3.0,13.0,2.0,3.0,8.0,86.0,135.0,224.0,15.0,0.0,0.0,0.0,0.0,0.0,0.0,0.0,0.0,0.0,59.0,0.0,11.0,0.0,40.0,6.0,2.0,0.0,0.0,1.0,58.0,0.0,0.0,0.0,0.0,0.0,0.0,0.0,0.0,0.0,0.0,0.0,0.0,0.0,0.0,0.0,0.0,0.0,0.0,8.0,8.0,7.0,1.0,3.0,22.0,9.0,11.0,14.0,15.0,26.0,31.0,0.0,0.0,0.0,0.0,0.0,0.0,0.0,0.0,0.0,0.0,0.0,0.0,0.0,0.0,0.0,0.0,0.0,0.0,13.0,17.0,9.0,1.0,3.0,33.0,10.0,15.0,22.0,19.0,41.0,35.0
125,1.0,125.0,London_141,cons,151,453,1092.0,70.0,2.0,129105.0,0.7455190056934953,742.0,75.0,0.0,75.0,132.0,0.0,132.0,149.0,314.0,44.0,14.0,54.0,7.0,12.0,2.0,6.0,9.0,84.0,135.0,225.0,23.0,6.0,6.0,0.0,0.0,0.0,0.0,0.0,0.0,0.0,3.0,0.0,2.0,0.0,0.0,0.0,1.0,0.0,0.0,0.0,3.0,0.0,0.0,0.0,0.0,0.0,0.0,0.0,0.0,0.0,0.0,0.0,0.0,0.0,0.0,0.0,0.0,0.0,0.0,5.0,0.0,2.0,1.0,6.0,9.0,3.0,5.0,11.0,19.0,13.0,15.0,0.0,0.0,0.0,0.0,0.0,0.0,0.0,0.0,0.0,0.0,0.0,0.0,0.0,0.0,0.0,0.0,0.0,0.0,7.0,0.0,2.0,2.0,6.0,15.0,5.0,7.0,15.0,25.0,18.0,24.0
126,1.0,126.0,London_141,cons,151,453,1092.0,70.0,2.0,133182.0,0.6473792139440775,751.0,12.0,0.0,12.0,18.0,0.0,18.0,135.0,317.0,45.0,20.0,45.0,7.0,15.0,2.0,2.0,7.0,78.0,140.0,228.0,21.0,12.0,12.0,0.0,0.0,0.0,0.0,0.0,0.0,0.0,0.0,0.0,0.0,0.0,0.0,0.0,0.0,0.0,0.0,0.0,0.0,0.0,0.0,0.0,0.0,0.0,0.0,0.0,0.0,0.0,0.0,0.0,0.0,0.0,0.0,0.0,0.0,0.0,0.0,1.0,1.0,0.0,0.0,0.0,3.0,2.0,3.0,0.0,1.0,4.0,1.0,0.0,0.0,0.0,0.0,0.0,0.0,0.0,0.0,0.0,0.0,0.0,0.0,0.0,0.0,0.0,0.0,0.0,0.0,1.0,1.0,0.0,0.0,0.0,3.0,5.0,3.0,0.0,1.0,7.0,2.0
127,1.0,127.0,London_141,cons,151,453,1092.0,70.0,2.0,167610.0,0.824602534994483,827.0,87.0,0.0,87.0,158.0,0.0,158.0,32.0,297.0,51.0,23.0,54.0,9.0,14.0,2.0,3.0,7.0,76.0,146.0,224.0,21.0,11.0,11.0,0.0,0.0,0.0,0.0,0.0,0.0,0.0,11.0,0.0,11.0,0.0,0.0,0.0,0.0,0.0,0.0,0.0,11.0,0.0,0.0,0.0,0.0,0.0,0.0,0.0,0.0,0.0,0.0,0.0,0.0,0.0,0.0,0.0,0.0,0.0,0.0,9.0,7.0,3.0,0.0,6.0,13.0,15.0,13.0,14.0,20.0,17.0,23.0,0.0,0.0,0.0,0.0,0.0,0.0,0.0,0.0,0.0,0.0,0.0,0.0,0.0,0.0,0.0,0.0,0.0,0.0,11.0,11.0,3.0,0.0,6.0,17.0,27.0,22.0,29.0,31.0,31.0,30.0
128,1.0,128.0,London_141,cons,151,453,1092.0,70.0,2.0,166251.0,0.9651105189695954,824.0,68.0,2.0,66.0,129.0,17.0,112.0,153.0,295.0,52.0,22.0,59.0,3.0,19.0,1.0,2.0,6.0,83.0,148.0,216.0,16.0,2.0,2.0,0.0,0.0,0.0,0.0,0.0,0.0,0.0,1.0,0.0,1.0,0.0,0.0,0.0,0.0,0.0,0.0,1.0,0.0,0.0,0.0,0.0,0.0,0.0,0.0,0.0,0.0,1.0,0.0,0.0,0.0,1.0,0.0,0.0,0.0,0.0,0.0,5.0,7.0,1.0,4.0,5.0,5.0,7.0,1.0,8.0,14.0,12.0,11.0,0.0,0.0,0.0,0.0,0.0,0.0,0.0,0.0,2.0,0.0,0.0,0.0,7.0,0.0,0.0,0.0,0.0,0.0,6.0,9.0,1.0,6.0,5.0,7.0,8.0,2.0,10.0,25.0,16.0,12.0
129,1.0,129.0,London_141,cons,151,453,1092.0,70.0,2.0,170781.0,1.2966783051379025,834.0,182.0,2.0,180.0,347.0,18.0,329.0,128.0,289.0,54.0,21.0,59.0,2.0,23.0,1.0,4.0,5.0,87.0,136.0,225.0,17.0,4.0,4.0,0.0,0.0,0.0,0.0,0.0,0.0,0.0,87.0,0.0,34.0,6.0,35.0,0.0,0.0,3.0,9.0,2.0,85.0,0.0,0.0,0.0,0.0,0.0,0.0,0.0,0.0,0.0,0.0,0.0,0.0,0.0,0.0,0.0,0.0,0.0,0.0,9.0,9.0,4.0,0.0,6.0,26.0,9.0,14.0,25.0,21.0,23.0,25.0,0.0,0.0,0.0,0.0,0.0,0.0,0.0,0.0,0.0,0.0,0.0,0.0,0.0,0.0,0.0,0.0,0.0,0.0,9.0,13.0,4.0,0.0,6.0,31.0,13.0,19.0,34.0,34.0,34.0,32.0
130,1.0,130.0,London_141,cons,151,453,1092.0,70.0,2.0,125481.0,0.7253391710110009,734.0,79.0,0.0,79.0,135.0,0.0,135.0,191.0,281.0,70.0,18.0,49.0,10.0,17.0,1.0,7.0,12.0,68.0,152.0,221.0,24.0,3.0,3.0,0.0,0.0,0.0,0.0,0.0,0.0,0.0,5.0,0.0,0.0,0.0,0.0,0.0,0.0,0.0,5.0,0.0,5.0,0.0,0.0,0.0,0.0,0.0,0.0,0.0,0.0,0.0,0.0,0.0,0.0,0.0,0.0,0.0,0.0,0.0,0.0,8.0,9.0,2.0,1.0,2.0,12.0,6.0,6.0,21.0,11.0,21.0,22.0,0.0,0.0,0.0,0.0,0.0,0.0,0.0,0.0,0.0,0.0,0.0,0.0,0.0,0.0,0.0,0.0,0.0,0.0,8.0,12.0,2.0,2.0,2.0,14.0,10.0,10.0,31.0,15.0,32.0,33.0
131,1.0,131.0,London_141,cons,151,453,1092.0,70.0,2.0,129105.0,0.6607206640765071,742.0,48.0,2.0,46.0,96.0,19.0,77.0,131.0,288.0,79.0,9.0,45.0,9.0,19.0,1.0,3.0,10.0,71.0,143.0,229.0,28.0,1.0,1.0,0.0,0.0,0.0,0.0,0.0,0.0,0.0,4.0,0.0,0.0,0.0,0.0,1.0,1.0,1.0,1.0,2.0,2.0,0.0,0.0,0.0,0.0,0.0,0.0,0.0,0.0,1.0,0.0,0.0,1.0,0.0,1.0,1.0,0.0,0.0,0.0,0.0,0.0,1.0,0.0,0.0,3.0,6.0,1.0,5.0,7.0,16.0,5.0,0.0,0.0,0.0,0.0,0.0,0.0,0.0,0.0,1.0,0.0,0.0,3.0,0.0,3.0,3.0,0.0,0.0,0.0,0.0,0.0,1.0,0.0,0.0,3.0,7.0,1.0,5.0,11.0,20.0,6.0
132,1.0,132.0,London_141,cons,151,453,1092.0,70.0,2.0,146772.0,0.8463527453131974,781.0,97.0,1.0,96.0,180.0,9.0,171.0,81.0,287.0,102.0,16.0,24.0,6.0,17.0,0.0,1.0,11.0,66.0,139.0,237.0,24.0,2.0,2.0,0.0,0.0,0.0,0.0,0.0,0.0,0.0,26.0,0.0,0.0,4.0,19.0,0.0,1.0,0.0,2.0,1.0,25.0,0.0,0.0,0.0,0.0,0.0,0.0,0.0,0.0,1.0,0.0,0.0,0.0,0.0,1.0,1.0,0.0,0.0,0.0,1.0,9.0,4.0,2.0,2.0,5.0,9.0,3.0,2.0,19.0,12.0,24.0,0.0,0.0,0.0,0.0,0.0,0.0,0.0,0.0,2.0,0.0,0.0,0.0,0.0,5.0,1.0,0.0,0.0,0.0,1.0,15.0,4.0,3.0,2.0,5.0,13.0,4.0,3.0,32.0,18.0,34.0
133,1.0,133.0,London_141,cons,151,453,1092.0,70.0,2.0,138618.0,0.6792570711113513,763.0,0.0,0.0,0.0,0.0,0.0,0.0,139.0,289.0,94.0,13.0,41.0,4.0,9.0,0.0,3.0,9.0,67.0,133.0,244.0,20.0,1.0,1.0,0.0,0.0,0.0,0.0,0.0,0.0,0.0,0.0,0.0,0.0,0.0,0.0,0.0,0.0,0.0,0.0,0.0,0.0,0.0,0.0,0.0,0.0,0.0,0.0,0.0,0.0,0.0,0.0,0.0,0.0,0.0,0.0,0.0,0.0,0.0,0.0,0.0,0.0,0.0,0.0,0.0,0.0,0.0,0.0,0.0,0.0,0.0,0.0,0.0,0.0,0.0,0.0,0.0,0.0,0.0,0.0,0.0,0.0,0.0,0.0,0.0,0.0,0.0,0.0,0.0,0.0,0.0,0.0,0.0,0.0,0.0,0.0,0.0,0.0,0.0,0.0,0.0,0.0
134,1.0,134.0,London_141,cons,151,453,1092.0,70.0,2.0,175311.0,0.9659353769384325,844.0,118.0,0.0,118.0,217.0,0.0,217.0,1.0,288.0,94.0,13.0,41.0,4.0,9.0,1.0,3.0,9.0,67.0,133.0,244.0,20.0,3.0,3.0,0.0,0.0,0.0,0.0,0.0,0.0,0.0,28.0,0.0,0.0,1.0,25.0,0.0,0.0,1.0,1.0,0.0,28.0,0.0,0.0,0.0,0.0,0.0,0.0,0.0,0.0,0.0,0.0,0.0,0.0,0.0,0.0,0.0,0.0,0.0,0.0,8.0,10.0,9.0,3.0,2.0,19.0,12.0,19.0,16.0,23.0,25.0,30.0,0.0,0.0,0.0,0.0,0.0,0.0,0.0,0.0,0.0,0.0,0.0,0.0,0.0,0.0,0.0,0.0,0.0,0.0,10.0,15.0,9.0,5.0,3.0,28.0,19.0,31.0,21.0,37.0,35.0,39.0
135,1.0,135.0,London_141,cons,151,453,1092.0,70.0,2.0,158550.0,0.8919070730917156,807.0,85.0,1.0,84.0,166.0,10.0,156.0,180.0,288.0,71.0,17.0,51.0,5.0,19.0,0.0,2.0,8.0,79.0,135.0,231.0,19.0,3.0,3.0,0.0,0.0,0.0,0.0,0.0,0.0,0.0,1.0,0.0,1.0,0.0,0.0,0.0,0.0,0.0,0.0,1.0,0.0,0.0,0.0,0.0,0.0,0.0,0.0,0.0,0.0,0.0,1.0,0.0,0.0,0.0,1.0,0.0,0.0,0.0,0.0,1.0,8.0,10.0,2.0,4.0,6.0,8.0,6.0,9.0,20.0,20.0,18.0,0.0,0.0,0.0,0.0,0.0,0.0,0.0,0.0,0.0,2.0,0.0,0.0,0.0,5.0,0.0,0.0,0.0,0.0,1.0,12.0,11.0,5.0,4.0,12.0,11.0,9.0,9.0,35.0,32.0,27.0
136,1.0,136.0,London_141,cons,151,453,1092.0,70.0,2.0,156285.0,0.8823473849333823,802.0,87.0,0.0,87.0,153.0,0.0,153.0,166.0,300.0,58.0,17.0,53.0,6.0,13.0,2.0,4.0,9.0,73.0,153.0,218.0,20.0,4.0,4.0,0.0,0.0,0.0,0.0,0.0,0.0,0.0,8.0,0.0,0.0,0.0,2.0,0.0,0.0,1.0,5.0,0.0,8.0,0.0,0.0,0.0,0.0,0.0,0.0,0.0,0.0,0.0,0.0,0.0,0.0,0.0,0.0,0.0,0.0,0.0,0.0,5.0,8.0,9.0,3.0,2.0,6.0,5.0,7.0,10.0,12.0,13.0,19.0,0.0,0.0,0.0,0.0,0.0,0.0,0.0,0.0,0.0,0.0,0.0,0.0,0.0,0.0,0.0,0.0,0.0,0.0,5.0,10.0,9.0,4.0,2.0,9.0,6.0,11.0,14.0,18.0,15.0,24.0
137,1.0,137.0,London_141,cons,151,453,1092.0,70.0,2.0,154473.0,0.8573530558496714,798.0,114.0,2.0,112.0,203.0,17.0,186.0,145.0,312.0,57.0,24.0,36.0,9.0,11.0,1.0,3.0,9.0,79.0,147.0,218.0,27.0,5.0,5.0,0.0,0.0,0.0,0.0,0.0,0.0,0.0,42.0,0.0,11.0,0.0,25.0,0.0,0.0,0.0,6.0,2.0,40.0,0.0,0.0,0.0,0.0,0.0,0.0,0.0,0.0,0.0,0.0,0.0,0.0,0.0,0.0,1.0,0.0,0.0,0.0,4.0,12.0,2.0,4.0,6.0,14.0,11.0,7.0,14.0,15.0,25.0,26.0,0.0,0.0,0.0,0.0,0.0,0.0,0.0,0.0,0.0,0.0,0.0,0.0,0.0,0.0,1.0,0.0,0.0,0.0,6.0,16.0,2.0,6.0,6.0,16.0,13.0,10.0,20.0,19.0,30.0,31.0
138,1.0,138.0,London_141,cons,151,453,1092.0,70.0,2.0,140430.0,0.7653052979148924,767.0,123.0,1.0,122.0,222.0,12.0,210.0,141.0,309.0,59.0,23.0,43.0,11.0,7.0,0.0,1.0,11.0,76.0,146.0,220.0,23.0,5.0,5.0,0.0,0.0,0.0,0.0,0.0,0.0,0.0,41.0,0.0,12.0,0.0,18.0,0.0,2.0,3.0,6.0,1.0,40.0,0.0,0.0,0.0,0.0,0.0,0.0,0.0,0.0,0.0,0.0,0.0,1.0,0.0,0.0,0.0,0.0,0.0,0.0,9.0,9.0,4.0,0.0,9.0,20.0,10.0,9.0,19.0,16.0,22.0,19.0,0.0,0.0,0.0,0.0,0.0,0.0,0.0,0.0,0.0,0.0,0.0,1.0,0.0,0.0,0.0,0.0,0.0,0.0,11.0,10.0,4.0,0.0,9.0,24.0,12.0,12.0,29.0,27.0,32.0,29.0
139,1.0,139.0,London_141,cons,151,453,1092.0,70.0,2.0,113703.0,0.6084949690848589,708.0,45.0,2.0,43.0,96.0,19.0,77.0,155.0,317.0,62.0,9.0,34.0,5.0,20.0,2.0,4.0,13.0,76.0,134.0,230.0,22.0,5.0,5.0,0.0,0.0,0.0,0.0,0.0,0.0,0.0,3.0,0.0,0.0,0.0,1.0,0.0,1.0,0.0,1.0,2.0,1.0,0.0,0.0,0.0,0.0,0.0,0.0,0.0,0.0,0.0,1.0,0.0,1.0,0.0,1.0,2.0,0.0,0.0,0.0,2.0,2.0,0.0,1.0,0.0,9.0,5.0,1.0,3.0,10.0,10.0,9.0,0.0,0.0,0.0,0.0,0.0,0.0,0.0,0.0,0.0,2.0,0.0,3.0,0.0,1.0,3.0,0.0,0.0,0.0,3.0,3.0,0.0,1.0,0.0,13.0,7.0,1.0,5.0,18.0,12.0,12.0
140,1.0,140.0,London_141,cons,151,453,1092.0,70.0,2.0,128652.0,0.6212124009616673,741.0,77.0,0.0,77.0,136.0,0.0,136.0,87.0,323.0,62.0,11.0,32.0,3.0,19.0,0.0,3.0,10.0,74.0,139.0,230.0,19.0,5.0,5.0,0.0,0.0,0.0,0.0,0.0,0.0,0.0,11.0,0.0,0.0,0.0,11.0,0.0,0.0,0.0,0.0,0.0,11.0,0.0,0.0,0.0,0.0,0.0,0.0,0.0,0.0,0.0,0.0,0.0,0.0,0.0,0.0,0.0,0.0,0.0,0.0,1.0,10.0,4.0,1.0,5.0,10.0,11.0,10.0,16.0,17.0,16.0,20.0,0.0,0.0,0.0,0.0,0.0,0.0,0.0,0.0,0.0,0.0,0.0,0.0,0.0,0.0,0.0,0.0,0.0,0.0,1.0,13.0,5.0,1.0,5.0,18.0,14.0,16.0,21.0,29.0,25.0,28.0
141,1.0,141.0,London_141,cons,151,453,1092.0,70.0,2.0,124122.0,0.5829075770452619,731.0,4.0,0.0,4.0,8.0,0.0,8.0,125.0,321.0,49.0,19.0,39.0,6.0,15.0,2.0,2.0,8.0,68.0,141.0,236.0,13.0,0.0,0.0,0.0,0.0,0.0,0.0,0.0,0.0,0.0,0.0,0.0,0.0,0.0,0.0,0.0,0.0,0.0,0.0,0.0,0.0,0.0,0.0,0.0,0.0,0.0,0.0,0.0,0.0,0.0,0.0,0.0,0.0,0.0,0.0,0.0,0.0,0.0,0.0,0.0,0.0,1.0,0.0,1.0,0.0,1.0,1.0,0.0,1.0,0.0,0.0,0.0,0.0,0.0,0.0,0.0,0.0,0.0,0.0,0.0,0.0,0.0,0.0,0.0,0.0,0.0,0.0,0.0,0.0,0.0,0.0,1.0,0.0,1.0,0.0,2.0,1.0,0.0,1.0,0.0,0.0
142,1.0,142.0,London_141,cons,151,453,1092.0,70.0,2.0,173046.0,0.9906221749261022,839.0,102.0,1.0,101.0,188.0,9.0,179.0,8.0,318.0,53.0,19.0,39.0,6.0,13.0,2.0,3.0,9.0,68.0,142.0,234.0,13.0,3.0,3.0,0.0,0.0,0.0,0.0,0.0,0.0,0.0,32.0,0.0,15.0,0.0,13.0,1.0,1.0,2.0,0.0,1.0,31.0,0.0,0.0,0.0,0.0,0.0,0.0,0.0,0.0,1.0,0.0,0.0,0.0,1.0,0.0,1.0,0.0,0.0,0.0,3.0,1.0,3.0,0.0,0.0,2.0,8.0,0.0,2.0,16.0,24.0,17.0,0.0,0.0,0.0,0.0,0.0,0.0,0.0,0.0,3.0,0.0,0.0,0.0,4.0,0.0,1.0,0.0,0.0,0.0,4.0,1.0,3.0,0.0,0.0,3.0,11.0,0.0,3.0,23.0,33.0,22.0
143,1.0,143.0,London_141,cons,151,453,1092.0,70.0,2.0,165798.0,0.8997610080987215,823.0,103.0,0.0,103.0,194.0,0.0,194.0,140.0,323.0,45.0,22.0,37.0,5.0,16.0,1.0,4.0,4.0,66.0,144.0,239.0,14.0,5.0,5.0,0.0,0.0,0.0,0.0,0.0,0.0,0.0,34.0,0.0,21.0,0.0,12.0,0.0,0.0,1.0,0.0,0.0,34.0,0.0,0.0,0.0,0.0,0.0,0.0,0.0,0.0,0.0,0.0,0.0,0.0,0.0,0.0,0.0,0.0,0.0,0.0,1.0,4.0,8.0,0.0,6.0,20.0,13.0,5.0,17.0,18.0,30.0,14.0,0.0,0.0,0.0,0.0,0.0,0.0,0.0,0.0,0.0,0.0,0.0,0.0,0.0,0.0,0.0,0.0,0.0,0.0,1.0,5.0,9.0,0.0,7.0,27.0,19.0,9.0,22.0,27.0,41.0,19.0
144,1.0,144.0,London_141,cons,151,453,1092.0,70.0,2.0,160362.0,0.9363875710405409,811.0,73.0,2.0,71.0,153.0,20.0,133.0,146.0,312.0,53.0,8.0,50.0,5.0,18.0,3.0,4.0,11.0,67.0,127.0,248.0,22.0,3.0,3.0,0.0,0.0,0.0,0.0,0.0,0.0,0.0,5.0,0.0,0.0,3.0,0.0,0.0,1.0,0.0,1.0,2.0,3.0,0.0,0.0,0.0,0.0,0.0,0.0,0.0,0.0,0.0,1.0,0.0,1.0,0.0,1.0,1.0,0.0,0.0,0.0,4.0,5.0,1.0,2.0,0.0,6.0,11.0,6.0,4.0,21.0,18.0,13.0,0.0,0.0,0.0,0.0,0.0,0.0,0.0,0.0,0.0,2.0,0.0,2.0,0.0,1.0,1.0,0.0,0.0,0.0,4.0,6.0,1.0,5.0,0.0,12.0,17.0,9.0,5.0,36.0,24.0,21.0
145,1.0,145.0,London_141,cons,151,453,1092.0,70.0,2.0,168063.0,0.9324821489863098,828.0,62.0,2.0,60.0,126.0,20.0,106.0,135.0,315.0,53.0,10.0,48.0,8.0,17.0,0.0,2.0,11.0,62.0,131.0,249.0,18.0,4.0,4.0,0.0,0.0,0.0,0.0,0.0,0.0,0.0,3.0,0.0,0.0,0.0,0.0,0.0,2.0,0.0,1.0,2.0,1.0,0.0,0.0,0.0,0.0,0.0,0.0,0.0,0.0,1.0,0.0,0.0,0.0,1.0,0.0,0.0,0.0,0.0,0.0,1.0,0.0,0.0,2.0,3.0,6.0,8.0,6.0,3.0,13.0,13.0,4.0,0.0,0.0,0.0,0.0,0.0,0.0,0.0,0.0,2.0,0.0,0.0,0.0,2.0,0.0,0.0,0.0,0.0,0.0,2.0,0.0,0.0,3.0,3.0,12.0,10.0,10.0,4.0,21.0,18.0,4.0
146,1.0,146.0,London_141,cons,151,453,1092.0,70.0,2.0,178482.0,0.959663552697748,851.0,144.0,1.0,143.0,254.0,10.0,244.0,114.0,312.0,63.0,13.0,40.0,4.0,15.0,0.0,6.0,7.0,77.0,129.0,240.0,18.0,0.0,0.0,0.0,0.0,0.0,0.0,0.0,0.0,0.0,55.0,0.0,6.0,2.0,34.0,2.0,2.0,4.0,5.0,1.0,54.0,0.0,0.0,0.0,0.0,0.0,0.0,0.0,0.0,0.0,0.0,0.0,0.0,0.0,1.0,0.0,0.0,0.0,0.0,13.0,13.0,6.0,1.0,4.0,22.0,16.0,14.0,17.0,24.0,26.0,30.0,0.0,0.0,0.0,0.0,0.0,0.0,0.0,0.0,0.0,0.0,0.0,0.0,0.0,1.0,0.0,0.0,0.0,0.0,18.0,19.0,6.0,1.0,4.0,31.0,24.0,20.0,27.0,34.0,40.0,39.0
147,1.0,147.0,London_141,cons,151,453,1092.0,70.0,2.0,147678.0,0.8045905530452728,783.0,100.0,2.0,98.0,187.0,18.0,169.0,165.0,311.0,50.0,16.0,49.0,7.0,16.0,1.0,3.0,12.0,67.0,136.0,238.0,19.0,4.0,4.0,0.0,0.0,0.0,0.0,0.0,0.0,0.0,25.0,0.0,19.0,0.0,2.0,0.0,1.0,1.0,2.0,2.0,23.0,0.0,0.0,0.0,0.0,0.0,0.0,0.0,0.0,0.0,0.0,0.0,1.0,0.0,1.0,1.0,0.0,0.0,0.0,3.0,0.0,0.0,0.0,6.0,7.0,0.0,3.0,13.0,19.0,22.0,13.0,0.0,0.0,0.0,0.0,0.0,0.0,0.0,0.0,0.0,0.0,0.0,3.0,0.0,4.0,3.0,0.0,0.0,0.0,3.0,0.0,0.0,0.0,6.0,9.0,0.0,4.0,14.0,26.0,32.0,18.0
148,1.0,148.0,London_141,cons,151,453,1092.0,70.0,2.0,131370.0,0.7105285096913576,747.0,124.0,0.0,124.0,218.0,0.0,218.0,145.0,320.0,58.0,12.0,38.0,6.0,14.0,0.0,5.0,6.0,57.0,137.0,253.0,16.0,0.0,0.0,0.0,0.0,0.0,0.0,0.0,0.0,0.0,43.0,0.0,2.0,4.0,31.0,0.0,0.0,1.0,5.0,0.0,43.0,0.0,0.0,0.0,0.0,0.0,0.0,0.0,0.0,0.0,0.0,0.0,0.0,0.0,0.0,0.0,0.0,0.0,0.0,4.0,15.0,6.0,0.0,2.0,8.0,5.0,9.0,12.0,16.0,20.0,23.0,0.0,0.0,0.0,0.0,0.0,0.0,0.0,0.0,0.0,0.0,0.0,0.0,0.0,0.0,0.0,0.0,0.0,0.0,6.0,18.0,7.0,0.0,2.0,9.0,9.0,11.0,19.0,26.0,28.0,32.0
149,1.0,149.0,London_141,cons,151,453,1092.0,70.0,2.0,115515.0,0.5965604269877076,712.0,7.0,2.0,5.0,29.0,20.0,9.0,151.0,315.0,57.0,9.0,42.0,5.0,18.0,3.0,4.0,10.0,55.0,138.0,250.0,18.0,1.0,1.0,0.0,0.0,0.0,0.0,0.0,0.0,0.0,2.0,0.0,0.0,0.0,1.0,0.0,1.0,0.0,0.0,2.0,0.0,0.0,0.0,0.0,0.0,0.0,0.0,0.0,0.0,2.0,0.0,0.0,0.0,0.0,1.0,1.0,0.0,0.0,0.0,0.0,0.0,0.0,0.0,0.0,1.0,2.0,0.0,2.0,0.0,2.0,4.0,0.0,0.0,0.0,0.0,0.0,0.0,0.0,0.0,3.0,0.0,0.0,0.0,0.0,2.0,1.0,0.0,0.0,0.0,0.0,0.0,0.0,0.0,0.0,1.0,4.0,0.0,3.0,0.0,3.0,5.0
150,1.0,150.0,London_141,cons,151,453,1092.0,70.0,2.0,156285.0,0.8787143989466131,802.0,40.0,0.0,40.0,66.0,0.0,66.0,16.0,318.0,59.0,10.0,39.0,4.0,15.0,3.0,5.0,9.0,52.0,136.0,256.0,13.0,1.0,1.0,0.0,0.0,0.0,0.0,0.0,0.0,0.0,0.0,0.0,0.0,0.0,0.0,0.0,0.0,0.0,0.0,0.0,0.0,0.0,0.0,0.0,0.0,0.0,0.0,0.0,0.0,0.0,0.0,0.0,0.0,0.0,0.0,0.0,0.0,0.0,0.0,6.0,6.0,4.0,2.0,2.0,12.0,5.0,4.0,9.0,5.0,13.0,10.0,0.0,0.0,0.0,0.0,0.0,0.0,0.0,0.0,0.0,0.0,0.0,0.0,0.0,0.0,0.0,0.0,0.0,0.0,9.0,11.0,4.0,3.0,2.0,15.0,8.0,4.0,13.0,9.0,18.0,16.0
151,1.0,151.0,London_141,cons,151,453,1092.0,70.0,2.0,184824.0,0.976773452013731,865.0,88.0,0.0,88.0,141.0,0.0,141.0,67.0,327.0,54.0,8.0,39.0,5.0,12.0,3.0,5.0,12.0,59.0,136.0,246.0,22.0,0.0,0.0,0.0,0.0,0.0,0.0,0.0,0.0,0.0,13.0,0.0,9.0,0.0,0.0,3.0,1.0,0.0,0.0,0.0,13.0,0.0,0.0,0.0,0.0,0.0,0.0,0.0,0.0,0.0,0.0,0.0,0.0,0.0,0.0,0.0,0.0,0.0,0.0,3.0,5.0,4.0,0.0,1.0,17.0,10.0,16.0,18.0,12.0,24.0,20.0,0.0,0.0,0.0,0.0,0.0,0.0,0.0,0.0,0.0,0.0,0.0,0.0,0.0,0.0,0.0,0.0,0.0,0.0,5.0,6.0,4.0,0.0,2.0,19.0,16.0,25.0,20.0,16.0,29.0,25.0
152,1.0,152.0,London_141,cons,151,453,1092.0,70.0,2.0,193431.0,1.0660814451985061,884.0,148.0,2.0,146.0,273.0,17.0,256.0,127.0,330.0,48.0,17.0,40.0,5.0,7.0,2.0,4.0,11.0,62.0,142.0,238.0,15.0,5.0,5.0,0.0,0.0,0.0,0.0,0.0,0.0,0.0,75.0,0.0,34.0,0.0,26.0,0.0,11.0,4.0,0.0,2.0,73.0,0.0,0.0,0.0,0.0,0.0,0.0,0.0,0.0,0.0,0.0,0.0,0.0,0.0,0.0,0.0,0.0,0.0,0.0,5.0,15.0,7.0,2.0,4.0,20.0,16.0,19.0,13.0,19.0,25.0,18.0,0.0,0.0,0.0,0.0,0.0,0.0,0.0,0.0,0.0,0.0,0.0,0.0,0.0,0.0,0.0,0.0,0.0,0.0,6.0,22.0,7.0,3.0,4.0,27.0,23.0,25.0,17.0,28.0,29.0,27.0
153,1.0,153.0,London_141,cons,151,453,1092.0,70.0,2.0,167610.0,0.9017189759761095,827.0,84.0,0.0,84.0,140.0,0.0,140.0,148.0,320.0,64.0,9.0,39.0,3.0,14.0,2.0,2.0,6.0,52.0,150.0,245.0,18.0,0.0,0.0,0.0,0.0,0.0,0.0,0.0,0.0,0.0,12.0,0.0,0.0,0.0,7.0,0.0,0.0,0.0,5.0,0.0,12.0,0.0,0.0,0.0,0.0,0.0,0.0,0.0,0.0,0.0,0.0,0.0,0.0,0.0,0.0,0.0,0.0,0.0,0.0,10.0,11.0,4.0,1.0,8.0,15.0,12.0,14.0,9.0,18.0,15.0,18.0,0.0,0.0,0.0,0.0,0.0,0.0,0.0,0.0,0.0,0.0,0.0,0.0,0.0,0.0,0.0,0.0,0.0,0.0,11.0,16.0,5.0,1.0,8.0,19.0,16.0,20.0,10.0,29.0,24.0,23.0
154,1.0,154.0,London_141,cons,151,453,1092.0,70.0,2.0,165798.0,0.8848748127929866,823.0,32.0,2.0,30.0,72.0,17.0,55.0,125.0,321.0,57.0,14.0,46.0,4.0,10.0,1.0,0.0,8.0,54.0,152.0,239.0,11.0,4.0,4.0,0.0,0.0,0.0,0.0,0.0,0.0,0.0,1.0,0.0,0.0,0.0,0.0,0.0,1.0,0.0,0.0,1.0,0.0,0.0,0.0,0.0,0.0,0.0,0.0,0.0,0.0,1.0,0.0,0.0,1.0,1.0,0.0,2.0,0.0,0.0,0.0,1.0,0.0,0.0,0.0,0.0,5.0,5.0,5.0,1.0,7.0,2.0,9.0,0.0,0.0,0.0,0.0,0.0,0.0,0.0,0.0,1.0,0.0,0.0,3.0,5.0,0.0,5.0,0.0,0.0,0.0,1.0,0.0,0.0,0.0,0.0,6.0,7.0,7.0,2.0,11.0,2.0,12.0
155,1.0,155.0,London_141,cons,151,453,1092.0,70.0,2.0,190260.0,1.102164113894105,877.0,197.0,0.0,197.0,329.0,0.0,329.0,69.0,322.0,62.0,12.0,44.0,3.0,7.0,1.0,2.0,6.0,58.0,146.0,243.0,17.0,6.0,6.0,0.0,0.0,0.0,0.0,0.0,0.0,0.0,111.0,0.0,37.0,10.0,44.0,1.0,16.0,0.0,3.0,0.0,111.0,0.0,0.0,0.0,0.0,0.0,0.0,0.0,0.0,0.0,0.0,0.0,0.0,0.0,0.0,0.0,0.0,0.0,0.0,9.0,9.0,5.0,0.0,8.0,19.0,12.0,14.0,22.0,25.0,19.0,28.0,0.0,0.0,0.0,0.0,0.0,0.0,0.0,0.0,0.0,0.0,0.0,0.0,0.0,0.0,0.0,0.0,0.0,0.0,10.0,10.0,5.0,0.0,8.0,25.0,19.0,16.0,34.0,27.0,22.0,37.0
156,1.0,156.0,London_141,cons,151,453,1092.0,70.0,2.0,139071.0,0.7061329940333962,764.0,28.0,1.0,27.0,52.0,8.0,44.0,171.0,300.0,65.0,13.0,49.0,4.0,19.0,0.0,3.0,6.0,53.0,153.0,241.0,20.0,9.0,9.0,0.0,0.0,0.0,0.0,0.0,0.0,0.0,0.0,0.0,0.0,0.0,0.0,0.0,0.0,0.0,0.0,0.0,0.0,0.0,0.0,0.0,0.0,0.0,0.0,0.0,0.0,1.0,0.0,0.0,0.0,0.0,1.0,0.0,0.0,0.0,0.0,2.0,5.0,0.0,1.0,1.0,8.0,1.0,8.0,6.0,0.0,11.0,6.0,0.0,0.0,0.0,0.0,0.0,0.0,0.0,0.0,1.0,0.0,0.0,0.0,0.0,8.0,0.0,0.0,0.0,0.0,3.0,5.0,0.0,1.0,1.0,12.0,3.0,13.0,7.0,0.0,15.0,7.0
157,1.0,157.0,London_141,cons,151,453,1092.0,70.0,2.0,165345.0,1.2843398149125278,822.0,100.0,2.0,98.0,192.0,18.0,174.0,62.0,302.0,66.0,14.0,47.0,5.0,12.0,1.0,6.0,7.0,52.0,156.0,238.0,16.0,11.0,11.0,0.0,0.0,0.0,0.0,0.0,0.0,0.0,18.0,0.0,0.0,0.0,14.0,0.0,0.0,2.0,2.0,2.0,16.0,0.0,0.0,0.0,0.0,0.0,0.0,0.0,0.0,0.0,0.0,0.0,0.0,1.0,0.0,0.0,0.0,0.0,0.0,4.0,5.0,7.0,0.0,6.0,16.0,10.0,9.0,14.0,15.0,16.0,19.0,0.0,0.0,0.0,0.0,0.0,0.0,0.0,0.0,0.0,0.0,0.0,0.0,1.0,0.0,0.0,0.0,0.0,0.0,4.0,7.0,7.0,0.0,6.0,23.0,13.0,12.0,22.0,26.0,23.0,27.0
158,1.0,158.0,London_141,cons,151,453,1092.0,70.0,2.0,156738.0,0.7779570361599326,803.0,139.0,0.0,139.0,239.0,0.0,239.0,161.0,301.0,55.0,24.0,49.0,6.0,17.0,1.0,0.0,9.0,57.0,155.0,232.0,20.0,0.0,0.0,0.0,0.0,0.0,0.0,0.0,0.0,0.0,49.0,0.0,17.0,0.0,26.0,1.0,0.0,0.0,5.0,0.0,49.0,0.0,0.0,0.0,0.0,0.0,0.0,0.0,0.0,0.0,0.0,0.0,0.0,0.0,0.0,0.0,0.0,0.0,0.0,11.0,13.0,2.0,1.0,9.0,19.0,9.0,4.0,12.0,19.0,24.0,24.0,0.0,0.0,0.0,0.0,0.0,0.0,0.0,0.0,0.0,0.0,0.0,0.0,0.0,0.0,0.0,0.0,0.0,0.0,11.0,18.0,2.0,2.0,9.0,25.0,15.0,5.0,17.0,27.0,30.0,33.0
159,1.0,159.0,London_141,cons,151,453,1092.0,70.0,2.0,129105.0,0.7169108823873103,742.0,82.0,2.0,80.0,150.0,19.0,131.0,163.0,294.0,63.0,20.0,51.0,2.0,20.0,0.0,3.0,8.0,55.0,148.0,242.0,25.0,2.0,2.0,0.0,0.0,0.0,0.0,0.0,0.0,0.0,8.0,0.0,1.0,0.0,0.0,0.0,1.0,0.0,6.0,2.0,6.0,0.0,0.0,0.0,0.0,0.0,0.0,0.0,0.0,2.0,0.0,0.0,0.0,0.0,0.0,2.0,0.0,0.0,0.0,4.0,2.0,0.0,1.0,1.0,6.0,1.0,5.0,5.0,9.0,13.0,16.0,0.0,0.0,0.0,0.0,0.0,0.0,0.0,0.0,2.0,0.0,0.0,0.0,0.0,0.0,4.0,0.0,0.0,0.0,4.0,3.0,0.0,1.0,1.0,7.0,1.0,6.0,5.0,13.0,21.0,17.0
160,1.0,160.0,London_141,cons,151,453,1092.0,70.0,2.0,122310.0,0.5743382791988552,727.0,13.0,0.0,13.0,27.0,0.0,27.0,136.0,289.0,66.0,22.0,47.0,2.0,21.0,2.0,4.0,6.0,61.0,136.0,250.0,25.0,5.0,5.0,0.0,0.0,0.0,0.0,0.0,0.0,0.0,0.0,0.0,0.0,0.0,0.0,0.0,0.0,0.0,0.0,0.0,0.0,0.0,0.0,0.0,0.0,0.0,0.0,0.0,0.0,0.0,0.0,0.0,0.0,0.0,0.0,0.0,0.0,0.0,0.0,3.0,0.0,0.0,1.0,0.0,2.0,1.0,0.0,1.0,3.0,3.0,7.0,0.0,0.0,0.0,0.0,0.0,0.0,0.0,0.0,0.0,0.0,0.0,0.0,0.0,0.0,0.0,0.0,0.0,0.0,4.0,0.0,0.0,2.0,0.0,3.0,1.0,0.0,2.0,5.0,6.0,8.0
161,1.0,161.0,London_141,cons,151,453,1092.0,70.0,2.0,154020.0,0.7622580626048148,797.0,154.0,0.0,154.0,258.0,0.0,258.0,32.0,290.0,71.0,20.0,45.0,2.0,19.0,2.0,4.0,8.0,62.0,135.0,248.0,23.0,0.0,0.0,0.0,0.0,0.0,0.0,0.0,0.0,0.0,56.0,0.0,16.0,0.0,32.0,4.0,2.0,1.0,1.0,0.0,56.0,0.0,0.0,0.0,0.0,0.0,0.0,0.0,0.0,0.0,0.0,0.0,0.0,0.0,0.0,0.0,0.0,0.0,0.0,7.0,7.0,7.0,2.0,5.0,21.0,19.0,13.0,15.0,19.0,27.0,17.0,0.0,0.0,0.0,0.0,0.0,0.0,0.0,0.0,0.0,0.0,0.0,0.0,0.0,0.0,0.0,0.0,0.0,0.0,8.0,9.0,7.0,2.0,5.0,28.0,26.0,18.0,21.0,23.0,34.0,24.0
162,1.0,162.0,London_141,cons,151,453,1092.0,70.0,2.0,120045.0,0.5872885310091078,722.0,55.0,3.0,52.0,127.0,25.0,102.0,176.0,291.0,68.0,15.0,53.0,2.0,19.0,2.0,3.0,6.0,54.0,159.0,234.0,33.0,3.0,3.0,0.0,0.0,0.0,0.0,0.0,0.0,0.0,7.0,0.0,0.0,0.0,0.0,3.0,2.0,1.0,1.0,3.0,4.0,0.0,0.0,0.0,0.0,0.0,0.0,0.0,0.0,0.0,1.0,0.0,0.0,1.0,0.0,0.0,0.0,0.0,0.0,6.0,4.0,0.0,1.0,4.0,7.0,7.0,11.0,9.0,10.0,10.0,17.0,0.0,0.0,0.0,0.0,0.0,0.0,0.0,0.0,0.0,1.0,0.0,0.0,2.0,0.0,0.0,0.0,0.0,0.0,9.0,4.0,0.0,1.0,5.0,9.0,11.0,15.0,15.0,13.0,15.0,20.0
163,1.0,163.0,London_141,cons,151,453,1092.0,70.0,2.0,128199.0,0.68055888870731,740.0,90.0,1.0,89.0,154.0,10.0,144.0,102.0,292.0,68.0,9.0,63.0,2.0,16.0,1.0,2.0,9.0,52.0,149.0,243.0,40.0,1.0,1.0,0.0,0.0,0.0,0.0,0.0,0.0,0.0,2.0,0.0,0.0,1.0,1.0,0.0,0.0,0.0,0.0,1.0,1.0,0.0,0.0,0.0,0.0,0.0,0.0,0.0,0.0,0.0,0.0,0.0,1.0,0.0,0.0,1.0,0.0,0.0,0.0,2.0,5.0,2.0,0.0,2.0,5.0,4.0,10.0,7.0,13.0,20.0,12.0,0.0,0.0,0.0,0.0,0.0,0.0,0.0,0.0,0.0,0.0,0.0,3.0,0.0,0.0,1.0,0.0,0.0,0.0,3.0,5.0,2.0,0.0,2.0,5.0,5.0,15.0,10.0,20.0,31.0,18.0
164,1.0,164.0,London_141,cons,151,453,1092.0,70.0,2.0,110532.0,0.9430636530742049,701.0,1.0,1.0,0.0,7.0,7.0,0.0,150.0,300.0,75.0,12.0,41.0,3.0,17.0,0.0,5.0,6.0,54.0,164.0,229.0,28.0,8.0,8.0,0.0,0.0,0.0,0.0,0.0,0.0,0.0,1.0,0.0,0.0,0.0,1.0,0.0,0.0,0.0,0.0,1.0,0.0,0.0,0.0,0.0,0.0,0.0,0.0,0.0,0.0,1.0,0.0,0.0,0.0,0.0,0.0,1.0,0.0,0.0,0.0,0.0,0.0,0.0,0.0,0.0,0.0,0.0,0.0,0.0,0.0,0.0,0.0,0.0,0.0,0.0,0.0,0.0,0.0,0.0,0.0,2.0,0.0,0.0,0.0,0.0,0.0,2.0,0.0,0.0,0.0,0.0,0.0,0.0,0.0,0.0,0.0,0.0,0.0,0.0,0.0,0.0,0.0
165,1.0,165.0,London_141,cons,151,453,1092.0,70.0,2.0,143148.0,0.6787015069276094,773.0,82.0,0.0,82.0,131.0,0.0,131.0,13.0,293.0,81.0,12.0,41.0,3.0,17.0,1.0,5.0,6.0,54.0,166.0,227.0,25.0,1.0,1.0,0.0,0.0,0.0,0.0,0.0,0.0,0.0,1.0,0.0,0.0,0.0,0.0,0.0,0.0,1.0,0.0,0.0,1.0,0.0,0.0,0.0,0.0,0.0,0.0,0.0,0.0,0.0,0.0,0.0,0.0,0.0,0.0,0.0,0.0,0.0,0.0,9.0,9.0,5.0,3.0,2.0,11.0,6.0,9.0,12.0,15.0,15.0,20.0,0.0,0.0,0.0,0.0,0.0,0.0,0.0,0.0,0.0,0.0,0.0,0.0,0.0,0.0,0.0,0.0,0.0,0.0,12.0,10.0,5.0,4.0,2.0,15.0,10.0,14.0,15.0,17.0,21.0,27.0
166,1.0,166.0,London_141,cons,151,453,1092.0,70.0,2.0,150396.0,1.1199049330316484,789.0,89.0,2.0,87.0,164.0,19.0,145.0,132.0,296.0,75.0,7.0,45.0,5.0,19.0,3.0,3.0,6.0,52.0,167.0,228.0,32.0,3.0,3.0,0.0,0.0,0.0,0.0,0.0,0.0,0.0,12.0,0.0,0.0,8.0,0.0,0.0,1.0,3.0,0.0,1.0,11.0,0.0,0.0,0.0,0.0,0.0,0.0,0.0,0.0,1.0,0.0,0.0,0.0,0.0,0.0,0.0,0.0,0.0,0.0,4.0,7.0,5.0,0.0,3.0,7.0,15.0,8.0,7.0,23.0,17.0,25.0,0.0,0.0,0.0,0.0,0.0,0.0,0.0,0.0,1.0,0.0,0.0,0.0,0.0,0.0,0.0,0.0,0.0,0.0,5.0,7.0,5.0,0.0,3.0,9.0,25.0,8.0,9.0,32.0,23.0,32.0
167,1.0,167.0,London_141,cons,151,453,1092.0,70.0,2.0,159003.0,0.8636277541518211,808.0,128.0,0.0,128.0,219.0,0.0,219.0,147.0,299.0,61.0,13.0,47.0,7.0,22.0,0.0,4.0,6.0,58.0,159.0,230.0,33.0,4.0,4.0,0.0,0.0,0.0,0.0,0.0,0.0,0.0,44.0,0.0,19.0,7.0,18.0,0.0,0.0,0.0,0.0,0.0,44.0,0.0,0.0,0.0,0.0,0.0,0.0,0.0,0.0,0.0,0.0,0.0,0.0,0.0,0.0,0.0,0.0,0.0,0.0,6.0,9.0,5.0,1.0,2.0,20.0,13.0,11.0,14.0,18.0,31.0,22.0,0.0,0.0,0.0,0.0,0.0,0.0,0.0,0.0,0.0,0.0,0.0,0.0,0.0,0.0,0.0,0.0,0.0,0.0,6.0,11.0,7.0,1.0,2.0,21.0,19.0,15.0,20.0,29.0,38.0,28.0
168,1.0,168.0,London_141,cons,151,453,1092.0,70.0,2.0,137712.0,0.7629526257514954,761.0,0.0,0.0,0.0,0.0,0.0,0.0,160.0,307.0,65.0,13.0,41.0,6.0,19.0,0.0,2.0,7.0,66.0,144.0,236.0,23.0,0.0,0.0,0.0,0.0,0.0,0.0,0.0,0.0,0.0,0.0,0.0,0.0,0.0,0.0,0.0,0.0,0.0,0.0,0.0,0.0,0.0,0.0,0.0,0.0,0.0,0.0,0.0,0.0,0.0,0.0,0.0,0.0,0.0,0.0,0.0,0.0,0.0,0.0,0.0,0.0,0.0,0.0,0.0,0.0,0.0,0.0,0.0,0.0,0.0,0.0,0.0,0.0,0.0,0.0,0.0,0.0,0.0,0.0,0.0,0.0,0.0,0.0,0.0,0.0,0.0,0.0,0.0,0.0,0.0,0.0,0.0,0.0,0.0,0.0,0.0,0.0,0.0,0.0,0.0,0.0
169,1.0,169.0,London_141,cons,151,453,1092.0,70.0,2.0,177123.0,1.198966309428215,848.0,99.0,0.0,99.0,160.0,0.0,160.0,0.0,307.0,65.0,13.0,41.0,6.0,19.0,0.0,2.0,7.0,66.0,144.0,236.0,23.0,4.0,4.0,0.0,0.0,0.0,0.0,0.0,0.0,0.0,16.0,0.0,0.0,0.0,13.0,0.0,0.0,0.0,3.0,0.0,16.0,0.0,0.0,0.0,0.0,0.0,0.0,0.0,0.0,0.0,0.0,0.0,0.0,0.0,0.0,0.0,0.0,0.0,0.0,0.0,8.0,7.0,0.0,2.0,5.0,7.0,18.0,7.0,14.0,16.0,20.0,0.0,0.0,0.0,0.0,0.0,0.0,0.0,0.0,0.0,0.0,0.0,0.0,0.0,0.0,0.0,0.0,0.0,0.0,0.0,10.0,7.0,0.0,2.0,8.0,8.0,21.0,10.0,20.0,19.0,27.0
170,1.0,170.0,London_141,cons,151,453,1092.0,70.0,2.0,163080.0,0.9537006388418376,817.0,70.0,2.0,68.0,145.0,17.0,128.0,140.0,317.0,46.0,17.0,38.0,6.0,25.0,2.0,2.0,5.0,72.0,151.0,225.0,20.0,8.0,8.0,0.0,0.0,0.0,0.0,0.0,0.0,0.0,13.0,0.0,1.0,0.0,11.0,0.0,0.0,0.0,1.0,2.0,11.0,0.0,0.0,0.0,0.0,0.0,0.0,0.0,0.0,1.0,0.0,0.0,0.0,1.0,0.0,0.0,0.0,0.0,0.0,1.0,7.0,0.0,2.0,1.0,11.0,10.0,2.0,16.0,13.0,19.0,18.0,0.0,0.0,0.0,0.0,0.0,0.0,0.0,0.0,1.0,0.0,0.0,0.0,1.0,0.0,0.0,0.0,0.0,0.0,1.0,11.0,0.0,2.0,1.0,12.0,17.0,3.0,21.0,18.0,26.0,26.0
171,1.0,171.0,London_141,cons,151,453,1092.0,70.0,2.0,158550.0,1.1547547671943903,807.0,83.0,2.0,81.0,160.0,18.0,142.0,128.0,319.0,50.0,18.0,29.0,10.0,22.0,1.0,4.0,5.0,72.0,159.0,217.0,12.0,7.0,7.0,0.0,0.0,0.0,0.0,0.0,0.0,0.0,22.0,0.0,1.0,0.0,21.0,0.0,0.0,0.0,0.0,2.0,20.0,0.0,0.0,0.0,0.0,0.0,0.0,0.0,0.0,0.0,0.0,0.0,0.0,0.0,0.0,0.0,0.0,0.0,0.0,0.0,1.0,2.0,1.0,3.0,2.0,7.0,9.0,10.0,9.0,7.0,11.0,0.0,0.0,0.0,0.0,0.0,0.0,0.0,0.0,0.0,0.0,0.0,0.0,0.0,0.0,0.0,0.0,0.0,0.0,0.0,2.0,2.0,3.0,3.0,3.0,12.0,14.0,15.0,14.0,10.0,15.0
172,1.0,172.0,London_141,cons,151,453,1092.0,70.0,2.0,155832.0,0.8746482050046325,801.0,128.0,0.0,128.0,221.0,0.0,221.0,117.0,316.0,37.0,12.0,43.0,15.0,25.0,1.0,4.0,6.0,72.0,160.0,215.0,11.0,2.0,2.0,0.0,0.0,0.0,0.0,0.0,0.0,0.0,54.0,0.0,15.0,2.0,29.0,0.0,0.0,3.0,5.0,0.0,54.0,0.0,0.0,0.0,0.0,0.0,0.0,0.0,0.0,0.0,0.0,0.0,0.0,0.0,0.0,0.0,0.0,0.0,0.0,1.0,2.0,0.0,1.0,3.0,4.0,2.0,2.0,6.0,8.0,21.0,12.0,0.0,0.0,0.0,0.0,0.0,0.0,0.0,0.0,0.0,0.0,0.0,0.0,0.0,0.0,0.0,0.0,0.0,0.0,1.0,6.0,0.0,2.0,3.0,5.0,4.0,2.0,6.0,11.0,28.0,16.0
173,1.0,173.0,London_141,cons,151,453,1092.0,70.0,2.0,133635.0,1.5193297350779176,752.0,107.0,2.0,105.0,205.0,19.0,186.0,139.0,310.0,58.0,10.0,33.0,17.0,17.0,5.0,3.0,4.0,80.0,160.0,209.0,19.0,6.0,6.0,0.0,0.0,0.0,0.0,0.0,0.0,0.0,40.0,0.0,16.0,0.0,21.0,1.0,1.0,0.0,1.0,2.0,38.0,0.0,0.0,0.0,0.0,0.0,0.0,0.0,0.0,0.0,0.0,0.0,1.0,0.0,1.0,1.0,0.0,0.0,0.0,3.0,1.0,2.0,1.0,6.0,12.0,4.0,4.0,1.0,16.0,23.0,11.0,0.0,0.0,0.0,0.0,0.0,0.0,0.0,0.0,0.0,0.0,0.0,2.0,0.0,4.0,2.0,0.0,0.0,0.0,3.0,1.0,2.0,2.0,6.0,16.0,6.0,7.0,1.0,22.0,32.0,15.0
174,1.0,174.0,London_141,cons,151,453,1092.0,70.0,2.0,124575.0,1.1927206069231033,732.0,91.0,1.0,90.0,171.0,9.0,162.0,135.0,308.0,60.0,16.0,37.0,11.0,19.0,0.0,2.0,4.0,79.0,162.0,208.0,23.0,5.0,5.0,0.0,0.0,0.0,0.0,0.0,0.0,0.0,18.0,0.0,0.0,0.0,16.0,0.0,1.0,1.0,0.0,1.0,17.0,0.0,0.0,0.0,0.0,0.0,0.0,0.0,0.0,1.0,0.0,0.0,0.0,0.0,1.0,1.0,0.0,0.0,0.0,1.0,4.0,0.0,2.0,5.0,9.0,2.0,9.0,6.0,11.0,21.0,8.0,0.0,0.0,0.0,0.0,0.0,0.0,0.0,0.0,1.0,0.0,0.0,0.0,0.0,6.0,7.0,0.0,0.0,0.0,1.0,5.0,0.0,7.0,6.0,14.0,2.0,16.0,6.0,17.0,31.0,8.0
175,1.0,175.0,London_141,cons,151,453,1092.0,70.0,2.0,122310.0,0.6251060809008777,727.0,18.0,0.0,18.0,31.0,0.0,31.0,149.0,311.0,76.0,11.0,39.0,3.0,10.0,1.0,2.0,5.0,80.0,155.0,213.0,22.0,0.0,0.0,0.0,0.0,0.0,0.0,0.0,0.0,0.0,0.0,0.0,0.0,0.0,0.0,0.0,0.0,0.0,0.0,0.0,0.0,0.0,0.0,0.0,0.0,0.0,0.0,0.0,0.0,0.0,0.0,0.0,0.0,0.0,0.0,0.0,0.0,0.0,0.0,2.0,4.0,1.0,1.0,1.0,2.0,3.0,3.0,2.0,3.0,2.0,7.0,0.0,0.0,0.0,0.0,0.0,0.0,0.0,0.0,0.0,0.0,0.0,0.0,0.0,0.0,0.0,0.0,0.0,0.0,3.0,6.0,1.0,2.0,1.0,3.0,4.0,6.0,2.0,5.0,2.0,9.0
176,1.0,176.0,London_141,cons,151,453,1092.0,70.0,2.0,154926.0,0.8854312249459326,799.0,10.0,0.0,10.0,17.0,0.0,17.0,31.0,316.0,82.0,8.0,36.0,2.0,8.0,1.0,0.0,6.0,77.0,148.0,222.0,20.0,0.0,0.0,0.0,0.0,0.0,0.0,0.0,0.0,0.0,0.0,0.0,0.0,0.0,0.0,0.0,0.0,0.0,0.0,0.0,0.0,0.0,0.0,0.0,0.0,0.0,0.0,0.0,0.0,0.0,0.0,0.0,0.0,0.0,0.0,0.0,0.0,0.0,0.0,3.0,1.0,0.0,2.0,0.0,2.0,3.0,1.0,4.0,1.0,3.0,3.0,0.0,0.0,0.0,0.0,0.0,0.0,0.0,0.0,0.0,0.0,0.0,0.0,0.0,0.0,0.0,0.0,0.0,0.0,4.0,1.0,0.0,4.0,0.0,2.0,6.0,1.0,6.0,2.0,6.0,4.0
177,1.0,177.0,London_141,cons,151,453,1092.0,70.0,2.0,191619.0,1.171290447935462,880.0,15.0,1.0,14.0,32.0,10.0,22.0,17.0,319.0,83.0,8.0,32.0,1.0,9.0,1.0,0.0,6.0,78.0,150.0,219.0,22.0,4.0,4.0,0.0,0.0,0.0,0.0,0.0,0.0,0.0,1.0,0.0,1.0,0.0,0.0,0.0,0.0,0.0,0.0,1.0,0.0,0.0,0.0,0.0,0.0,0.0,0.0,0.0,0.0,0.0,1.0,0.0,0.0,0.0,1.0,0.0,0.0,0.0,0.0,0.0,0.0,0.0,1.0,0.0,0.0,0.0,1.0,1.0,5.0,2.0,2.0,0.0,0.0,0.0,0.0,0.0,0.0,0.0,0.0,0.0,6.0,0.0,0.0,0.0,7.0,0.0,0.0,0.0,0.0,0.0,0.0,0.0,2.0,0.0,0.0,0.0,1.0,1.0,7.0,2.0,3.0
178,1.0,178.0,London_141,cons,151,453,1092.0,70.0,2.0,242355.0,1.730257225688547,992.0,239.0,0.0,239.0,419.0,0.0,419.0,36.0,320.0,78.0,11.0,32.0,2.0,8.0,1.0,1.0,5.0,79.0,149.0,220.0,13.0,3.0,3.0,0.0,0.0,0.0,0.0,0.0,0.0,0.0,165.0,0.0,45.0,13.0,78.0,3.0,16.0,3.0,7.0,0.0,165.0,0.0,0.0,0.0,0.0,0.0,0.0,0.0,0.0,0.0,0.0,0.0,0.0,0.0,0.0,0.0,0.0,0.0,0.0,8.0,4.0,9.0,4.0,5.0,21.0,14.0,13.0,24.0,21.0,17.0,29.0,0.0,0.0,0.0,0.0,0.0,0.0,0.0,0.0,0.0,0.0,0.0,0.0,0.0,0.0,0.0,0.0,0.0,0.0,11.0,6.0,9.0,6.0,6.0,26.0,23.0,19.0,31.0,31.0,24.0,43.0
179,1.0,179.0,London_141,cons,151,453,1092.0,70.0,2.0,174405.0,1.022297219838947,842.0,70.0,2.0,68.0,132.0,17.0,115.0,162.0,315.0,61.0,12.0,43.0,3.0,14.0,0.0,5.0,4.0,76.0,150.0,223.0,14.0,4.0,4.0,0.0,0.0,0.0,0.0,0.0,0.0,0.0,9.0,0.0,2.0,0.0,0.0,3.0,3.0,1.0,0.0,2.0,7.0,0.0,0.0,0.0,0.0,0.0,0.0,0.0,0.0,2.0,0.0,0.0,0.0,0.0,0.0,1.0,0.0,0.0,0.0,2.0,0.0,1.0,0.0,1.0,6.0,7.0,8.0,7.0,11.0,14.0,12.0,0.0,0.0,0.0,0.0,0.0,0.0,0.0,0.0,2.0,0.0,0.0,0.0,0.0,0.0,2.0,0.0,0.0,0.0,2.0,0.0,2.0,0.0,2.0,10.0,9.0,10.0,8.0,21.0,21.0,15.0
180,1.0,180.0,London_141,cons,151,453,1092.0,70.0,2.0,188901.0,1.9374977257102728,874.0,157.0,1.0,156.0,281.0,12.0,269.0,116.0,317.0,64.0,15.0,44.0,4.0,4.0,0.0,5.0,1.0,60.0,154.0,238.0,9.0,3.0,3.0,0.0,0.0,0.0,0.0,0.0,0.0,0.0,76.0,0.0,23.0,0.0,35.0,0.0,13.0,3.0,2.0,1.0,75.0,0.0,0.0,0.0,0.0,0.0,0.0,0.0,0.0,0.0,0.0,0.0,0.0,0.0,0.0,0.0,0.0,0.0,0.0,8.0,7.0,2.0,0.0,11.0,12.0,15.0,17.0,8.0,16.0,20.0,25.0,0.0,0.0,0.0,0.0,0.0,0.0,0.0,0.0,0.0,0.0,0.0,0.0,0.0,0.0,0.0,0.0,0.0,0.0,11.0,8.0,3.0,0.0,11.0,16.0,25.0,19.0,10.0,18.0,32.0,31.0
181,1.0,181.0,London_141,cons,151,453,1092.0,70.0,2.0,158550.0,0.9617474260739982,807.0,79.0,2.0,77.0,145.0,19.0,126.0,156.0,317.0,49.0,18.0,45.0,2.0,19.0,0.0,3.0,4.0,77.0,136.0,236.0,14.0,5.0,5.0,0.0,0.0,0.0,0.0,0.0,0.0,0.0,6.0,0.0,0.0,0.0,5.0,0.0,1.0,0.0,0.0,2.0,4.0,0.0,0.0,0.0,0.0,0.0,0.0,0.0,0.0,1.0,0.0,0.0,0.0,0.0,1.0,1.0,0.0,0.0,0.0,5.0,2.0,0.0,0.0,2.0,3.0,7.0,7.0,11.0,11.0,19.0,10.0,0.0,0.0,0.0,0.0,0.0,0.0,0.0,0.0,2.0,0.0,0.0,0.0,0.0,3.0,3.0,0.0,0.0,0.0,6.0,2.0,0.0,0.0,2.0,3.0,10.0,10.0,14.0,12.0,28.0,11.0
182,1.0,182.0,London_141,cons,151,453,1092.0,70.0,2.0,158550.0,1.647803045809269,807.0,114.0,0.0,114.0,188.0,0.0,188.0,132.0,319.0,62.0,21.0,30.0,4.0,13.0,1.0,3.0,2.0,72.0,139.0,240.0,20.0,6.0,6.0,0.0,0.0,0.0,0.0,0.0,0.0,0.0,34.0,0.0,8.0,0.0,24.0,1.0,0.0,1.0,0.0,0.0,34.0,0.0,0.0,0.0,0.0,0.0,0.0,0.0,0.0,0.0,0.0,0.0,0.0,0.0,0.0,0.0,0.0,0.0,0.0,4.0,13.0,6.0,1.0,8.0,19.0,12.0,11.0,22.0,16.0,23.0,24.0,0.0,0.0,0.0,0.0,0.0,0.0,0.0,0.0,0.0,0.0,0.0,0.0,0.0,0.0,0.0,0.0,0.0,0.0,6.0,20.0,7.0,1.0,8.0,28.0,17.0,12.0,31.0,23.0,31.0,29.0
183,1.0,183.0,London_141,cons,151,453,1092.0,70.0,2.0,140883.0,0.7951535657048225,768.0,65.0,0.0,65.0,123.0,0.0,123.0,144.0,326.0,44.0,18.0,43.0,5.0,12.0,1.0,4.0,1.0,73.0,143.0,236.0,11.0,0.0,0.0,0.0,0.0,0.0,0.0,0.0,0.0,0.0,7.0,0.0,0.0,0.0,3.0,1.0,0.0,1.0,2.0,0.0,7.0,0.0,0.0,0.0,0.0,0.0,0.0,0.0,0.0,0.0,0.0,0.0,0.0,0.0,0.0,0.0,0.0,0.0,0.0,10.0,4.0,4.0,3.0,6.0,9.0,13.0,13.0,10.0,6.0,14.0,23.0,0.0,0.0,0.0,0.0,0.0,0.0,0.0,0.0,0.0,0.0,0.0,0.0,0.0,0.0,0.0,0.0,0.0,0.0,14.0,8.0,4.0,5.0,7.0,15.0,21.0,26.0,18.0,9.0,19.0,29.0
184,1.0,184.0,London_141,cons,151,453,1092.0,70.0,2.0,153567.0,0.8390877330675721,796.0,90.0,1.0,89.0,168.0,9.0,159.0,113.0,342.0,48.0,14.0,36.0,2.0,9.0,0.0,2.0,2.0,77.0,150.0,224.0,18.0,0.0,0.0,0.0,0.0,0.0,0.0,0.0,0.0,0.0,26.0,0.0,1.0,0.0,16.0,0.0,5.0,0.0,4.0,1.0,25.0,0.0,0.0,0.0,0.0,0.0,0.0,0.0,0.0,0.0,0.0,0.0,0.0,1.0,0.0,0.0,0.0,0.0,0.0,5.0,10.0,2.0,2.0,6.0,8.0,5.0,12.0,10.0,13.0,21.0,14.0,0.0,0.0,0.0,0.0,0.0,0.0,0.0,0.0,0.0,0.0,0.0,0.0,1.0,0.0,0.0,0.0,0.0,0.0,6.0,13.0,2.0,2.0,7.0,11.0,7.0,17.0,18.0,20.0,30.0,16.0
185,1.0,185.0,London_141,cons,151,453,1092.0,70.0,2.0,148584.0,0.7867160569876432,785.0,106.0,0.0,106.0,196.0,0.0,196.0,119.0,346.0,46.0,10.0,42.0,2.0,5.0,1.0,1.0,3.0,72.0,142.0,236.0,9.0,1.0,1.0,0.0,0.0,0.0,0.0,0.0,0.0,0.0,46.0,0.0,8.0,6.0,22.0,0.0,6.0,0.0,4.0,0.0,46.0,0.0,0.0,0.0,0.0,0.0,0.0,0.0,0.0,0.0,0.0,0.0,0.0,0.0,0.0,0.0,0.0,0.0,0.0,7.0,8.0,8.0,2.0,6.0,15.0,15.0,11.0,14.0,14.0,13.0,15.0,0.0,0.0,0.0,0.0,0.0,0.0,0.0,0.0,0.0,0.0,0.0,0.0,0.0,0.0,0.0,0.0,0.0,0.0,8.0,10.0,9.0,2.0,6.0,19.0,22.0,21.0,19.0,17.0,18.0,21.0
186,1.0,186.0,London_141,cons,151,453,1092.0,70.0,2.0,146772.0,0.8535306761041284,781.0,59.0,2.0,57.0,124.0,20.0,104.0,129.0,338.0,50.0,8.0,27.0,1.0,21.0,2.0,6.0,4.0,76.0,153.0,220.0,18.0,0.0,0.0,0.0,0.0,0.0,0.0,0.0,0.0,0.0,12.0,0.0,0.0,0.0,9.0,0.0,1.0,0.0,2.0,2.0,10.0,0.0,0.0,0.0,0.0,0.0,0.0,0.0,0.0,0.0,1.0,0.0,1.0,0.0,1.0,1.0,0.0,0.0,0.0,0.0,1.0,3.0,1.0,0.0,4.0,3.0,1.0,8.0,13.0,17.0,7.0,0.0,0.0,0.0,0.0,0.0,0.0,0.0,0.0,0.0,2.0,0.0,2.0,0.0,1.0,1.0,0.0,0.0,0.0,0.0,1.0,3.0,2.0,0.0,4.0,5.0,1.0,10.0,18.0,24.0,9.0
187,1.0,187.0,London_141,cons,151,453,1092.0,70.0,2.0,156738.0,0.7907401015982032,803.0,47.0,2.0,45.0,100.0,20.0,80.0,92.0,344.0,55.0,5.0,27.0,5.0,16.0,0.0,1.0,2.0,74.0,152.0,225.0,14.0,5.0,5.0,0.0,0.0,0.0,0.0,0.0,0.0,0.0,3.0,0.0,0.0,1.0,0.0,0.0,2.0,0.0,0.0,2.0,1.0,0.0,0.0,0.0,0.0,0.0,0.0,0.0,0.0,2.0,0.0,0.0,0.0,1.0,0.0,1.0,0.0,0.0,0.0,0.0,4.0,0.0,0.0,1.0,4.0,4.0,1.0,2.0,9.0,8.0,9.0,0.0,0.0,0.0,0.0,0.0,0.0,0.0,0.0,2.0,0.0,0.0,0.0,1.0,0.0,1.0,0.0,0.0,0.0,0.0,4.0,0.0,0.0,1.0,4.0,8.0,1.0,2.0,18.0,10.0,14.0
188,1.0,188.0,London_141,cons,151,453,1092.0,70.0,2.0,173952.0,1.362673169001937,841.0,92.0,1.0,91.0,159.0,10.0,149.0,86.0,342.0,51.0,6.0,28.0,9.0,16.0,0.0,1.0,1.0,73.0,149.0,230.0,16.0,1.0,1.0,0.0,0.0,0.0,0.0,0.0,0.0,0.0,28.0,0.0,0.0,3.0,24.0,0.0,0.0,0.0,1.0,1.0,27.0,0.0,0.0,0.0,0.0,0.0,0.0,0.0,0.0,0.0,0.0,0.0,0.0,0.0,0.0,1.0,0.0,0.0,0.0,2.0,5.0,5.0,0.0,5.0,13.0,12.0,11.0,14.0,16.0,15.0,18.0,0.0,0.0,0.0,0.0,0.0,0.0,0.0,0.0,0.0,0.0,0.0,0.0,0.0,0.0,1.0,0.0,0.0,0.0,2.0,6.0,5.0,0.0,5.0,15.0,17.0,15.0,21.0,23.0,20.0,20.0
189,1.0,189.0,London_141,cons,151,453,1092.0,70.0,2.0,164892.0,0.8737096260301769,821.0,76.0,2.0,74.0,153.0,18.0,135.0,111.0,340.0,45.0,4.0,40.0,11.0,11.0,1.0,1.0,7.0,79.0,160.0,207.0,18.0,2.0,2.0,0.0,0.0,0.0,0.0,0.0,0.0,0.0,14.0,0.0,4.0,4.0,3.0,0.0,1.0,0.0,2.0,2.0,12.0,0.0,0.0,0.0,0.0,0.0,0.0,0.0,0.0,0.0,0.0,0.0,1.0,0.0,1.0,1.0,0.0,0.0,0.0,5.0,4.0,3.0,0.0,2.0,4.0,4.0,13.0,7.0,12.0,17.0,9.0,0.0,0.0,0.0,0.0,0.0,0.0,0.0,0.0,0.0,0.0,0.0,2.0,0.0,2.0,2.0,0.0,0.0,0.0,6.0,7.0,3.0,0.0,2.0,6.0,7.0,20.0,12.0,18.0,24.0,10.0
190,1.0,190.0,London_141,cons,151,453,1092.0,70.0,2.0,172593.0,0.9407077776268125,838.0,115.0,0.0,115.0,211.0,0.0,211.0,118.0,341.0,45.0,5.0,34.0,12.0,12.0,1.0,3.0,2.0,82.0,152.0,217.0,15.0,1.0,1.0,0.0,0.0,0.0,0.0,0.0,0.0,0.0,53.0,0.0,13.0,3.0,31.0,0.0,0.0,1.0,5.0,0.0,53.0,0.0,0.0,0.0,0.0,0.0,0.0,0.0,0.0,0.0,0.0,0.0,0.0,0.0,0.0,0.0,0.0,0.0,0.0,5.0,12.0,5.0,2.0,7.0,15.0,9.0,9.0,22.0,14.0,26.0,19.0,0.0,0.0,0.0,0.0,0.0,0.0,0.0,0.0,0.0,0.0,0.0,0.0,0.0,0.0,0.0,0.0,0.0,0.0,8.0,16.0,5.0,3.0,7.0,17.0,13.0,13.0,29.0,17.0,33.0,23.0
191,1.0,191.0,London_141,cons,151,453,1092.0,70.0,2.0,162627.0,0.94840925373137,816.0,140.0,2.0,138.0,250.0,20.0,230.0,121.0,340.0,44.0,7.0,44.0,9.0,7.0,0.0,2.0,3.0,86.0,147.0,217.0,15.0,1.0,1.0,0.0,0.0,0.0,0.0,0.0,0.0,0.0,73.0,0.0,38.0,10.0,14.0,0.0,6.0,0.0,5.0,2.0,71.0,0.0,0.0,0.0,0.0,0.0,0.0,0.0,0.0,0.0,0.0,0.0,0.0,0.0,0.0,0.0,0.0,0.0,0.0,4.0,11.0,6.0,2.0,8.0,16.0,13.0,14.0,25.0,14.0,28.0,23.0,0.0,0.0,0.0,0.0,0.0,0.0,0.0,0.0,0.0,0.0,0.0,0.0,0.0,0.0,0.0,0.0,0.0,0.0,5.0,13.0,6.0,2.0,8.0,18.0,18.0,16.0,35.0,19.0,36.0,25.0
192,1.0,192.0,London_141,cons,151,453,1092.0,70.0,2.0,129558.0,0.6880701621994376,743.0,71.0,0.0,71.0,130.0,0.0,130.0,128.0,341.0,48.0,8.0,37.0,2.0,14.0,1.0,2.0,1.0,87.0,142.0,223.0,14.0,4.0,4.0,0.0,0.0,0.0,0.0,0.0,0.0,0.0,15.0,0.0,0.0,4.0,6.0,0.0,0.0,1.0,4.0,0.0,15.0,0.0,0.0,0.0,0.0,0.0,0.0,0.0,0.0,0.0,0.0,0.0,0.0,0.0,0.0,0.0,0.0,0.0,0.0,0.0,2.0,7.0,0.0,2.0,12.0,8.0,5.0,13.0,8.0,16.0,17.0,0.0,0.0,0.0,0.0,0.0,0.0,0.0,0.0,0.0,0.0,0.0,0.0,0.0,0.0,0.0,0.0,0.0,0.0,0.0,2.0,9.0,0.0,2.0,19.0,14.0,7.0,18.0,11.0,23.0,22.0
193,1.0,193.0,London_141,cons,151,453,1092.0,70.0,2.0,133635.0,0.6608408130705357,752.0,78.0,0.0,78.0,129.0,0.0,129.0,104.0,341.0,52.0,5.0,26.0,5.0,18.0,0.0,6.0,4.0,89.0,150.0,210.0,19.0,2.0,2.0,0.0,0.0,0.0,0.0,0.0,0.0,0.0,16.0,0.0,0.0,6.0,10.0,0.0,0.0,0.0,0.0,0.0,16.0,0.0,0.0,0.0,0.0,0.0,0.0,0.0,0.0,0.0,0.0,0.0,0.0,0.0,0.0,0.0,0.0,0.0,0.0,4.0,2.0,3.0,0.0,6.0,9.0,12.0,11.0,11.0,13.0,19.0,13.0,0.0,0.0,0.0,0.0,0.0,0.0,0.0,0.0,0.0,0.0,0.0,0.0,0.0,0.0,0.0,0.0,0.0,0.0,6.0,2.0,3.0,0.0,6.0,14.0,16.0,16.0,14.0,16.0,28.0,15.0
194,1.0,194.0,London_141,cons,151,453,1092.0,70.0,2.0,141336.0,0.6795751596800983,769.0,19.0,2.0,17.0,48.0,17.0,31.0,111.0,336.0,47.0,9.0,30.0,6.0,16.0,2.0,7.0,3.0,86.0,150.0,214.0,27.0,4.0,4.0,0.0,0.0,0.0,0.0,0.0,0.0,0.0,2.0,0.0,1.0,0.0,0.0,0.0,1.0,0.0,0.0,2.0,0.0,0.0,0.0,0.0,0.0,0.0,0.0,0.0,0.0,1.0,0.0,0.0,1.0,0.0,0.0,1.0,0.0,0.0,0.0,0.0,0.0,0.0,1.0,0.0,1.0,1.0,0.0,3.0,6.0,4.0,2.0,0.0,0.0,0.0,0.0,0.0,0.0,0.0,0.0,1.0,0.0,0.0,4.0,0.0,0.0,2.0,0.0,0.0,0.0,0.0,0.0,0.0,1.0,0.0,1.0,1.0,0.0,5.0,9.0,4.0,2.0
195,1.0,195.0,London_141,cons,151,453,1092.0,70.0,2.0,178482.0,0.9280588021501899,851.0,81.0,0.0,81.0,133.0,0.0,133.0,47.0,335.0,48.0,13.0,29.0,5.0,17.0,1.0,5.0,2.0,85.0,148.0,218.0,16.0,2.0,2.0,0.0,0.0,0.0,0.0,0.0,0.0,0.0,13.0,0.0,3.0,0.0,10.0,0.0,0.0,0.0,0.0,0.0,13.0,0.0,0.0,0.0,0.0,0.0,0.0,0.0,0.0,0.0,0.0,0.0,0.0,0.0,0.0,0.0,0.0,0.0,0.0,5.0,5.0,0.0,2.0,7.0,18.0,6.0,15.0,16.0,16.0,10.0,30.0,0.0,0.0,0.0,0.0,0.0,0.0,0.0,0.0,0.0,0.0,0.0,0.0,0.0,0.0,0.0,0.0,0.0,0.0,6.0,8.0,0.0,2.0,9.0,26.0,9.0,23.0,25.0,27.0,12.0,42.0
196,1.0,196.0,London_141,cons,151,453,1092.0,70.0,2.0,184824.0,1.0463390043005347,865.0,73.0,2.0,71.0,136.0,17.0,119.0,117.0,326.0,54.0,3.0,36.0,6.0,19.0,2.0,7.0,3.0,92.0,148.0,210.0,25.0,7.0,7.0,0.0,0.0,0.0,0.0,0.0,0.0,0.0,10.0,0.0,0.0,3.0,3.0,0.0,1.0,1.0,2.0,2.0,8.0,0.0,0.0,0.0,0.0,0.0,0.0,0.0,0.0,1.0,0.0,0.0,0.0,1.0,0.0,1.0,0.0,0.0,0.0,4.0,0.0,0.0,1.0,6.0,6.0,4.0,1.0,6.0,11.0,12.0,11.0,0.0,0.0,0.0,0.0,0.0,0.0,0.0,0.0,2.0,0.0,0.0,0.0,2.0,0.0,3.0,0.0,0.0,0.0,5.0,0.0,0.0,2.0,6.0,6.0,5.0,1.0,7.0,14.0,17.0,13.0
197,1.0,197.0,London_141,cons,151,453,1092.0,70.0,2.0,183918.0,1.1120560271665454,863.0,177.0,0.0,177.0,315.0,0.0,315.0,121.0,325.0,67.0,7.0,36.0,8.0,10.0,0.0,0.0,5.0,91.0,146.0,211.0,19.0,2.0,2.0,0.0,0.0,0.0,0.0,0.0,0.0,0.0,102.0,0.0,38.0,6.0,44.0,0.0,7.0,0.0,7.0,0.0,102.0,0.0,0.0,0.0,0.0,0.0,0.0,0.0,0.0,0.0,0.0,0.0,0.0,0.0,0.0,0.0,0.0,0.0,0.0,8.0,7.0,6.0,2.0,8.0,19.0,12.0,7.0,19.0,17.0,24.0,23.0,0.0,0.0,0.0,0.0,0.0,0.0,0.0,0.0,0.0,0.0,0.0,0.0,0.0,0.0,0.0,0.0,0.0,0.0,11.0,8.0,7.0,2.0,9.0,27.0,23.0,9.0,29.0,20.0,34.0,28.0
198,1.0,198.0,London_141,cons,151,453,1092.0,70.0,2.0,138165.0,0.7061818377114832,762.0,128.0,1.0,127.0,240.0,8.0,232.0,168.0,295.0,70.0,11.0,52.0,2.0,18.0,2.0,3.0,3.0,77.0,164.0,209.0,23.0,2.0,2.0,0.0,0.0,0.0,0.0,0.0,0.0,0.0,36.0,0.0,7.0,1.0,24.0,0.0,2.0,0.0,2.0,1.0,35.0,0.0,0.0,0.0,0.0,0.0,0.0,0.0,0.0,1.0,0.0,0.0,0.0,0.0,1.0,0.0,0.0,0.0,0.0,8.0,6.0,7.0,0.0,5.0,15.0,13.0,12.0,11.0,18.0,31.0,31.0,0.0,0.0,0.0,0.0,0.0,0.0,0.0,0.0,1.0,0.0,0.0,0.0,0.0,3.0,0.0,0.0,0.0,0.0,10.0,7.0,9.0,0.0,5.0,22.0,18.0,19.0,16.0,26.0,55.0,45.0
199,1.0,199.0,London_141,cons,151,453,1092.0,70.0,2.0,110079.0,0.5984351970255375,700.0,97.0,2.0,95.0,170.0,18.0,152.0,185.0,291.0,67.0,14.0,62.0,3.0,15.0,0.0,1.0,3.0,81.0,159.0,210.0,20.0,0.0,0.0,0.0,0.0,0.0,0.0,0.0,0.0,0.0,7.0,0.0,0.0,0.0,3.0,0.0,0.0,1.0,3.0,2.0,5.0,0.0,0.0,0.0,0.0,0.0,0.0,0.0,0.0,1.0,0.0,0.0,1.0,1.0,1.0,1.0,0.0,0.0,0.0,7.0,6.0,1.0,1.0,3.0,21.0,9.0,8.0,15.0,14.0,28.0,24.0,0.0,0.0,0.0,0.0,0.0,0.0,0.0,0.0,1.0,0.0,0.0,1.0,4.0,2.0,3.0,0.0,0.0,0.0,10.0,9.0,1.0,1.0,3.0,31.0,12.0,12.0,23.0,20.0,40.0,32.0
200,1.0,200.0,London_141,cons,151,453,1092.0,70.0,2.0,85617.0,0.398783375043422,646.0,3.0,0.0,3.0,5.0,0.0,5.0,153.0,303.0,53.0,17.0,39.0,7.0,23.0,2.0,9.0,5.0,86.0,167.0,195.0,24.0,4.0,4.0,0.0,0.0,0.0,0.0,0.0,0.0,0.0,0.0,0.0,0.0,0.0,0.0,0.0,0.0,0.0,0.0,0.0,0.0,0.0,0.0,0.0,0.0,0.0,0.0,0.0,0.0,0.0,0.0,0.0,0.0,0.0,0.0,0.0,0.0,0.0,0.0,0.0,0.0,0.0,0.0,0.0,1.0,0.0,0.0,1.0,0.0,1.0,1.0,0.0,0.0,0.0,0.0,0.0,0.0,0.0,0.0,0.0,0.0,0.0,0.0,0.0,0.0,0.0,0.0,0.0,0.0,0.0,0.0,0.0,0.0,0.0,1.0,0.0,0.0,2.0,0.0,2.0,1.0
201,1.0,201.0,London_141,cons,151,453,1092.0,70.0,2.0,122310.0,0.6449932968243957,727.0,100.0,2.0,98.0,179.0,19.0,160.0,9.0,300.0,57.0,18.0,38.0,7.0,22.0,2.0,9.0,5.0,86.0,167.0,195.0,27.0,8.0,8.0,0.0,0.0,0.0,0.0,0.0,0.0,0.0,24.0,0.0,6.0,3.0,14.0,0.0,1.0,0.0,0.0,2.0,22.0,0.0,0.0,0.0,0.0,0.0,0.0,0.0,0.0,1.0,0.0,0.0,0.0,0.0,0.0,1.0,0.0,0.0,0.0,3.0,0.0,0.0,0.0,3.0,6.0,2.0,1.0,4.0,18.0,18.0,13.0,0.0,0.0,0.0,0.0,0.0,0.0,0.0,0.0,2.0,0.0,0.0,0.0,0.0,0.0,3.0,0.0,0.0,0.0,3.0,0.0,0.0,0.0,3.0,6.0,3.0,1.0,5.0,25.0,20.0,20.0
202,1.0,202.0,London_141,cons,151,453,1092.0,70.0,2.0,105549.0,0.46158024994656444,690.0,11.0,0.0,11.0,17.0,0.0,17.0,156.0,300.0,62.0,6.0,31.0,4.0,35.0,2.0,13.0,4.0,84.0,154.0,211.0,16.0,8.0,8.0,0.0,0.0,0.0,0.0,0.0,0.0,0.0,0.0,0.0,0.0,0.0,0.0,0.0,0.0,0.0,0.0,0.0,0.0,0.0,0.0,0.0,0.0,0.0,0.0,0.0,0.0,0.0,0.0,0.0,0.0,0.0,0.0,0.0,0.0,0.0,0.0,0.0,0.0,0.0,0.0,0.0,1.0,1.0,3.0,0.0,1.0,3.0,0.0,0.0,0.0,0.0,0.0,0.0,0.0,0.0,0.0,0.0,0.0,0.0,0.0,0.0,0.0,0.0,0.0,0.0,0.0,0.0,0.0,0.0,0.0,0.0,1.0,1.0,4.0,0.0,1.0,4.0,0.0
203,1.0,203.0,London_141,cons,151,453,1092.0,70.0,2.0,142242.0,0.9848833540454507,771.0,2.0,0.0,2.0,3.0,0.0,3.0,25.0,291.0,72.0,6.0,31.0,4.0,36.0,2.0,11.0,4.0,82.0,151.0,216.0,18.0,0.0,0.0,0.0,0.0,0.0,0.0,0.0,0.0,0.0,0.0,0.0,0.0,0.0,0.0,0.0,0.0,0.0,0.0,0.0,0.0,0.0,0.0,0.0,0.0,0.0,0.0,0.0,0.0,0.0,0.0,0.0,0.0,0.0,0.0,0.0,0.0,0.0,0.0,0.0,0.0,0.0,0.0,0.0,0.0,0.0,0.0,0.0,0.0,0.0,1.0,0.0,0.0,0.0,0.0,0.0,0.0,0.0,0.0,0.0,0.0,0.0,0.0,0.0,0.0,0.0,0.0,0.0,0.0,0.0,0.0,0.0,0.0,0.0,0.0,0.0,0.0,0.0,0.0,0.0,1.0
204,1.0,204.0,London_141,cons,151,453,1092.0,70.0,2.0,186636.0,1.3957708650268614,869.0,181.0,3.0,178.0,334.0,25.0,309.0,3.0,292.0,71.0,6.0,31.0,5.0,35.0,2.0,11.0,4.0,81.0,151.0,217.0,18.0,10.0,10.0,0.0,0.0,0.0,0.0,0.0,0.0,0.0,87.0,0.0,20.0,7.0,55.0,4.0,1.0,0.0,0.0,2.0,85.0,0.0,0.0,0.0,0.0,0.0,0.0,0.0,0.0,0.0,1.0,0.0,0.0,1.0,0.0,0.0,0.0,0.0,0.0,3.0,3.0,4.0,1.0,1.0,7.0,5.0,3.0,11.0,16.0,24.0,26.0,0.0,0.0,0.0,0.0,0.0,0.0,0.0,0.0,0.0,3.0,0.0,0.0,7.0,0.0,0.0,0.0,0.0,0.0,5.0,6.0,6.0,1.0,1.0,9.0,8.0,4.0,15.0,19.0,33.0,32.0
205,1.0,205.0,London_141,cons,151,453,1092.0,70.0,2.0,149037.0,0.7952300077304244,786.0,69.0,1.0,68.0,129.0,10.0,119.0,182.0,280.0,70.0,14.0,51.0,2.0,29.0,3.0,4.0,5.0,79.0,127.0,242.0,24.0,5.0,5.0,0.0,0.0,0.0,0.0,0.0,0.0,0.0,13.0,0.0,0.0,0.0,13.0,0.0,0.0,0.0,0.0,1.0,12.0,0.0,0.0,0.0,0.0,0.0,0.0,0.0,0.0,0.0,0.0,0.0,0.0,0.0,0.0,0.0,0.0,0.0,0.0,5.0,6.0,3.0,1.0,3.0,19.0,6.0,14.0,14.0,13.0,17.0,23.0,0.0,0.0,0.0,0.0,0.0,0.0,0.0,0.0,0.0,0.0,0.0,0.0,0.0,0.0,0.0,0.0,0.0,0.0,7.0,9.0,3.0,1.0,3.0,27.0,9.0,20.0,19.0,20.0,23.0,32.0
206,1.0,206.0,London_141,cons,151,453,1092.0,70.0,2.0,162174.0,1.3812133460305631,815.0,64.0,1.0,63.0,122.0,7.0,115.0,109.0,275.0,86.0,17.0,33.0,3.0,30.0,3.0,6.0,4.0,73.0,143.0,233.0,23.0,2.0,2.0,0.0,0.0,0.0,0.0,0.0,0.0,0.0,4.0,0.0,0.0,0.0,4.0,0.0,0.0,0.0,0.0,1.0,3.0,0.0,0.0,0.0,0.0,0.0,0.0,0.0,0.0,0.0,0.0,0.0,0.0,0.0,0.0,1.0,0.0,0.0,0.0,9.0,5.0,3.0,1.0,1.0,13.0,15.0,6.0,12.0,9.0,15.0,17.0,0.0,0.0,0.0,0.0,0.0,0.0,0.0,0.0,0.0,0.0,0.0,0.0,0.0,0.0,1.0,0.0,0.0,0.0,13.0,11.0,4.0,3.0,1.0,17.0,22.0,8.0,19.0,11.0,25.0,27.0
207,1.0,207.0,London_141,cons,151,453,1092.0,70.0,2.0,178029.0,0.8907553222961724,850.0,82.0,0.0,82.0,146.0,0.0,146.0,116.0,280.0,79.0,13.0,37.0,8.0,30.0,2.0,4.0,5.0,74.0,149.0,225.0,25.0,2.0,2.0,0.0,0.0,0.0,0.0,0.0,0.0,0.0,9.0,0.0,0.0,0.0,9.0,0.0,0.0,0.0,0.0,0.0,9.0,0.0,0.0,0.0,0.0,0.0,0.0,0.0,0.0,0.0,0.0,0.0,0.0,0.0,0.0,0.0,0.0,0.0,0.0,5.0,6.0,4.0,0.0,4.0,13.0,13.0,7.0,14.0,21.0,11.0,23.0,0.0,0.0,0.0,0.0,0.0,0.0,0.0,0.0,0.0,0.0,0.0,0.0,0.0,0.0,0.0,0.0,0.0,0.0,5.0,9.0,4.0,0.0,4.0,18.0,20.0,12.0,21.0,29.0,18.0,31.0
208,1.0,208.0,London_141,cons,151,453,1092.0,70.0,2.0,179388.0,0.9561438439413905,853.0,115.0,2.0,113.0,221.0,19.0,202.0,134.0,284.0,61.0,15.0,47.0,11.0,29.0,1.0,5.0,7.0,83.0,147.0,216.0,22.0,1.0,1.0,0.0,0.0,0.0,0.0,0.0,0.0,0.0,28.0,0.0,7.0,0.0,19.0,0.0,1.0,1.0,0.0,1.0,27.0,0.0,0.0,0.0,0.0,0.0,0.0,0.0,0.0,1.0,0.0,0.0,0.0,0.0,0.0,0.0,0.0,0.0,0.0,1.0,1.0,0.0,0.0,2.0,1.0,3.0,5.0,6.0,18.0,22.0,10.0,0.0,0.0,0.0,0.0,0.0,0.0,0.0,0.0,2.0,0.0,0.0,0.0,0.0,0.0,0.0,0.0,0.0,0.0,1.0,2.0,0.0,0.0,2.0,2.0,4.0,9.0,7.0,24.0,34.0,19.0
209,1.0,209.0,London_141,cons,151,453,1092.0,70.0,2.0,162174.0,0.868511687964201,815.0,56.0,0.0,56.0,105.0,0.0,105.0,178.0,277.0,62.0,11.0,64.0,7.0,25.0,1.0,6.0,7.0,80.0,154.0,212.0,26.0,8.0,8.0,0.0,0.0,0.0,0.0,0.0,0.0,0.0,0.0,0.0,0.0,0.0,0.0,0.0,0.0,0.0,0.0,0.0,0.0,0.0,0.0,0.0,0.0,0.0,0.0,0.0,0.0,0.0,0.0,0.0,0.0,0.0,0.0,0.0,0.0,0.0,0.0,7.0,2.0,0.0,1.0,0.0,10.0,8.0,8.0,13.0,12.0,13.0,17.0,0.0,0.0,0.0,0.0,0.0,0.0,0.0,0.0,0.0,0.0,0.0,0.0,0.0,0.0,0.0,0.0,0.0,0.0,10.0,2.0,0.0,1.0,0.0,12.0,18.0,11.0,22.0,19.0,22.0,25.0
210,1.0,210.0,London_141,cons,151,453,1092.0,70.0,2.0,177576.0,0.9652753067202866,849.0,100.0,0.0,100.0,173.0,0.0,173.0,114.0,279.0,68.0,9.0,43.0,14.0,32.0,1.0,7.0,8.0,89.0,152.0,204.0,27.0,1.0,1.0,0.0,0.0,0.0,0.0,0.0,0.0,0.0,18.0,0.0,2.0,0.0,16.0,0.0,0.0,0.0,0.0,0.0,18.0,0.0,0.0,0.0,0.0,0.0,0.0,0.0,0.0,0.0,0.0,0.0,0.0,0.0,0.0,0.0,0.0,0.0,0.0,2.0,9.0,2.0,2.0,1.0,5.0,9.0,7.0,16.0,13.0,22.0,12.0,0.0,0.0,0.0,0.0,0.0,0.0,0.0,0.0,0.0,0.0,0.0,0.0,0.0,0.0,0.0,0.0,0.0,0.0,2.0,13.0,2.0,2.0,1.0,10.0,12.0,11.0,22.0,18.0,32.0,18.0
211,1.0,211.0,London_141,cons,151,453,1092.0,70.0,2.0,166704.0,0.8133018091320992,825.0,163.0,0.0,163.0,274.0,0.0,274.0,148.0,282.0,56.0,12.0,44.0,19.0,31.0,2.0,7.0,9.0,93.0,147.0,204.0,26.0,0.0,0.0,0.0,0.0,0.0,0.0,0.0,0.0,0.0,64.0,0.0,26.0,7.0,30.0,0.0,0.0,0.0,1.0,0.0,64.0,0.0,0.0,0.0,0.0,0.0,0.0,0.0,0.0,0.0,0.0,0.0,0.0,0.0,0.0,0.0,0.0,0.0,0.0,3.0,0.0,2.0,2.0,2.0,2.0,3.0,1.0,10.0,23.0,29.0,11.0,0.0,0.0,0.0,0.0,0.0,0.0,0.0,0.0,0.0,0.0,0.0,0.0,0.0,0.0,0.0,0.0,0.0,0.0,3.0,0.0,3.0,3.0,2.0,4.0,4.0,1.0,15.0,28.0,39.0,13.0
212,1.0,212.0,London_141,cons,151,453,1092.0,70.0,2.0,123216.0,0.6401465777307749,729.0,105.0,2.0,103.0,197.0,17.0,180.0,171.0,284.0,51.0,7.0,52.0,20.0,33.0,0.0,6.0,8.0,92.0,147.0,206.0,20.0,0.0,0.0,0.0,0.0,0.0,0.0,0.0,0.0,0.0,34.0,0.0,8.0,4.0,22.0,0.0,0.0,0.0,0.0,1.0,33.0,0.0,0.0,0.0,0.0,0.0,0.0,0.0,0.0,0.0,0.0,0.0,0.0,1.0,0.0,0.0,0.0,0.0,0.0,0.0,1.0,2.0,1.0,0.0,6.0,4.0,4.0,4.0,11.0,21.0,16.0,0.0,0.0,0.0,0.0,0.0,0.0,0.0,0.0,0.0,0.0,0.0,0.0,6.0,0.0,0.0,0.0,0.0,0.0,0.0,1.0,2.0,2.0,0.0,8.0,6.0,5.0,6.0,13.0,33.0,20.0
213,1.0,213.0,London_141,cons,151,453,1092.0,70.0,2.0,112797.0,0.536800161935389,706.0,80.0,2.0,78.0,155.0,18.0,137.0,144.0,287.0,53.0,11.0,42.0,26.0,25.0,0.0,9.0,4.0,78.0,170.0,201.0,17.0,7.0,7.0,0.0,0.0,0.0,0.0,0.0,0.0,0.0,23.0,0.0,0.0,1.0,22.0,0.0,0.0,0.0,0.0,2.0,21.0,0.0,0.0,0.0,0.0,0.0,0.0,0.0,0.0,0.0,0.0,0.0,0.0,0.0,0.0,0.0,0.0,0.0,0.0,0.0,0.0,1.0,0.0,0.0,3.0,6.0,5.0,3.0,15.0,13.0,5.0,0.0,0.0,0.0,0.0,0.0,0.0,0.0,0.0,0.0,0.0,0.0,0.0,0.0,0.0,0.0,0.0,0.0,0.0,0.0,0.0,1.0,0.0,0.0,4.0,9.0,8.0,3.0,19.0,19.0,6.0
214,1.0,214.0,London_141,cons,151,453,1092.0,70.0,2.0,110532.0,0.534799313172698,701.0,7.0,0.0,7.0,16.0,0.0,16.0,117.0,284.0,60.0,6.0,38.0,29.0,24.0,1.0,11.0,3.0,90.0,160.0,200.0,26.0,0.0,0.0,0.0,0.0,0.0,0.0,0.0,0.0,0.0,0.0,0.0,0.0,0.0,0.0,0.0,0.0,0.0,0.0,0.0,0.0,0.0,0.0,0.0,0.0,0.0,0.0,0.0,0.0,0.0,0.0,0.0,0.0,0.0,0.0,0.0,0.0,0.0,0.0,0.0,1.0,0.0,0.0,0.0,1.0,0.0,1.0,0.0,3.0,1.0,2.0,0.0,0.0,0.0,0.0,0.0,0.0,0.0,0.0,0.0,0.0,0.0,0.0,0.0,0.0,0.0,0.0,0.0,0.0,0.0,1.0,0.0,0.0,0.0,2.0,0.0,1.0,0.0,5.0,2.0,3.0
215,1.0,215.0,London_141,cons,151,453,1092.0,70.0,2.0,144054.0,0.695692544337362,775.0,34.0,2.0,32.0,75.0,19.0,56.0,16.0,285.0,63.0,4.0,37.0,30.0,21.0,2.0,11.0,5.0,92.0,157.0,199.0,24.0,1.0,1.0,0.0,0.0,0.0,0.0,0.0,0.0,0.0,3.0,0.0,0.0,1.0,0.0,1.0,1.0,0.0,0.0,2.0,1.0,0.0,0.0,0.0,0.0,0.0,0.0,0.0,0.0,0.0,0.0,0.0,1.0,0.0,1.0,1.0,0.0,0.0,0.0,1.0,3.0,0.0,0.0,1.0,3.0,3.0,0.0,3.0,5.0,9.0,5.0,0.0,0.0,0.0,0.0,0.0,0.0,0.0,0.0,0.0,0.0,0.0,3.0,0.0,4.0,3.0,0.0,0.0,0.0,1.0,3.0,0.0,0.0,1.0,3.0,3.0,0.0,5.0,7.0,13.0,5.0
216,1.0,216.0,London_141,cons,151,453,1092.0,70.0,2.0,169875.0,0.9350739740766585,832.0,100.0,1.0,99.0,174.0,9.0,165.0,63.0,288.0,68.0,7.0,36.0,20.0,25.0,1.0,8.0,5.0,88.0,162.0,198.0,24.0,4.0,4.0,0.0,0.0,0.0,0.0,0.0,0.0,0.0,22.0,0.0,0.0,4.0,18.0,0.0,0.0,0.0,0.0,0.0,22.0,0.0,0.0,0.0,0.0,0.0,0.0,0.0,0.0,0.0,0.0,0.0,0.0,0.0,1.0,1.0,0.0,0.0,0.0,4.0,1.0,0.0,3.0,9.0,8.0,4.0,5.0,9.0,17.0,23.0,21.0,0.0,0.0,0.0,0.0,0.0,0.0,0.0,0.0,0.0,0.0,0.0,0.0,0.0,5.0,3.0,0.0,0.0,0.0,6.0,2.0,0.0,5.0,9.0,8.0,5.0,7.0,12.0,27.0,33.0,26.0
217,1.0,217.0,London_141,cons,151,453,1092.0,70.0,2.0,159456.0,0.8761825119145215,809.0,63.0,0.0,63.0,114.0,0.0,114.0,144.0,281.0,68.0,10.0,43.0,24.0,16.0,3.0,8.0,8.0,99.0,146.0,200.0,26.0,3.0,3.0,0.0,0.0,0.0,0.0,0.0,0.0,0.0,8.0,0.0,0.0,2.0,6.0,0.0,0.0,0.0,0.0,0.0,8.0,0.0,0.0,0.0,0.0,0.0,0.0,0.0,0.0,0.0,0.0,0.0,0.0,0.0,0.0,0.0,0.0,0.0,0.0,4.0,6.0,4.0,0.0,2.0,12.0,6.0,8.0,11.0,14.0,15.0,18.0,0.0,0.0,0.0,0.0,0.0,0.0,0.0,0.0,0.0,0.0,0.0,0.0,0.0,0.0,0.0,0.0,0.0,0.0,6.0,6.0,4.0,0.0,2.0,14.0,7.0,11.0,15.0,21.0,21.0,22.0
218,1.0,218.0,London_141,cons,151,453,1092.0,70.0,2.0,172140.0,0.8975199917331338,837.0,59.0,0.0,59.0,102.0,0.0,102.0,106.0,285.0,66.0,10.0,37.0,22.0,20.0,6.0,7.0,9.0,92.0,138.0,214.0,27.0,9.0,9.0,0.0,0.0,0.0,0.0,0.0,0.0,0.0,1.0,0.0,0.0,0.0,1.0,0.0,0.0,0.0,0.0,0.0,1.0,0.0,0.0,0.0,0.0,0.0,0.0,0.0,0.0,0.0,0.0,0.0,0.0,0.0,0.0,0.0,0.0,0.0,0.0,6.0,6.0,2.0,1.0,3.0,10.0,10.0,5.0,13.0,14.0,10.0,15.0,0.0,0.0,0.0,0.0,0.0,0.0,0.0,0.0,0.0,0.0,0.0,0.0,0.0,0.0,0.0,0.0,0.0,0.0,8.0,7.0,2.0,2.0,3.0,11.0,13.0,5.0,18.0,21.0,16.0,20.0
219,1.0,219.0,London_141,cons,151,453,1092.0,70.0,2.0,188901.0,0.9712336040101945,874.0,176.0,1.0,175.0,316.0,10.0,306.0,110.0,286.0,71.0,8.0,34.0,22.0,18.0,6.0,8.0,11.0,92.0,131.0,219.0,37.0,2.0,2.0,0.0,0.0,0.0,0.0,0.0,0.0,0.0,88.0,0.0,37.0,9.0,42.0,0.0,0.0,0.0,0.0,1.0,87.0,0.0,0.0,0.0,0.0,0.0,0.0,0.0,0.0,0.0,0.0,0.0,0.0,0.0,1.0,0.0,0.0,0.0,0.0,3.0,7.0,6.0,1.0,8.0,24.0,17.0,13.0,15.0,20.0,27.0,26.0,0.0,0.0,0.0,0.0,0.0,0.0,0.0,0.0,0.0,0.0,0.0,0.0,0.0,2.0,0.0,0.0,0.0,0.0,3.0,10.0,7.0,2.0,8.0,31.0,22.0,15.0,20.0,29.0,33.0,32.0
220,1.0,220.0,London_141,cons,151,453,1092.0,70.0,2.0,142242.0,0.7642838321626186,771.0,93.0,0.0,93.0,149.0,0.0,149.0,175.0,282.0,67.0,10.0,58.0,13.0,12.0,4.0,7.0,6.0,96.0,139.0,212.0,27.0,0.0,0.0,0.0,0.0,0.0,0.0,0.0,0.0,0.0,3.0,0.0,0.0,0.0,3.0,0.0,0.0,0.0,0.0,0.0,3.0,0.0,0.0,0.0,0.0,0.0,0.0,0.0,0.0,0.0,0.0,0.0,0.0,0.0,0.0,0.0,0.0,0.0,0.0,7.0,11.0,3.0,1.0,4.0,16.0,9.0,9.0,14.0,19.0,27.0,26.0,0.0,0.0,0.0,0.0,0.0,0.0,0.0,0.0,0.0,0.0,0.0,0.0,0.0,0.0,0.0,0.0,0.0,0.0,10.0,15.0,3.0,1.0,4.0,25.0,12.0,13.0,18.0,27.0,39.0,36.0
221,1.0,221.0,London_141,cons,151,453,1092.0,70.0,2.0,135447.0,1.1140345367603004,756.0,104.0,2.0,102.0,185.0,17.0,168.0,145.0,291.0,71.0,13.0,43.0,15.0,14.0,2.0,4.0,6.0,94.0,154.0,199.0,30.0,2.0,2.0,0.0,0.0,0.0,0.0,0.0,0.0,0.0,9.0,0.0,4.0,0.0,5.0,0.0,0.0,0.0,0.0,2.0,7.0,0.0,0.0,0.0,0.0,0.0,0.0,0.0,0.0,0.0,0.0,0.0,0.0,0.0,0.0,0.0,0.0,0.0,0.0,3.0,12.0,9.0,2.0,6.0,10.0,8.0,10.0,12.0,17.0,24.0,25.0,0.0,0.0,0.0,0.0,0.0,0.0,0.0,0.0,0.0,0.0,0.0,0.0,0.0,0.0,0.0,0.0,0.0,0.0,3.0,17.0,9.0,3.0,7.0,14.0,12.0,11.0,18.0,27.0,36.0,34.0
222,1.0,222.0,London_141,cons,151,453,1092.0,70.0,2.0,122763.0,0.6667271112091839,728.0,21.0,1.0,20.0,48.0,12.0,36.0,164.0,301.0,65.0,14.0,44.0,13.0,15.0,0.0,1.0,5.0,78.0,143.0,227.0,19.0,1.0,1.0,0.0,0.0,0.0,0.0,0.0,0.0,0.0,1.0,0.0,0.0,0.0,0.0,0.0,1.0,0.0,0.0,1.0,0.0,0.0,0.0,0.0,0.0,0.0,0.0,0.0,0.0,0.0,0.0,0.0,1.0,0.0,0.0,1.0,0.0,0.0,0.0,0.0,0.0,0.0,0.0,0.0,1.0,1.0,1.0,2.0,0.0,7.0,4.0,0.0,0.0,0.0,0.0,0.0,0.0,0.0,0.0,0.0,0.0,0.0,5.0,0.0,0.0,2.0,0.0,0.0,0.0,0.0,0.0,0.0,0.0,0.0,1.0,2.0,2.0,2.0,0.0,11.0,6.0
223,1.0,223.0,London_141,cons,151,453,1092.0,70.0,2.0,150396.0,0.8491014330647886,789.0,77.0,2.0,75.0,143.0,19.0,124.0,42.0,302.0,74.0,15.0,40.0,10.0,12.0,0.0,0.0,4.0,85.0,129.0,235.0,16.0,3.0,3.0,0.0,0.0,0.0,0.0,0.0,0.0,0.0,7.0,0.0,0.0,0.0,1.0,0.0,1.0,2.0,3.0,2.0,5.0,0.0,0.0,0.0,0.0,0.0,0.0,0.0,0.0,1.0,1.0,0.0,0.0,0.0,1.0,1.0,0.0,0.0,0.0,3.0,5.0,1.0,1.0,5.0,14.0,8.0,2.0,7.0,15.0,10.0,13.0,0.0,0.0,0.0,0.0,0.0,0.0,0.0,0.0,1.0,1.0,0.0,0.0,0.0,2.0,1.0,0.0,0.0,0.0,3.0,7.0,1.0,1.0,5.0,17.0,10.0,2.0,7.0,20.0,15.0,18.0
224,1.0,224.0,London_141,cons,151,453,1092.0,70.0,2.0,157191.0,0.9270433052442968,804.0,113.0,0.0,113.0,186.0,0.0,186.0,122.0,311.0,69.0,13.0,37.0,6.0,15.0,1.0,1.0,7.0,75.0,131.0,240.0,17.0,4.0,4.0,0.0,0.0,0.0,0.0,0.0,0.0,0.0,35.0,0.0,8.0,0.0,23.0,0.0,0.0,1.0,3.0,0.0,35.0,0.0,0.0,0.0,0.0,0.0,0.0,0.0,0.0,0.0,0.0,0.0,0.0,0.0,0.0,0.0,0.0,0.0,0.0,8.0,4.0,6.0,2.0,8.0,12.0,20.0,17.0,17.0,19.0,17.0,29.0,0.0,0.0,0.0,0.0,0.0,0.0,0.0,0.0,0.0,0.0,0.0,0.0,0.0,0.0,0.0,0.0,0.0,0.0,8.0,5.0,6.0,3.0,8.0,15.0,29.0,21.0,24.0,28.0,21.0,39.0
225,1.0,225.0,London_141,cons,151,453,1092.0,70.0,2.0,141336.0,0.7262675352394581,769.0,50.0,0.0,50.0,93.0,0.0,93.0,143.0,319.0,48.0,12.0,45.0,12.0,12.0,1.0,4.0,4.0,81.0,145.0,223.0,17.0,5.0,5.0,0.0,0.0,0.0,0.0,0.0,0.0,0.0,0.0,0.0,0.0,0.0,0.0,0.0,0.0,0.0,0.0,0.0,0.0,0.0,0.0,0.0,0.0,0.0,0.0,0.0,0.0,0.0,0.0,0.0,0.0,0.0,0.0,0.0,0.0,0.0,0.0,8.0,2.0,6.0,1.0,6.0,12.0,16.0,11.0,6.0,11.0,11.0,17.0,0.0,0.0,0.0,0.0,0.0,0.0,0.0,0.0,0.0,0.0,0.0,0.0,0.0,0.0,0.0,0.0,0.0,0.0,11.0,3.0,6.0,2.0,6.0,17.0,29.0,16.0,8.0,18.0,19.0,28.0
226,1.0,226.0,London_141,cons,151,453,1092.0,70.0,2.0,159909.0,0.7906197756528854,810.0,89.0,1.0,88.0,166.0,9.0,157.0,100.0,320.0,42.0,7.0,50.0,11.0,18.0,0.0,5.0,7.0,84.0,149.0,213.0,24.0,4.0,4.0,0.0,0.0,0.0,0.0,0.0,0.0,0.0,19.0,0.0,7.0,1.0,8.0,0.0,1.0,1.0,1.0,1.0,18.0,0.0,0.0,0.0,0.0,0.0,0.0,0.0,0.0,1.0,0.0,0.0,0.0,1.0,0.0,1.0,0.0,0.0,0.0,1.0,0.0,1.0,0.0,2.0,5.0,7.0,2.0,10.0,21.0,16.0,14.0,0.0,0.0,0.0,0.0,0.0,0.0,0.0,0.0,2.0,0.0,0.0,0.0,5.0,0.0,2.0,0.0,0.0,0.0,1.0,0.0,1.0,0.0,2.0,7.0,11.0,3.0,12.0,30.0,23.0,18.0
227,1.0,227.0,London_141,cons,151,453,1092.0,70.0,2.0,154473.0,0.7842331761494279,798.0,15.0,0.0,15.0,22.0,0.0,22.0,140.0,311.0,46.0,11.0,54.0,12.0,18.0,0.0,1.0,7.0,78.0,145.0,223.0,18.0,1.0,1.0,0.0,0.0,0.0,0.0,0.0,0.0,0.0,0.0,0.0,0.0,0.0,0.0,0.0,0.0,0.0,0.0,0.0,0.0,0.0,0.0,0.0,0.0,0.0,0.0,0.0,0.0,0.0,0.0,0.0,0.0,0.0,0.0,0.0,0.0,0.0,0.0,1.0,6.0,1.0,0.0,1.0,3.0,1.0,4.0,2.0,1.0,6.0,2.0,0.0,0.0,0.0,0.0,0.0,0.0,0.0,0.0,0.0,0.0,0.0,0.0,0.0,0.0,0.0,0.0,0.0,0.0,1.0,10.0,1.0,0.0,1.0,4.0,3.0,5.0,2.0,1.0,8.0,3.0
228,1.0,228.0,London_141,cons,151,453,1092.0,70.0,2.0,181653.0,1.0525005622766912,858.0,132.0,2.0,130.0,239.0,20.0,219.0,24.0,314.0,42.0,13.0,50.0,11.0,22.0,0.0,1.0,6.0,81.0,140.0,226.0,18.0,1.0,1.0,0.0,0.0,0.0,0.0,0.0,0.0,0.0,43.0,0.0,27.0,0.0,9.0,0.0,1.0,1.0,5.0,2.0,41.0,0.0,0.0,0.0,0.0,0.0,0.0,0.0,0.0,0.0,1.0,0.0,1.0,0.0,1.0,1.0,0.0,0.0,0.0,1.0,0.0,5.0,0.0,2.0,2.0,12.0,6.0,10.0,14.0,20.0,12.0,0.0,0.0,0.0,0.0,0.0,0.0,0.0,0.0,0.0,2.0,0.0,2.0,0.0,4.0,3.0,0.0,0.0,0.0,1.0,0.0,5.0,0.0,2.0,2.0,13.0,8.0,10.0,21.0,23.0,14.0
229,1.0,229.0,London_141,cons,151,453,1092.0,70.0,2.0,160362.0,1.1833940879441798,811.0,97.0,2.0,95.0,176.0,20.0,156.0,155.0,317.0,54.0,12.0,46.0,7.0,14.0,1.0,2.0,7.0,72.0,153.0,221.0,19.0,1.0,1.0,0.0,0.0,0.0,0.0,0.0,0.0,0.0,13.0,0.0,6.0,0.0,1.0,0.0,2.0,0.0,4.0,2.0,11.0,0.0,0.0,0.0,0.0,0.0,0.0,0.0,0.0,2.0,0.0,0.0,0.0,1.0,0.0,1.0,0.0,0.0,0.0,0.0,5.0,8.0,1.0,2.0,10.0,6.0,6.0,11.0,20.0,23.0,17.0,0.0,0.0,0.0,0.0,0.0,0.0,0.0,0.0,2.0,0.0,0.0,0.0,2.0,0.0,1.0,0.0,0.0,0.0,0.0,8.0,9.0,1.0,2.0,11.0,10.0,6.0,12.0,26.0,30.0,23.0
230,1.0,230.0,London_141,cons,151,453,1092.0,70.0,2.0,150849.0,1.1229342059232295,790.0,87.0,1.0,86.0,176.0,10.0,166.0,145.0,335.0,52.0,10.0,36.0,5.0,12.0,1.0,2.0,7.0,75.0,143.0,228.0,10.0,0.0,0.0,0.0,0.0,0.0,0.0,0.0,0.0,0.0,19.0,0.0,0.0,0.0,16.0,0.0,0.0,0.0,3.0,1.0,18.0,0.0,0.0,0.0,0.0,0.0,0.0,0.0,0.0,0.0,0.0,0.0,0.0,0.0,0.0,0.0,0.0,0.0,0.0,11.0,7.0,5.0,0.0,7.0,15.0,9.0,8.0,18.0,21.0,11.0,26.0,0.0,0.0,0.0,0.0,0.0,0.0,0.0,0.0,0.0,0.0,0.0,0.0,0.0,0.0,0.0,0.0,0.0,0.0,17.0,7.0,5.0,0.0,8.0,19.0,16.0,10.0,32.0,34.0,19.0,32.0
231,1.0,231.0,London_141,cons,151,453,1092.0,70.0,2.0,154926.0,1.23990089725703,799.0,136.0,2.0,134.0,234.0,18.0,216.0,141.0,323.0,54.0,12.0,43.0,5.0,15.0,0.0,1.0,6.0,84.0,149.0,214.0,18.0,4.0,4.0,0.0,0.0,0.0,0.0,0.0,0.0,0.0,58.0,0.0,12.0,9.0,27.0,2.0,1.0,1.0,6.0,2.0,56.0,0.0,0.0,0.0,0.0,0.0,0.0,0.0,0.0,1.0,0.0,0.0,1.0,0.0,1.0,1.0,0.0,0.0,0.0,5.0,0.0,1.0,0.0,3.0,12.0,11.0,8.0,9.0,20.0,16.0,23.0,0.0,0.0,0.0,0.0,0.0,0.0,0.0,0.0,1.0,0.0,0.0,1.0,0.0,1.0,1.0,0.0,0.0,0.0,6.0,0.0,1.0,0.0,3.0,16.0,17.0,10.0,15.0,26.0,19.0,28.0
232,1.0,232.0,London_141,cons,151,453,1092.0,70.0,2.0,130011.0,0.6876374362036586,744.0,23.0,0.0,23.0,41.0,0.0,41.0,141.0,322.0,49.0,11.0,50.0,0.0,19.0,0.0,2.0,7.0,73.0,154.0,219.0,20.0,1.0,1.0,0.0,0.0,0.0,0.0,0.0,0.0,0.0,1.0,0.0,0.0,0.0,0.0,1.0,0.0,0.0,0.0,0.0,1.0,0.0,0.0,0.0,0.0,0.0,0.0,0.0,0.0,0.0,0.0,0.0,0.0,0.0,0.0,0.0,0.0,0.0,0.0,4.0,5.0,2.0,1.0,0.0,7.0,1.0,5.0,3.0,5.0,6.0,2.0,0.0,0.0,0.0,0.0,0.0,0.0,0.0,0.0,0.0,0.0,0.0,0.0,0.0,0.0,0.0,0.0,0.0,0.0,6.0,6.0,2.0,2.0,0.0,9.0,1.0,9.0,5.0,6.0,8.0,2.0
233,1.0,233.0,London_141,cons,151,453,1092.0,70.0,2.0,160362.0,1.1540238321758807,811.0,92.0,2.0,90.0,175.0,20.0,155.0,40.0,327.0,47.0,14.0,42.0,1.0,22.0,0.0,0.0,6.0,70.0,150.0,227.0,25.0,4.0,4.0,0.0,0.0,0.0,0.0,0.0,0.0,0.0,19.0,0.0,1.0,7.0,6.0,2.0,1.0,0.0,2.0,2.0,17.0,0.0,0.0,0.0,0.0,0.0,0.0,0.0,0.0,1.0,0.0,0.0,0.0,0.0,1.0,0.0,0.0,0.0,0.0,4.0,7.0,5.0,0.0,2.0,18.0,11.0,10.0,17.0,17.0,16.0,22.0,0.0,0.0,0.0,0.0,0.0,0.0,0.0,0.0,1.0,0.0,0.0,0.0,0.0,1.0,0.0,0.0,0.0,0.0,4.0,7.0,7.0,0.0,2.0,24.0,17.0,13.0,26.0,29.0,27.0,29.0
234,1.0,234.0,London_141,cons,151,453,1092.0,70.0,2.0,165345.0,1.0432600588537753,822.0,70.0,0.0,70.0,120.0,0.0,120.0,141.0,331.0,37.0,11.0,52.0,1.0,19.0,0.0,2.0,9.0,79.0,144.0,221.0,18.0,1.0,1.0,0.0,0.0,0.0,0.0,0.0,0.0,0.0,7.0,0.0,7.0,0.0,0.0,0.0,0.0,0.0,0.0,0.0,7.0,0.0,0.0,0.0,0.0,0.0,0.0,0.0,0.0,0.0,0.0,0.0,0.0,0.0,0.0,0.0,0.0,0.0,0.0,3.0,3.0,1.0,1.0,0.0,11.0,18.0,14.0,8.0,9.0,18.0,14.0,0.0,0.0,0.0,0.0,0.0,0.0,0.0,0.0,0.0,0.0,0.0,0.0,0.0,0.0,0.0,0.0,0.0,0.0,4.0,4.0,1.0,1.0,0.0,15.0,24.0,19.0,11.0,14.0,33.0,21.0
235,1.0,235.0,London_141,cons,151,453,1092.0,70.0,2.0,172593.0,0.8400167748332024,838.0,102.0,0.0,102.0,176.0,0.0,176.0,114.0,332.0,52.0,9.0,32.0,3.0,21.0,2.0,2.0,6.0,74.0,154.0,219.0,12.0,0.0,0.0,0.0,0.0,0.0,0.0,0.0,0.0,0.0,31.0,0.0,4.0,2.0,23.0,0.0,0.0,0.0,2.0,0.0,31.0,0.0,0.0,0.0,0.0,0.0,0.0,0.0,0.0,0.0,0.0,0.0,0.0,0.0,0.0,0.0,0.0,0.0,0.0,5.0,11.0,3.0,2.0,4.0,11.0,13.0,10.0,8.0,14.0,21.0,21.0,0.0,0.0,0.0,0.0,0.0,0.0,0.0,0.0,0.0,0.0,0.0,0.0,0.0,0.0,0.0,0.0,0.0,0.0,5.0,17.0,3.0,2.0,4.0,16.0,20.0,17.0,13.0,24.0,31.0,29.0
236,1.0,236.0,London_141,cons,151,453,1092.0,70.0,2.0,163533.0,0.9403117140755057,818.0,87.0,2.0,85.0,157.0,17.0,140.0,126.0,341.0,49.0,11.0,28.0,2.0,19.0,1.0,2.0,7.0,78.0,146.0,222.0,10.0,8.0,8.0,0.0,0.0,0.0,0.0,0.0,0.0,0.0,31.0,0.0,1.0,0.0,19.0,1.0,1.0,1.0,8.0,2.0,29.0,0.0,0.0,0.0,0.0,0.0,0.0,0.0,0.0,1.0,0.0,0.0,1.0,0.0,0.0,1.0,0.0,0.0,0.0,1.0,0.0,0.0,1.0,0.0,13.0,2.0,2.0,10.0,10.0,14.0,12.0,0.0,0.0,0.0,0.0,0.0,0.0,0.0,0.0,2.0,0.0,0.0,1.0,0.0,0.0,1.0,0.0,0.0,0.0,1.0,0.0,0.0,1.0,0.0,16.0,3.0,2.0,13.0,17.0,16.0,13.0
237,1.0,237.0,London_141,cons,151,453,1092.0,70.0,2.0,158097.0,0.809214178007096,806.0,91.0,0.0,91.0,152.0,0.0,152.0,106.0,348.0,33.0,13.0,35.0,2.0,21.0,1.0,0.0,8.0,69.0,158.0,218.0,12.0,0.0,0.0,0.0,0.0,0.0,0.0,0.0,0.0,0.0,33.0,0.0,14.0,5.0,9.0,0.0,0.0,0.0,5.0,0.0,33.0,0.0,0.0,0.0,0.0,0.0,0.0,0.0,0.0,0.0,0.0,0.0,0.0,0.0,0.0,0.0,0.0,0.0,0.0,3.0,8.0,4.0,2.0,6.0,14.0,17.0,10.0,9.0,15.0,13.0,22.0,0.0,0.0,0.0,0.0,0.0,0.0,0.0,0.0,0.0,0.0,0.0,0.0,0.0,0.0,0.0,0.0,0.0,0.0,4.0,9.0,4.0,2.0,6.0,19.0,21.0,12.0,12.0,21.0,16.0,26.0
238,1.0,238.0,London_141,cons,151,453,1092.0,70.0,2.0,153114.0,0.9132109191268682,795.0,97.0,2.0,95.0,190.0,17.0,173.0,102.0,345.0,43.0,8.0,25.0,7.0,23.0,0.0,2.0,8.0,71.0,152.0,222.0,17.0,0.0,0.0,0.0,0.0,0.0,0.0,0.0,0.0,0.0,39.0,0.0,8.0,0.0,26.0,0.0,1.0,0.0,4.0,2.0,37.0,0.0,0.0,0.0,0.0,0.0,0.0,0.0,0.0,1.0,0.0,1.0,0.0,1.0,0.0,1.0,0.0,0.0,0.0,1.0,0.0,0.0,3.0,0.0,5.0,8.0,2.0,7.0,15.0,12.0,10.0,0.0,0.0,0.0,0.0,0.0,0.0,0.0,0.0,1.0,0.0,2.0,0.0,1.0,0.0,1.0,0.0,0.0,0.0,1.0,0.0,0.0,5.0,0.0,6.0,13.0,3.0,13.0,21.0,25.0,13.0
239,1.0,239.0,London_141,cons,151,453,1092.0,70.0,2.0,143601.0,0.7739417105913162,774.0,90.0,0.0,90.0,156.0,0.0,156.0,112.0,345.0,46.0,11.0,29.0,4.0,12.0,2.0,4.0,8.0,70.0,146.0,229.0,11.0,2.0,2.0,0.0,0.0,0.0,0.0,0.0,0.0,0.0,33.0,0.0,12.0,1.0,18.0,2.0,0.0,0.0,0.0,0.0,33.0,0.0,0.0,0.0,0.0,0.0,0.0,0.0,0.0,0.0,0.0,0.0,0.0,0.0,0.0,0.0,0.0,0.0,0.0,6.0,6.0,11.0,2.0,6.0,14.0,8.0,16.0,12.0,9.0,12.0,17.0,0.0,0.0,0.0,0.0,0.0,0.0,0.0,0.0,0.0,0.0,0.0,0.0,0.0,0.0,0.0,0.0,0.0,0.0,7.0,8.0,12.0,3.0,6.0,19.0,13.0,20.0,21.0,10.0,19.0,23.0
240,1.0,240.0,London_141,cons,151,453,1092.0,70.0,2.0,135900.0,0.7492723539471626,757.0,70.0,1.0,69.0,120.0,8.0,112.0,112.0,351.0,45.0,6.0,33.0,2.0,9.0,4.0,3.0,7.0,81.0,154.0,211.0,16.0,1.0,1.0,0.0,0.0,0.0,0.0,0.0,0.0,0.0,10.0,0.0,0.0,0.0,7.0,0.0,3.0,0.0,0.0,1.0,9.0,0.0,0.0,0.0,0.0,0.0,0.0,0.0,0.0,0.0,0.0,0.0,0.0,0.0,1.0,0.0,0.0,0.0,0.0,4.0,8.0,13.0,0.0,4.0,11.0,9.0,9.0,9.0,16.0,17.0,15.0,0.0,0.0,0.0,0.0,0.0,0.0,0.0,0.0,0.0,0.0,0.0,0.0,0.0,3.0,0.0,0.0,0.0,0.0,5.0,9.0,14.0,0.0,4.0,14.0,12.0,11.0,13.0,22.0,22.0,19.0
241,1.0,241.0,London_141,cons,151,453,1092.0,70.0,2.0,129105.0,0.8445209651254117,742.0,85.0,2.0,83.0,157.0,18.0,139.0,103.0,339.0,50.0,11.0,32.0,3.0,8.0,5.0,5.0,5.0,77.0,143.0,228.0,10.0,3.0,3.0,0.0,0.0,0.0,0.0,0.0,0.0,0.0,21.0,0.0,0.0,1.0,20.0,0.0,0.0,0.0,0.0,2.0,19.0,0.0,0.0,0.0,0.0,0.0,0.0,0.0,0.0,0.0,0.0,0.0,0.0,0.0,1.0,1.0,0.0,0.0,0.0,10.0,6.0,1.0,2.0,5.0,16.0,8.0,12.0,11.0,18.0,19.0,14.0,0.0,0.0,0.0,0.0,0.0,0.0,0.0,0.0,0.0,0.0,0.0,0.0,0.0,2.0,1.0,0.0,0.0,0.0,11.0,6.0,1.0,3.0,5.0,23.0,9.0,14.0,19.0,24.0,26.0,18.0
242,1.0,242.0,London_141,cons,151,453,1092.0,70.0,2.0,128199.0,0.6406053798273206,740.0,92.0,0.0,92.0,169.0,0.0,169.0,119.0,334.0,52.0,5.0,34.0,6.0,13.0,6.0,3.0,9.0,78.0,146.0,220.0,19.0,6.0,6.0,0.0,0.0,0.0,0.0,0.0,0.0,0.0,29.0,0.0,0.0,5.0,24.0,0.0,0.0,0.0,0.0,0.0,29.0,0.0,0.0,0.0,0.0,0.0,0.0,0.0,0.0,0.0,0.0,0.0,0.0,0.0,0.0,0.0,0.0,0.0,0.0,4.0,8.0,4.0,1.0,3.0,13.0,15.0,15.0,18.0,15.0,14.0,18.0,0.0,0.0,0.0,0.0,0.0,0.0,0.0,0.0,0.0,0.0,0.0,0.0,0.0,0.0,0.0,0.0,0.0,0.0,4.0,13.0,5.0,1.0,3.0,16.0,22.0,20.0,29.0,24.0,19.0,24.0
243,1.0,243.0,London_141,cons,151,453,1092.0,70.0,2.0,115968.0,0.796061784029007,713.0,137.0,2.0,135.0,255.0,19.0,236.0,132.0,330.0,47.0,9.0,42.0,5.0,17.0,1.0,2.0,9.0,66.0,150.0,228.0,20.0,2.0,2.0,0.0,0.0,0.0,0.0,0.0,0.0,0.0,73.0,0.0,29.0,2.0,37.0,0.0,1.0,0.0,4.0,2.0,71.0,0.0,0.0,0.0,0.0,0.0,0.0,0.0,0.0,1.0,0.0,0.0,0.0,0.0,0.0,1.0,0.0,0.0,0.0,5.0,0.0,1.0,0.0,1.0,2.0,5.0,2.0,2.0,13.0,15.0,12.0,0.0,0.0,0.0,0.0,0.0,0.0,0.0,0.0,2.0,0.0,0.0,0.0,0.0,0.0,1.0,0.0,0.0,0.0,7.0,0.0,1.0,0.0,1.0,4.0,9.0,3.0,2.0,18.0,17.0,14.0
244,1.0,244.0,London_141,cons,151,453,1092.0,70.0,2.0,82446.0,0.5168512011878192,639.0,9.0,0.0,9.0,15.0,0.0,15.0,134.0,337.0,54.0,5.0,31.0,3.0,19.0,2.0,2.0,6.0,73.0,136.0,238.0,16.0,7.0,7.0,0.0,0.0,0.0,0.0,0.0,0.0,0.0,0.0,0.0,0.0,0.0,0.0,0.0,0.0,0.0,0.0,0.0,0.0,0.0,0.0,0.0,0.0,0.0,0.0,0.0,0.0,0.0,0.0,0.0,0.0,0.0,0.0,0.0,0.0,0.0,0.0,0.0,0.0,1.0,0.0,1.0,4.0,0.0,2.0,3.0,0.0,4.0,0.0,0.0,0.0,0.0,0.0,0.0,0.0,0.0,0.0,0.0,0.0,0.0,0.0,0.0,0.0,0.0,0.0,0.0,0.0,0.0,0.0,1.0,0.0,1.0,6.0,0.0,3.0,3.0,0.0,6.0,0.0
245,1.0,245.0,London_141,cons,151,453,1092.0,70.0,2.0,116874.0,0.5779812848195434,715.0,37.0,0.0,37.0,62.0,0.0,62.0,22.0,328.0,61.0,8.0,31.0,3.0,18.0,2.0,2.0,7.0,71.0,143.0,232.0,17.0,6.0,6.0,0.0,0.0,0.0,0.0,0.0,0.0,0.0,1.0,0.0,0.0,0.0,0.0,1.0,0.0,0.0,0.0,0.0,1.0,0.0,0.0,0.0,0.0,0.0,0.0,0.0,0.0,0.0,0.0,0.0,0.0,0.0,0.0,0.0,0.0,0.0,0.0,4.0,2.0,3.0,0.0,1.0,7.0,9.0,6.0,13.0,11.0,10.0,10.0,0.0,0.0,0.0,0.0,0.0,0.0,0.0,0.0,0.0,0.0,0.0,0.0,0.0,0.0,0.0,0.0,0.0,0.0,5.0,3.0,3.0,0.0,2.0,12.0,14.0,8.0,18.0,13.0,13.0,14.0
246,1.0,246.0,London_141,cons,151,453,1092.0,70.0,2.0,144054.0,0.8141639661043882,775.0,7.0,3.0,4.0,31.0,25.0,6.0,67.0,323.0,66.0,5.0,30.0,4.0,19.0,2.0,4.0,6.0,76.0,146.0,225.0,25.0,6.0,6.0,0.0,0.0,0.0,0.0,0.0,0.0,0.0,3.0,0.0,0.0,0.0,0.0,1.0,2.0,0.0,0.0,3.0,0.0,0.0,0.0,0.0,0.0,0.0,0.0,0.0,0.0,0.0,2.0,0.0,0.0,1.0,0.0,0.0,0.0,0.0,0.0,0.0,0.0,0.0,0.0,0.0,1.0,0.0,0.0,1.0,1.0,1.0,1.0,0.0,0.0,0.0,0.0,0.0,0.0,0.0,0.0,0.0,3.0,0.0,0.0,4.0,0.0,0.0,0.0,0.0,0.0,0.0,0.0,0.0,0.0,0.0,2.0,0.0,0.0,1.0,1.0,2.0,2.0
247,1.0,247.0,London_141,cons,151,453,1092.0,70.0,2.0,178482.0,1.011372895911336,851.0,33.0,1.0,32.0,68.0,10.0,58.0,18.0,319.0,70.0,6.0,32.0,1.0,18.0,2.0,5.0,5.0,74.0,149.0,225.0,26.0,5.0,5.0,0.0,0.0,0.0,0.0,0.0,0.0,0.0,1.0,0.0,0.0,0.0,1.0,0.0,0.0,0.0,0.0,1.0,0.0,0.0,0.0,0.0,0.0,0.0,0.0,0.0,0.0,1.0,0.0,0.0,1.0,0.0,0.0,1.0,0.0,0.0,0.0,1.0,0.0,0.0,0.0,0.0,2.0,3.0,1.0,3.0,11.0,5.0,3.0,0.0,0.0,0.0,0.0,0.0,0.0,0.0,0.0,1.0,0.0,0.0,4.0,0.0,0.0,1.0,0.0,0.0,0.0,1.0,0.0,0.0,0.0,0.0,3.0,4.0,1.0,7.0,17.0,8.0,5.0
248,1.0,248.0,London_141,cons,151,453,1092.0,70.0,2.0,214722.0,1.3269228148274124,931.0,221.0,1.0,220.0,395.0,7.0,388.0,68.0,319.0,68.0,10.0,27.0,2.0,18.0,2.0,7.0,8.0,72.0,151.0,222.0,24.0,8.0,8.0,0.0,0.0,0.0,0.0,0.0,0.0,0.0,149.0,0.0,58.0,11.0,77.0,0.0,3.0,0.0,0.0,1.0,148.0,0.0,0.0,0.0,0.0,0.0,0.0,0.0,0.0,0.0,0.0,0.0,0.0,0.0,0.0,0.0,0.0,0.0,0.0,8.0,10.0,3.0,3.0,7.0,16.0,15.0,13.0,13.0,22.0,21.0,34.0,0.0,0.0,0.0,0.0,0.0,0.0,0.0,0.0,0.0,0.0,0.0,0.0,0.0,0.0,0.0,0.0,0.0,0.0,8.0,11.0,4.0,3.0,7.0,21.0,22.0,18.0,18.0,29.0,33.0,50.0
249,1.0,249.0,London_141,cons,151,453,1092.0,70.0,2.0,162627.0,0.9245420778170228,816.0,7.0,0.0,7.0,14.0,0.0,14.0,163.0,309.0,61.0,11.0,43.0,4.0,17.0,1.0,7.0,8.0,66.0,155.0,224.0,12.0,0.0,0.0,0.0,0.0,0.0,0.0,0.0,0.0,0.0,0.0,0.0,0.0,0.0,0.0,0.0,0.0,0.0,0.0,0.0,0.0,0.0,0.0,0.0,0.0,0.0,0.0,0.0,0.0,0.0,0.0,0.0,0.0,0.0,0.0,0.0,0.0,0.0,0.0,1.0,1.0,2.0,1.0,0.0,3.0,0.0,1.0,1.0,3.0,2.0,1.0,0.0,0.0,0.0,0.0,0.0,0.0,0.0,0.0,0.0,0.0,0.0,0.0,0.0,0.0,0.0,0.0,0.0,0.0,1.0,3.0,3.0,3.0,0.0,6.0,0.0,1.0,3.0,4.0,5.0,2.0
250,1.0,250.0,London_141,cons,151,453,1092.0,70.0,2.0,195696.0,1.1904606902971864,889.0,180.0,2.0,178.0,329.0,19.0,310.0,15.0,310.0,62.0,12.0,40.0,5.0,15.0,2.0,7.0,8.0,68.0,153.0,224.0,13.0,1.0,1.0,0.0,0.0,0.0,0.0,0.0,0.0,0.0,91.0,0.0,35.0,1.0,53.0,0.0,2.0,0.0,0.0,1.0,90.0,0.0,0.0,0.0,0.0,0.0,0.0,0.0,0.0,0.0,0.0,0.0,0.0,0.0,0.0,0.0,0.0,0.0,0.0,7.0,4.0,7.0,4.0,6.0,13.0,17.0,11.0,20.0,24.0,24.0,32.0,0.0,0.0,0.0,0.0,0.0,0.0,0.0,0.0,0.0,0.0,0.0,0.0,0.0,0.0,0.0,0.0,0.0,0.0,8.0,7.0,8.0,5.0,6.0,17.0,23.0,15.0,29.0,34.0,30.0,41.0
251,1.0,251.0,London_141,cons,151,453,1092.0,70.0,2.0,157644.0,1.212852332741022,805.0,96.0,0.0,96.0,161.0,0.0,161.0,171.0,305.0,60.0,21.0,39.0,6.0,13.0,1.0,8.0,8.0,58.0,142.0,245.0,24.0,1.0,1.0,0.0,0.0,0.0,0.0,0.0,0.0,0.0,20.0,0.0,0.0,0.0,20.0,0.0,0.0,0.0,0.0,0.0,20.0,0.0,0.0,0.0,0.0,0.0,0.0,0.0,0.0,0.0,0.0,0.0,0.0,0.0,0.0,0.0,0.0,0.0,0.0,7.0,4.0,6.0,1.0,6.0,20.0,8.0,12.0,11.0,11.0,25.0,15.0,0.0,0.0,0.0,0.0,0.0,0.0,0.0,0.0,0.0,0.0,0.0,0.0,0.0,0.0,0.0,0.0,0.0,0.0,8.0,4.0,6.0,3.0,6.0,25.0,12.0,14.0,18.0,20.0,36.0,18.0
252,1.0,252.0,London_141,cons,151,453,1092.0,70.0,2.0,149943.0,0.8169451467692852,788.0,101.0,0.0,101.0,177.0,0.0,177.0,133.0,311.0,58.0,19.0,34.0,6.0,14.0,1.0,10.0,9.0,69.0,144.0,231.0,25.0,5.0,5.0,0.0,0.0,0.0,0.0,0.0,0.0,0.0,26.0,0.0,8.0,3.0,15.0,0.0,0.0,0.0,0.0,0.0,26.0,0.0,0.0,0.0,0.0,0.0,0.0,0.0,0.0,0.0,0.0,0.0,0.0,0.0,0.0,0.0,0.0,0.0,0.0,3.0,3.0,0.0,3.0,6.0,9.0,8.0,18.0,11.0,19.0,14.0,28.0,0.0,0.0,0.0,0.0,0.0,0.0,0.0,0.0,0.0,0.0,0.0,0.0,0.0,0.0,0.0,0.0,0.0,0.0,3.0,4.0,0.0,5.0,6.0,10.0,13.0,26.0,15.0,27.0,18.0,38.0
253,1.0,253.0,London_141,cons,151,453,1092.0,70.0,2.0,139977.0,1.8736166688613594,766.0,39.0,0.0,39.0,64.0,0.0,64.0,149.0,305.0,66.0,6.0,42.0,4.0,14.0,2.0,14.0,10.0,71.0,138.0,234.0,26.0,4.0,4.0,0.0,0.0,0.0,0.0,0.0,0.0,0.0,2.0,0.0,0.0,2.0,0.0,0.0,0.0,0.0,0.0,0.0,2.0,0.0,0.0,0.0,0.0,0.0,0.0,0.0,0.0,0.0,0.0,0.0,0.0,0.0,0.0,0.0,0.0,0.0,0.0,2.0,6.0,3.0,0.0,0.0,10.0,2.0,6.0,6.0,9.0,14.0,14.0,0.0,0.0,0.0,0.0,0.0,0.0,0.0,0.0,0.0,0.0,0.0,0.0,0.0,0.0,0.0,0.0,0.0,0.0,2.0,6.0,3.0,0.0,0.0,16.0,2.0,6.0,8.0,13.0,18.0,18.0
254,1.0,254.0,London_141,cons,151,453,1092.0,70.0,2.0,163986.0,0.9754789187572896,819.0,84.0,2.0,82.0,168.0,17.0,151.0,63.0,300.0,68.0,4.0,44.0,7.0,15.0,3.0,12.0,8.0,69.0,143.0,233.0,25.0,4.0,4.0,0.0,0.0,0.0,0.0,0.0,0.0,0.0,18.0,0.0,0.0,8.0,10.0,0.0,0.0,0.0,0.0,1.0,17.0,0.0,0.0,0.0,0.0,0.0,0.0,0.0,0.0,0.0,0.0,0.0,0.0,1.0,0.0,0.0,0.0,0.0,0.0,7.0,7.0,0.0,6.0,10.0,11.0,16.0,9.0,12.0,16.0,15.0,24.0,0.0,0.0,0.0,0.0,0.0,0.0,0.0,0.0,0.0,0.0,0.0,0.0,1.0,0.0,0.0,0.0,0.0,0.0,9.0,10.0,0.0,11.0,10.0,14.0,24.0,15.0,15.0,22.0,27.0,33.0
255,1.0,255.0,London_141,cons,151,453,1092.0,70.0,2.0,163986.0,1.0211415919475257,819.0,98.0,2.0,96.0,192.0,18.0,174.0,136.0,309.0,50.0,11.0,32.0,12.0,22.0,5.0,12.0,4.0,67.0,147.0,235.0,22.0,1.0,1.0,0.0,0.0,0.0,0.0,0.0,0.0,0.0,35.0,0.0,15.0,0.0,20.0,0.0,0.0,0.0,0.0,2.0,33.0,0.0,0.0,0.0,0.0,0.0,0.0,0.0,0.0,0.0,0.0,0.0,0.0,0.0,0.0,0.0,0.0,0.0,0.0,6.0,4.0,1.0,0.0,9.0,12.0,8.0,6.0,15.0,21.0,18.0,19.0,0.0,0.0,0.0,0.0,0.0,0.0,0.0,0.0,0.0,0.0,0.0,0.0,0.0,0.0,0.0,0.0,0.0,0.0,7.0,5.0,1.0,0.0,10.0,16.0,10.0,8.0,21.0,28.0,25.0,23.0
256,1.0,256.0,London_141,cons,151,453,1092.0,70.0,2.0,157191.0,0.8441179268993437,804.0,75.0,0.0,75.0,133.0,0.0,133.0,123.0,308.0,34.0,15.0,48.0,12.0,21.0,4.0,11.0,7.0,72.0,137.0,237.0,19.0,2.0,2.0,0.0,0.0,0.0,0.0,0.0,0.0,0.0,14.0,0.0,14.0,0.0,0.0,0.0,0.0,0.0,0.0,0.0,14.0,0.0,0.0,0.0,0.0,0.0,0.0,0.0,0.0,0.0,0.0,0.0,0.0,0.0,0.0,0.0,0.0,0.0,0.0,7.0,8.0,2.0,1.0,7.0,13.0,6.0,15.0,9.0,14.0,10.0,20.0,0.0,0.0,0.0,0.0,0.0,0.0,0.0,0.0,0.0,0.0,0.0,0.0,0.0,0.0,0.0,0.0,0.0,0.0,9.0,13.0,3.0,1.0,9.0,18.0,7.0,23.0,13.0,23.0,12.0,28.0
257,1.0,257.0,London_141,cons,151,453,1092.0,70.0,2.0,159456.0,1.1989038288593292,809.0,175.0,2.0,173.0,318.0,19.0,299.0,117.0,317.0,48.0,14.0,37.0,9.0,16.0,3.0,9.0,5.0,69.0,150.0,229.0,16.0,0.0,0.0,0.0,0.0,0.0,0.0,0.0,0.0,0.0,100.0,0.0,39.0,7.0,46.0,1.0,1.0,1.0,5.0,2.0,98.0,0.0,0.0,0.0,0.0,0.0,0.0,0.0,0.0,1.0,0.0,0.0,1.0,0.0,1.0,2.0,0.0,0.0,0.0,1.0,1.0,0.0,0.0,1.0,2.0,2.0,3.0,7.0,15.0,20.0,8.0,0.0,0.0,0.0,0.0,0.0,0.0,0.0,0.0,2.0,0.0,0.0,3.0,0.0,4.0,2.0,0.0,0.0,0.0,1.0,1.0,0.0,0.0,1.0,3.0,3.0,4.0,10.0,17.0,32.0,9.0
258,1.0,258.0,London_141,cons,151,453,1092.0,70.0,2.0,107814.0,0.5210419148206711,695.0,2.0,1.0,1.0,10.0,9.0,1.0,146.0,323.0,43.0,11.0,52.0,6.0,14.0,1.0,3.0,7.0,77.0,143.0,226.0,19.0,6.0,6.0,0.0,0.0,0.0,0.0,0.0,0.0,0.0,1.0,0.0,0.0,0.0,0.0,0.0,1.0,0.0,0.0,1.0,0.0,0.0,0.0,0.0,0.0,0.0,0.0,0.0,0.0,1.0,0.0,0.0,0.0,0.0,1.0,1.0,0.0,0.0,0.0,0.0,0.0,0.0,0.0,0.0,0.0,0.0,0.0,0.0,1.0,0.0,0.0,0.0,0.0,0.0,0.0,0.0,0.0,0.0,0.0,2.0,0.0,0.0,0.0,0.0,4.0,3.0,0.0,0.0,0.0,0.0,0.0,0.0,0.0,0.0,0.0,0.0,0.0,0.0,1.0,0.0,0.0
259,1.0,259.0,London_141,cons,151,453,1092.0,70.0,2.0,144054.0,0.7234816569834948,775.0,37.0,0.0,37.0,59.0,0.0,59.0,13.0,318.0,48.0,12.0,55.0,5.0,11.0,1.0,3.0,7.0,79.0,142.0,225.0,20.0,4.0,4.0,0.0,0.0,0.0,0.0,0.0,0.0,0.0,0.0,0.0,0.0,0.0,0.0,0.0,0.0,0.0,0.0,0.0,0.0,0.0,0.0,0.0,0.0,0.0,0.0,0.0,0.0,0.0,0.0,0.0,0.0,0.0,0.0,0.0,0.0,0.0,0.0,4.0,6.0,3.0,1.0,1.0,9.0,3.0,12.0,5.0,7.0,7.0,12.0,0.0,0.0,0.0,0.0,0.0,0.0,0.0,0.0,0.0,0.0,0.0,0.0,0.0,0.0,0.0,0.0,0.0,0.0,6.0,8.0,3.0,2.0,1.0,12.0,3.0,19.0,6.0,14.0,8.0,18.0
260,1.0,260.0,London_141,cons,151,453,1092.0,70.0,2.0,168969.0,0.8874529451131821,830.0,173.0,0.0,173.0,300.0,0.0,300.0,64.0,315.0,58.0,7.0,55.0,2.0,12.0,0.0,4.0,7.0,77.0,143.0,226.0,15.0,1.0,1.0,0.0,0.0,0.0,0.0,0.0,0.0,0.0,82.0,0.0,21.0,12.0,31.0,5.0,7.0,3.0,3.0,0.0,82.0,0.0,0.0,0.0,0.0,0.0,0.0,0.0,0.0,0.0,0.0,0.0,0.0,0.0,0.0,0.0,0.0,0.0,0.0,11.0,6.0,7.0,3.0,7.0,20.0,17.0,14.0,21.0,22.0,23.0,30.0,0.0,0.0,0.0,0.0,0.0,0.0,0.0,0.0,0.0,0.0,0.0,0.0,0.0,0.0,0.0,0.0,0.0,0.0,13.0,8.0,8.0,3.0,7.0,26.0,24.0,17.0,25.0,30.0,32.0,43.0
261,1.0,261.0,London_141,cons,151,453,1092.0,70.0,2.0,123669.0,0.6239755949936807,730.0,4.0,1.0,3.0,17.0,10.0,7.0,172.0,306.0,70.0,18.0,40.0,3.0,11.0,2.0,3.0,4.0,78.0,143.0,228.0,19.0,1.0,1.0,0.0,0.0,0.0,0.0,0.0,0.0,0.0,1.0,0.0,1.0,0.0,0.0,0.0,0.0,0.0,0.0,1.0,0.0,0.0,0.0,0.0,0.0,0.0,0.0,0.0,0.0,0.0,1.0,0.0,0.0,0.0,1.0,0.0,0.0,0.0,0.0,0.0,0.0,0.0,0.0,0.0,0.0,0.0,0.0,0.0,0.0,0.0,1.0,0.0,0.0,0.0,0.0,0.0,0.0,0.0,0.0,0.0,6.0,0.0,0.0,0.0,5.0,0.0,0.0,0.0,0.0,0.0,0.0,0.0,0.0,0.0,0.0,0.0,0.0,0.0,0.0,0.0,2.0
262,1.0,262.0,London_141,cons,151,453,1092.0,70.0,2.0,162627.0,0.944331519305706,816.0,98.0,0.0,98.0,158.0,0.0,158.0,16.0,303.0,69.0,18.0,48.0,3.0,7.0,2.0,3.0,4.0,80.0,138.0,231.0,13.0,0.0,0.0,0.0,0.0,0.0,0.0,0.0,0.0,0.0,14.0,0.0,0.0,0.0,13.0,1.0,0.0,0.0,0.0,0.0,14.0,0.0,0.0,0.0,0.0,0.0,0.0,0.0,0.0,0.0,0.0,0.0,0.0,0.0,0.0,0.0,0.0,0.0,0.0,10.0,6.0,5.0,3.0,4.0,24.0,8.0,24.0,11.0,13.0,25.0,22.0,0.0,0.0,0.0,0.0,0.0,0.0,0.0,0.0,0.0,0.0,0.0,0.0,0.0,0.0,0.0,0.0,0.0,0.0,11.0,7.0,5.0,6.0,4.0,32.0,10.0,31.0,21.0,21.0,30.0,29.0
263,1.0,263.0,London_141,cons,151,453,1092.0,70.0,2.0,150849.0,0.8572093239054084,790.0,96.0,2.0,94.0,177.0,17.0,160.0,141.0,315.0,51.0,24.0,44.0,3.0,9.0,3.0,4.0,5.0,66.0,163.0,219.0,17.0,6.0,6.0,0.0,0.0,0.0,0.0,0.0,0.0,0.0,23.0,0.0,16.0,0.0,4.0,0.0,0.0,3.0,0.0,2.0,21.0,0.0,0.0,0.0,0.0,0.0,0.0,0.0,0.0,0.0,0.0,0.0,0.0,0.0,0.0,0.0,0.0,0.0,0.0,12.0,10.0,6.0,1.0,8.0,12.0,8.0,11.0,19.0,22.0,17.0,22.0,0.0,0.0,0.0,0.0,0.0,0.0,0.0,0.0,0.0,0.0,0.0,0.0,0.0,0.0,0.0,0.0,0.0,0.0,16.0,12.0,6.0,1.0,8.0,16.0,12.0,14.0,26.0,33.0,27.0,26.0
264,1.0,264.0,London_141,cons,151,453,1092.0,70.0,2.0,148584.0,0.779298092238605,785.0,103.0,1.0,102.0,187.0,12.0,175.0,140.0,313.0,56.0,20.0,41.0,4.0,18.0,0.0,1.0,3.0,65.0,161.0,224.0,18.0,6.0,6.0,0.0,0.0,0.0,0.0,0.0,0.0,0.0,29.0,0.0,2.0,0.0,23.0,0.0,1.0,1.0,2.0,1.0,28.0,0.0,0.0,0.0,0.0,0.0,0.0,0.0,0.0,1.0,0.0,0.0,1.0,0.0,0.0,1.0,0.0,0.0,0.0,3.0,7.0,5.0,0.0,0.0,4.0,4.0,3.0,3.0,18.0,21.0,12.0,0.0,0.0,0.0,0.0,0.0,0.0,0.0,0.0,2.0,0.0,0.0,1.0,0.0,0.0,2.0,0.0,0.0,0.0,4.0,8.0,5.0,0.0,0.0,5.0,5.0,4.0,4.0,26.0,32.0,14.0
265,1.0,265.0,London_141,cons,151,453,1092.0,70.0,2.0,139071.0,0.7467947253026068,764.0,88.0,2.0,86.0,161.0,19.0,142.0,140.0,321.0,50.0,17.0,39.0,8.0,15.0,1.0,2.0,4.0,68.0,165.0,216.0,15.0,4.0,4.0,0.0,0.0,0.0,0.0,0.0,0.0,0.0,6.0,0.0,0.0,0.0,3.0,0.0,1.0,0.0,2.0,2.0,4.0,0.0,0.0,0.0,0.0,0.0,0.0,0.0,0.0,1.0,0.0,0.0,0.0,0.0,1.0,1.0,0.0,0.0,0.0,0.0,2.0,0.0,0.0,4.0,5.0,1.0,6.0,6.0,11.0,18.0,14.0,0.0,0.0,0.0,0.0,0.0,0.0,0.0,0.0,2.0,0.0,0.0,0.0,0.0,3.0,3.0,0.0,0.0,0.0,0.0,3.0,0.0,0.0,5.0,9.0,1.0,10.0,7.0,18.0,25.0,20.0
266,1.0,266.0,London_141,cons,151,453,1092.0,70.0,2.0,139524.0,0.6977618210949004,765.0,31.0,0.0,31.0,50.0,0.0,50.0,144.0,320.0,55.0,13.0,36.0,6.0,21.0,1.0,1.0,4.0,76.0,151.0,222.0,18.0,7.0,7.0,0.0,0.0,0.0,0.0,0.0,0.0,0.0,0.0,0.0,0.0,0.0,0.0,0.0,0.0,0.0,0.0,0.0,0.0,0.0,0.0,0.0,0.0,0.0,0.0,0.0,0.0,0.0,0.0,0.0,0.0,0.0,0.0,0.0,0.0,0.0,0.0,2.0,4.0,4.0,1.0,2.0,4.0,5.0,6.0,6.0,3.0,5.0,10.0,0.0,0.0,0.0,0.0,0.0,0.0,0.0,0.0,0.0,0.0,0.0,0.0,0.0,0.0,0.0,0.0,0.0,0.0,4.0,5.0,4.0,5.0,2.0,8.0,8.0,8.0,10.0,4.0,10.0,14.0
267,1.0,267.0,London_141,cons,151,453,1092.0,70.0,2.0,161268.0,0.8864544238895178,813.0,96.0,0.0,96.0,173.0,0.0,173.0,59.0,320.0,63.0,18.0,24.0,9.0,17.0,1.0,1.0,4.0,79.0,157.0,213.0,15.0,2.0,2.0,0.0,0.0,0.0,0.0,0.0,0.0,0.0,28.0,0.0,1.0,1.0,23.0,0.0,0.0,1.0,2.0,0.0,28.0,0.0,0.0,0.0,0.0,0.0,0.0,0.0,0.0,0.0,0.0,0.0,0.0,0.0,0.0,0.0,0.0,0.0,0.0,6.0,17.0,8.0,2.0,1.0,17.0,10.0,7.0,17.0,19.0,9.0,17.0,0.0,0.0,0.0,0.0,0.0,0.0,0.0,0.0,0.0,0.0,0.0,0.0,0.0,0.0,0.0,0.0,0.0,0.0,8.0,21.0,8.0,4.0,1.0,28.0,13.0,10.0,22.0,22.0,13.0,22.0
268,1.0,268.0,London_141,cons,151,453,1092.0,70.0,2.0,166251.0,0.8949744538404047,824.0,70.0,1.0,69.0,115.0,9.0,106.0,133.0,324.0,49.0,9.0,35.0,14.0,19.0,0.0,3.0,8.0,74.0,144.0,227.0,21.0,3.0,3.0,0.0,0.0,0.0,0.0,0.0,0.0,0.0,13.0,0.0,0.0,0.0,11.0,0.0,0.0,0.0,2.0,0.0,13.0,0.0,0.0,0.0,0.0,0.0,0.0,0.0,0.0,1.0,0.0,0.0,0.0,1.0,0.0,1.0,0.0,0.0,0.0,1.0,3.0,1.0,1.0,0.0,7.0,2.0,6.0,10.0,13.0,11.0,14.0,0.0,0.0,0.0,0.0,0.0,0.0,0.0,0.0,2.0,0.0,0.0,0.0,8.0,0.0,3.0,0.0,0.0,0.0,1.0,5.0,1.0,1.0,0.0,10.0,2.0,7.0,12.0,19.0,13.0,18.0
269,1.0,269.0,London_141,cons,151,453,1092.0,70.0,2.0,173952.0,0.8790289452299476,841.0,98.0,0.0,98.0,179.0,0.0,179.0,102.0,329.0,42.0,12.0,36.0,15.0,18.0,1.0,0.0,3.0,66.0,154.0,230.0,12.0,3.0,3.0,0.0,0.0,0.0,0.0,0.0,0.0,0.0,36.0,0.0,6.0,0.0,27.0,0.0,0.0,0.0,3.0,0.0,36.0,0.0,0.0,0.0,0.0,0.0,0.0,0.0,0.0,0.0,0.0,0.0,0.0,0.0,0.0,0.0,0.0,0.0,0.0,9.0,6.0,4.0,2.0,8.0,14.0,14.0,10.0,10.0,14.0,20.0,19.0,0.0,0.0,0.0,0.0,0.0,0.0,0.0,0.0,0.0,0.0,0.0,0.0,0.0,0.0,0.0,0.0,0.0,0.0,11.0,7.0,4.0,4.0,8.0,21.0,20.0,12.0,14.0,23.0,32.0,26.0
270,1.0,270.0,London_141,cons,151,453,1092.0,70.0,2.0,168063.0,0.902327090036124,828.0,128.0,2.0,126.0,235.0,20.0,215.0,122.0,321.0,49.0,12.0,39.0,11.0,20.0,0.0,1.0,5.0,65.0,158.0,225.0,13.0,7.0,7.0,0.0,0.0,0.0,0.0,0.0,0.0,0.0,55.0,0.0,24.0,5.0,17.0,0.0,1.0,2.0,6.0,2.0,53.0,0.0,0.0,0.0,0.0,0.0,0.0,0.0,0.0,0.0,1.0,0.0,1.0,0.0,1.0,0.0,0.0,0.0,0.0,2.0,0.0,1.0,0.0,6.0,2.0,3.0,0.0,9.0,12.0,22.0,7.0,0.0,0.0,0.0,0.0,0.0,0.0,0.0,0.0,0.0,2.0,0.0,2.0,0.0,2.0,0.0,0.0,0.0,0.0,2.0,0.0,1.0,0.0,6.0,4.0,3.0,0.0,9.0,16.0,30.0,11.0
271,1.0,271.0,London_141,cons,151,453,1092.0,70.0,2.0,147678.0,0.7628249861299992,783.0,79.0,2.0,77.0,149.0,20.0,129.0,144.0,318.0,47.0,10.0,48.0,7.0,19.0,0.0,4.0,7.0,68.0,156.0,222.0,21.0,2.0,2.0,0.0,0.0,0.0,0.0,0.0,0.0,0.0,12.0,0.0,10.0,0.0,0.0,0.0,2.0,0.0,0.0,2.0,10.0,0.0,0.0,0.0,0.0,0.0,0.0,0.0,0.0,2.0,0.0,0.0,0.0,1.0,0.0,2.0,0.0,0.0,0.0,1.0,8.0,0.0,1.0,0.0,2.0,2.0,4.0,7.0,10.0,15.0,14.0,0.0,0.0,0.0,0.0,0.0,0.0,0.0,0.0,2.0,0.0,0.0,0.0,3.0,0.0,5.0,0.0,0.0,0.0,1.0,12.0,0.0,1.0,0.0,2.0,2.0,4.0,8.0,15.0,17.0,19.0
272,1.0,272.0,London_141,cons,151,453,1092.0,70.0,2.0,147678.0,0.7351204198785126,783.0,88.0,1.0,87.0,159.0,10.0,149.0,123.0,324.0,42.0,15.0,41.0,5.0,21.0,0.0,5.0,4.0,67.0,155.0,227.0,13.0,1.0,1.0,0.0,0.0,0.0,0.0,0.0,0.0,0.0,22.0,0.0,7.0,0.0,13.0,0.0,0.0,1.0,1.0,1.0,21.0,0.0,0.0,0.0,0.0,0.0,0.0,0.0,0.0,0.0,0.0,0.0,0.0,0.0,1.0,0.0,0.0,0.0,0.0,6.0,10.0,8.0,3.0,4.0,20.0,9.0,6.0,14.0,12.0,20.0,16.0,0.0,0.0,0.0,0.0,0.0,0.0,0.0,0.0,0.0,0.0,0.0,0.0,0.0,1.0,0.0,0.0,0.0,0.0,8.0,12.0,8.0,3.0,5.0,30.0,13.0,7.0,19.0,17.0,28.0,21.0
273,1.0,273.0,London_141,cons,151,453,1092.0,70.0,2.0,139524.0,0.7118165763095021,765.0,88.0,2.0,86.0,170.0,18.0,152.0,119.0,338.0,43.0,18.0,24.0,5.0,24.0,0.0,1.0,6.0,63.0,157.0,227.0,22.0,4.0,4.0,0.0,0.0,0.0,0.0,0.0,0.0,0.0,31.0,0.0,9.0,0.0,19.0,0.0,1.0,0.0,2.0,2.0,29.0,0.0,0.0,0.0,0.0,0.0,0.0,0.0,0.0,1.0,0.0,0.0,1.0,0.0,1.0,1.0,0.0,0.0,0.0,4.0,4.0,1.0,0.0,2.0,5.0,4.0,8.0,10.0,10.0,22.0,14.0,0.0,0.0,0.0,0.0,0.0,0.0,0.0,0.0,2.0,0.0,0.0,1.0,0.0,2.0,2.0,0.0,0.0,0.0,5.0,6.0,1.0,0.0,2.0,7.0,5.0,11.0,14.0,16.0,30.0,16.0
274,1.0,274.0,London_141,cons,151,453,1092.0,70.0,2.0,144960.0,0.7465871176682413,777.0,90.0,0.0,90.0,156.0,0.0,156.0,121.0,340.0,45.0,11.0,37.0,4.0,14.0,0.0,2.0,5.0,69.0,168.0,211.0,13.0,1.0,1.0,0.0,0.0,0.0,0.0,0.0,0.0,0.0,23.0,0.0,0.0,4.0,18.0,0.0,0.0,1.0,0.0,0.0,23.0,0.0,0.0,0.0,0.0,0.0,0.0,0.0,0.0,0.0,0.0,0.0,0.0,0.0,0.0,0.0,0.0,0.0,0.0,6.0,9.0,10.0,2.0,6.0,8.0,9.0,8.0,21.0,15.0,15.0,24.0,0.0,0.0,0.0,0.0,0.0,0.0,0.0,0.0,0.0,0.0,0.0,0.0,0.0,0.0,0.0,0.0,0.0,0.0,6.0,12.0,11.0,4.0,6.0,12.0,13.0,10.0,28.0,18.0,21.0,34.0
275,1.0,275.0,London_141,cons,151,453,1092.0,70.0,2.0,140883.0,0.6599675710313022,768.0,31.0,2.0,29.0,65.0,20.0,45.0,119.0,353.0,41.0,11.0,30.0,4.0,13.0,1.0,0.0,2.0,76.0,155.0,220.0,9.0,2.0,2.0,0.0,0.0,0.0,0.0,0.0,0.0,0.0,2.0,0.0,0.0,0.0,1.0,0.0,1.0,0.0,0.0,2.0,0.0,0.0,0.0,0.0,0.0,0.0,0.0,0.0,0.0,1.0,0.0,0.0,1.0,0.0,1.0,0.0,0.0,0.0,0.0,1.0,1.0,0.0,0.0,0.0,3.0,1.0,3.0,1.0,7.0,7.0,7.0,0.0,0.0,0.0,0.0,0.0,0.0,0.0,0.0,2.0,0.0,0.0,3.0,0.0,1.0,0.0,0.0,0.0,0.0,2.0,1.0,0.0,0.0,0.0,6.0,1.0,4.0,1.0,10.0,13.0,13.0
276,1.0,276.0,London_141,cons,151,453,1092.0,70.0,2.0,162174.0,0.8078038771636784,815.0,52.0,0.0,52.0,88.0,0.0,88.0,52.0,353.0,42.0,17.0,23.0,3.0,12.0,1.0,2.0,3.0,71.0,154.0,225.0,6.0,3.0,3.0,0.0,0.0,0.0,0.0,0.0,0.0,0.0,6.0,0.0,0.0,0.0,4.0,2.0,0.0,0.0,0.0,0.0,6.0,0.0,0.0,0.0,0.0,0.0,0.0,0.0,0.0,0.0,0.0,0.0,0.0,0.0,0.0,0.0,0.0,0.0,0.0,5.0,3.0,8.0,0.0,6.0,14.0,5.0,7.0,9.0,6.0,9.0,12.0,0.0,0.0,0.0,0.0,0.0,0.0,0.0,0.0,0.0,0.0,0.0,0.0,0.0,0.0,0.0,0.0,0.0,0.0,8.0,4.0,9.0,0.0,6.0,23.0,8.0,10.0,10.0,11.0,13.0,14.0
277,1.0,277.0,London_141,cons,151,453,1092.0,70.0,2.0,176670.0,0.9956184350885451,847.0,106.0,0.0,106.0,188.0,0.0,188.0,84.0,354.0,43.0,12.0,25.0,1.0,11.0,2.0,5.0,4.0,70.0,158.0,221.0,7.0,5.0,5.0,0.0,0.0,0.0,0.0,0.0,0.0,0.0,53.0,0.0,24.0,2.0,27.0,0.0,0.0,0.0,0.0,0.0,53.0,0.0,0.0,0.0,0.0,0.0,0.0,0.0,0.0,0.0,0.0,0.0,0.0,0.0,0.0,0.0,0.0,0.0,0.0,9.0,4.0,8.0,5.0,3.0,19.0,9.0,13.0,8.0,12.0,19.0,20.0,0.0,0.0,0.0,0.0,0.0,0.0,0.0,0.0,0.0,0.0,0.0,0.0,0.0,0.0,0.0,0.0,0.0,0.0,14.0,4.0,10.0,8.0,4.0,29.0,13.0,15.0,11.0,17.0,21.0,31.0
278,1.0,278.0,London_141,cons,151,453,1092.0,70.0,2.0,164439.0,0.8416875009424984,820.0,133.0,2.0,131.0,258.0,17.0,241.0,116.0,339.0,37.0,12.0,33.0,5.0,19.0,1.0,7.0,7.0,70.0,155.0,221.0,18.0,5.0,5.0,0.0,0.0,0.0,0.0,0.0,0.0,0.0,73.0,0.0,28.0,0.0,41.0,0.0,3.0,1.0,0.0,2.0,71.0,0.0,0.0,0.0,0.0,0.0,0.0,0.0,0.0,1.0,0.0,0.0,0.0,0.0,0.0,0.0,0.0,0.0,0.0,7.0,6.0,6.0,4.0,1.0,16.0,7.0,11.0,17.0,14.0,13.0,23.0,0.0,0.0,0.0,0.0,0.0,0.0,0.0,0.0,1.0,0.0,0.0,0.0,0.0,0.0,0.0,0.0,0.0,0.0,7.0,10.0,8.0,7.0,1.0,26.0,8.0,16.0,25.0,22.0,17.0,30.0
279,1.0,279.0,London_141,cons,151,453,1092.0,70.0,2.0,145413.0,0.7395443790592253,778.0,68.0,0.0,68.0,130.0,0.0,130.0,136.0,333.0,44.0,16.0,39.0,4.0,12.0,2.0,3.0,2.0,63.0,164.0,224.0,17.0,0.0,0.0,0.0,0.0,0.0,0.0,0.0,0.0,0.0,8.0,0.0,0.0,0.0,8.0,0.0,0.0,0.0,0.0,0.0,8.0,0.0,0.0,0.0,0.0,0.0,0.0,0.0,0.0,0.0,0.0,0.0,0.0,0.0,0.0,0.0,0.0,0.0,0.0,7.0,3.0,3.0,1.0,8.0,22.0,5.0,8.0,17.0,16.0,16.0,20.0,0.0,0.0,0.0,0.0,0.0,0.0,0.0,0.0,0.0,0.0,0.0,0.0,0.0,0.0,0.0,0.0,0.0,0.0,10.0,4.0,3.0,2.0,9.0,28.0,7.0,10.0,25.0,23.0,21.0,26.0
280,1.0,280.0,London_141,cons,151,453,1092.0,70.0,2.0,148131.0,0.7014230079948902,784.0,169.0,2.0,167.0,299.0,17.0,282.0,117.0,335.0,46.0,11.0,39.0,1.0,17.0,0.0,4.0,4.0,73.0,161.0,215.0,18.0,3.0,3.0,0.0,0.0,0.0,0.0,0.0,0.0,0.0,110.0,0.0,47.0,10.0,40.0,4.0,4.0,1.0,4.0,2.0,108.0,0.0,0.0,0.0,0.0,0.0,0.0,0.0,0.0,0.0,0.0,0.0,0.0,1.0,0.0,0.0,0.0,0.0,0.0,9.0,7.0,1.0,2.0,12.0,15.0,8.0,13.0,16.0,10.0,23.0,16.0,0.0,0.0,0.0,0.0,0.0,0.0,0.0,0.0,0.0,0.0,0.0,0.0,2.0,0.0,0.0,0.0,0.0,0.0,9.0,8.0,1.0,3.0,13.0,22.0,9.0,17.0,18.0,13.0,35.0,17.0
281,1.0,281.0,London_141,cons,151,453,1092.0,70.0,2.0,103737.0,0.5035690101794899,686.0,29.0,0.0,29.0,48.0,0.0,48.0,132.0,338.0,54.0,11.0,39.0,3.0,7.0,0.0,1.0,3.0,65.0,181.0,204.0,13.0,0.0,0.0,0.0,0.0,0.0,0.0,0.0,0.0,0.0,1.0,0.0,0.0,0.0,0.0,0.0,0.0,0.0,1.0,0.0,1.0,0.0,0.0,0.0,0.0,0.0,0.0,0.0,0.0,0.0,0.0,0.0,0.0,0.0,0.0,0.0,0.0,0.0,0.0,2.0,4.0,3.0,0.0,2.0,2.0,6.0,4.0,3.0,5.0,9.0,6.0,0.0,0.0,0.0,0.0,0.0,0.0,0.0,0.0,0.0,0.0,0.0,0.0,0.0,0.0,0.0,0.0,0.0,0.0,2.0,8.0,3.0,0.0,2.0,3.0,12.0,6.0,3.0,11.0,10.0,8.0
282,1.0,282.0,London_141,cons,151,453,1092.0,70.0,2.0,130917.0,0.6398218851536512,746.0,27.0,1.0,26.0,46.0,8.0,38.0,49.0,332.0,60.0,12.0,38.0,1.0,9.0,0.0,1.0,2.0,63.0,173.0,215.0,18.0,1.0,1.0,0.0,0.0,0.0,0.0,0.0,0.0,0.0,2.0,0.0,0.0,0.0,0.0,0.0,2.0,0.0,0.0,1.0,1.0,0.0,0.0,0.0,0.0,0.0,0.0,0.0,0.0,1.0,0.0,0.0,0.0,0.0,1.0,0.0,0.0,0.0,0.0,3.0,5.0,2.0,0.0,3.0,7.0,4.0,3.0,8.0,2.0,3.0,2.0,0.0,0.0,0.0,0.0,0.0,0.0,0.0,0.0,1.0,0.0,0.0,0.0,0.0,3.0,0.0,0.0,0.0,0.0,3.0,7.0,2.0,0.0,3.0,10.0,6.0,4.0,10.0,2.0,4.0,3.0
283,1.0,283.0,London_141,cons,151,453,1092.0,70.0,2.0,169422.0,0.94078024988994,831.0,14.0,2.0,12.0,38.0,18.0,20.0,43.0,338.0,66.0,14.0,31.0,1.0,2.0,0.0,1.0,2.0,64.0,172.0,215.0,14.0,12.0,12.0,0.0,0.0,0.0,0.0,0.0,0.0,0.0,2.0,0.0,0.0,0.0,2.0,0.0,0.0,0.0,0.0,2.0,0.0,0.0,0.0,0.0,0.0,0.0,0.0,0.0,0.0,2.0,0.0,0.0,1.0,1.0,1.0,1.0,0.0,0.0,0.0,0.0,0.0,0.0,0.0,0.0,2.0,1.0,0.0,2.0,3.0,3.0,0.0,0.0,0.0,0.0,0.0,0.0,0.0,0.0,0.0,3.0,0.0,0.0,1.0,5.0,4.0,2.0,0.0,0.0,0.0,0.0,0.0,0.0,0.0,0.0,3.0,1.0,0.0,2.0,7.0,4.0,0.0
284,1.0,284.0,London_141,cons,151,453,1092.0,70.0,2.0,197055.0,1.1868857122026384,892.0,153.0,0.0,153.0,270.0,0.0,270.0,42.0,328.0,69.0,18.0,30.0,2.0,5.0,0.0,1.0,2.0,66.0,166.0,219.0,9.0,0.0,0.0,0.0,0.0,0.0,0.0,0.0,0.0,0.0,73.0,0.0,12.0,1.0,41.0,2.0,10.0,2.0,5.0,0.0,73.0,0.0,0.0,0.0,0.0,0.0,0.0,0.0,0.0,0.0,0.0,0.0,0.0,0.0,0.0,0.0,0.0,0.0,0.0,11.0,6.0,5.0,2.0,6.0,20.0,18.0,11.0,18.0,18.0,17.0,22.0,0.0,0.0,0.0,0.0,0.0,0.0,0.0,0.0,0.0,0.0,0.0,0.0,0.0,0.0,0.0,0.0,0.0,0.0,14.0,8.0,5.0,3.0,7.0,23.0,24.0,17.0,22.0,23.0,26.0,38.0
285,1.0,285.0,London_141,cons,151,453,1092.0,70.0,2.0,175311.0,0.9341642609797418,844.0,161.0,2.0,159.0,296.0,19.0,277.0,147.0,325.0,52.0,12.0,44.0,4.0,14.0,0.0,2.0,4.0,72.0,164.0,213.0,25.0,6.0,6.0,0.0,0.0,0.0,0.0,0.0,0.0,0.0,82.0,0.0,31.0,10.0,29.0,1.0,9.0,0.0,2.0,2.0,80.0,0.0,0.0,0.0,0.0,0.0,0.0,0.0,0.0,0.0,0.0,0.0,0.0,0.0,0.0,1.0,0.0,0.0,0.0,9.0,16.0,7.0,6.0,2.0,21.0,10.0,13.0,16.0,20.0,27.0,22.0,0.0,0.0,0.0,0.0,0.0,0.0,0.0,0.0,0.0,0.0,0.0,0.0,0.0,0.0,2.0,0.0,0.0,0.0,12.0,23.0,7.0,7.0,2.0,24.0,18.0,18.0,24.0,28.0,37.0,32.0
286,1.0,286.0,London_141,cons,151,453,1092.0,70.0,2.0,136806.0,0.827766734175384,759.0,32.0,0.0,32.0,64.0,0.0,64.0,161.0,318.0,54.0,10.0,48.0,4.0,13.0,2.0,4.0,5.0,68.0,155.0,225.0,13.0,8.0,8.0,0.0,0.0,0.0,0.0,0.0,0.0,0.0,0.0,0.0,0.0,0.0,0.0,0.0,0.0,0.0,0.0,0.0,0.0,0.0,0.0,0.0,0.0,0.0,0.0,0.0,0.0,0.0,0.0,0.0,0.0,0.0,0.0,0.0,0.0,0.0,0.0,3.0,0.0,5.0,1.0,2.0,5.0,6.0,4.0,5.0,8.0,5.0,12.0,0.0,0.0,0.0,0.0,0.0,0.0,0.0,0.0,0.0,0.0,0.0,0.0,0.0,0.0,0.0,0.0,0.0,0.0,6.0,0.0,7.0,1.0,2.0,6.0,8.0,7.0,11.0,12.0,10.0,16.0
287,1.0,287.0,London_141,cons,151,453,1092.0,70.0,2.0,162627.0,0.8772745309397578,816.0,136.0,0.0,136.0,234.0,0.0,234.0,72.0,318.0,53.0,13.0,46.0,4.0,14.0,2.0,3.0,4.0,68.0,155.0,226.0,14.0,2.0,2.0,0.0,0.0,0.0,0.0,0.0,0.0,0.0,58.0,0.0,27.0,7.0,22.0,0.0,0.0,1.0,1.0,0.0,58.0,0.0,0.0,0.0,0.0,0.0,0.0,0.0,0.0,0.0,0.0,0.0,0.0,0.0,0.0,0.0,0.0,0.0,0.0,9.0,13.0,9.0,0.0,3.0,14.0,22.0,9.0,17.0,24.0,23.0,25.0,0.0,0.0,0.0,0.0,0.0,0.0,0.0,0.0,0.0,0.0,0.0,0.0,0.0,0.0,0.0,0.0,0.0,0.0,10.0,20.0,9.0,0.0,3.0,16.0,29.0,10.0,22.0,30.0,31.0,36.0
288,1.0,288.0,London_141,cons,151,453,1092.0,70.0,2.0,131370.0,0.674855365883559,747.0,70.0,3.0,67.0,153.0,25.0,128.0,147.0,316.0,46.0,10.0,49.0,9.0,20.0,1.0,2.0,6.0,79.0,161.0,207.0,18.0,1.0,1.0,0.0,0.0,0.0,0.0,0.0,0.0,0.0,10.0,0.0,5.0,0.0,2.0,1.0,2.0,0.0,0.0,3.0,7.0,0.0,0.0,0.0,0.0,0.0,0.0,0.0,0.0,0.0,2.0,0.0,0.0,1.0,0.0,0.0,0.0,0.0,0.0,9.0,1.0,0.0,2.0,0.0,5.0,5.0,5.0,9.0,15.0,14.0,10.0,0.0,0.0,0.0,0.0,0.0,0.0,0.0,0.0,0.0,5.0,0.0,0.0,4.0,0.0,0.0,0.0,0.0,0.0,10.0,2.0,0.0,4.0,0.0,6.0,6.0,6.0,13.0,23.0,19.0,12.0
289,1.0,289.0,London_141,cons,151,453,1092.0,70.0,2.0,122310.0,0.6233223923482001,727.0,61.0,1.0,60.0,107.0,10.0,97.0,127.0,322.0,53.0,9.0,39.0,6.0,21.0,0.0,3.0,3.0,74.0,170.0,206.0,21.0,5.0,5.0,0.0,0.0,0.0,0.0,0.0,0.0,0.0,8.0,0.0,0.0,4.0,1.0,0.0,0.0,0.0,3.0,1.0,7.0,0.0,0.0,0.0,0.0,0.0,0.0,0.0,0.0,0.0,0.0,0.0,1.0,0.0,0.0,1.0,0.0,0.0,0.0,8.0,8.0,1.0,0.0,2.0,16.0,6.0,11.0,7.0,12.0,13.0,14.0,0.0,0.0,0.0,0.0,0.0,0.0,0.0,0.0,0.0,0.0,0.0,1.0,0.0,0.0,1.0,0.0,0.0,0.0,9.0,11.0,1.0,0.0,3.0,26.0,6.0,15.0,8.0,18.0,21.0,20.0
290,1.0,290.0,London_141,cons,151,453,1092.0,70.0,2.0,126387.0,0.6385228880681098,736.0,1.0,1.0,0.0,7.0,7.0,0.0,97.0,330.0,57.0,5.0,33.0,4.0,22.0,0.0,2.0,6.0,73.0,169.0,205.0,21.0,3.0,3.0,0.0,0.0,0.0,0.0,0.0,0.0,0.0,1.0,0.0,0.0,0.0,1.0,0.0,0.0,0.0,0.0,1.0,0.0,0.0,0.0,0.0,0.0,0.0,0.0,0.0,0.0,1.0,0.0,0.0,0.0,0.0,0.0,1.0,0.0,0.0,0.0,0.0,0.0,0.0,0.0,0.0,0.0,0.0,0.0,0.0,0.0,0.0,0.0,0.0,0.0,0.0,0.0,0.0,0.0,0.0,0.0,2.0,0.0,0.0,0.0,0.0,0.0,1.0,0.0,0.0,0.0,0.0,0.0,0.0,0.0,0.0,0.0,0.0,0.0,0.0,0.0,0.0,0.0
291,1.0,291.0,London_141,cons,151,453,1092.0,70.0,2.0,165345.0,0.8465374517254531,822.0,123.0,0.0,123.0,199.0,0.0,199.0,5.0,328.0,60.0,5.0,32.0,4.0,22.0,0.0,2.0,6.0,74.0,169.0,204.0,20.0,8.0,8.0,0.0,0.0,0.0,0.0,0.0,0.0,0.0,47.0,0.0,17.0,0.0,28.0,0.0,0.0,1.0,1.0,0.0,47.0,0.0,0.0,0.0,0.0,0.0,0.0,0.0,0.0,0.0,0.0,0.0,0.0,0.0,0.0,0.0,0.0,0.0,0.0,8.0,14.0,3.0,1.0,7.0,23.0,9.0,10.0,17.0,16.0,21.0,29.0,0.0,0.0,0.0,0.0,0.0,0.0,0.0,0.0,0.0,0.0,0.0,0.0,0.0,0.0,0.0,0.0,0.0,0.0,8.0,17.0,3.0,2.0,7.0,30.0,15.0,14.0,21.0,22.0,30.0,39.0
292,1.0,292.0,London_141,cons,151,453,1092.0,70.0,2.0,147225.0,0.7885460271500051,782.0,149.0,2.0,147.0,272.0,19.0,253.0,134.0,337.0,48.0,9.0,34.0,6.0,15.0,0.0,4.0,6.0,65.0,168.0,214.0,21.0,7.0,7.0,0.0,0.0,0.0,0.0,0.0,0.0,0.0,76.0,0.0,22.0,11.0,33.0,0.0,3.0,3.0,4.0,1.0,75.0,0.0,0.0,0.0,0.0,0.0,0.0,0.0,0.0,0.0,0.0,0.0,0.0,0.0,0.0,0.0,0.0,0.0,0.0,10.0,16.0,8.0,0.0,6.0,20.0,13.0,19.0,17.0,19.0,23.0,21.0,0.0,0.0,0.0,0.0,0.0,0.0,0.0,0.0,0.0,0.0,0.0,0.0,0.0,0.0,0.0,0.0,0.0,0.0,11.0,18.0,8.0,0.0,6.0,25.0,15.0,24.0,27.0,26.0,30.0,30.0
293,1.0,293.0,London_141,cons,151,453,1092.0,70.0,2.0,111438.0,0.5557093597017229,703.0,52.0,0.0,52.0,88.0,0.0,88.0,160.0,312.0,65.0,12.0,42.0,5.0,14.0,1.0,2.0,6.0,68.0,159.0,220.0,18.0,0.0,0.0,0.0,0.0,0.0,0.0,0.0,0.0,0.0,2.0,0.0,0.0,2.0,0.0,0.0,0.0,0.0,0.0,0.0,2.0,0.0,0.0,0.0,0.0,0.0,0.0,0.0,0.0,0.0,0.0,0.0,0.0,0.0,0.0,0.0,0.0,0.0,0.0,6.0,7.0,3.0,0.0,2.0,10.0,6.0,11.0,11.0,8.0,12.0,10.0,0.0,0.0,0.0,0.0,0.0,0.0,0.0,0.0,0.0,0.0,0.0,0.0,0.0,0.0,0.0,0.0,0.0,0.0,7.0,15.0,4.0,0.0,2.0,15.0,10.0,14.0,16.0,11.0,22.0,17.0
294,1.0,294.0,London_141,cons,151,453,1092.0,70.0,2.0,124575.0,0.6131887920200825,732.0,7.0,0.0,7.0,12.0,0.0,12.0,87.0,316.0,66.0,11.0,38.0,4.0,14.0,2.0,2.0,3.0,77.0,155.0,218.0,18.0,1.0,1.0,0.0,0.0,0.0,0.0,0.0,0.0,0.0,0.0,0.0,0.0,0.0,0.0,0.0,0.0,0.0,0.0,0.0,0.0,0.0,0.0,0.0,0.0,0.0,0.0,0.0,0.0,0.0,0.0,0.0,0.0,0.0,0.0,0.0,0.0,0.0,0.0,1.0,0.0,0.0,0.0,2.0,0.0,1.0,1.0,2.0,2.0,2.0,2.0,0.0,0.0,0.0,0.0,0.0,0.0,0.0,0.0,0.0,0.0,0.0,0.0,0.0,0.0,0.0,0.0,0.0,0.0,1.0,0.0,0.0,0.0,2.0,0.0,1.0,2.0,3.0,3.0,2.0,4.0
295,1.0,295.0,London_141,cons,151,453,1092.0,70.0,2.0,158097.0,0.8756239390932024,806.0,82.0,0.0,82.0,154.0,0.0,154.0,13.0,314.0,64.0,12.0,37.0,4.0,17.0,2.0,3.0,3.0,78.0,157.0,215.0,18.0,10.0,10.0,0.0,0.0,0.0,0.0,0.0,0.0,0.0,9.0,0.0,7.0,0.0,0.0,0.0,0.0,0.0,2.0,0.0,9.0,0.0,0.0,0.0,0.0,0.0,0.0,0.0,0.0,0.0,0.0,0.0,0.0,0.0,0.0,0.0,0.0,0.0,0.0,9.0,8.0,5.0,3.0,6.0,16.0,7.0,9.0,13.0,15.0,21.0,17.0,0.0,0.0,0.0,0.0,0.0,0.0,0.0,0.0,0.0,0.0,0.0,0.0,0.0,0.0,0.0,0.0,0.0,0.0,12.0,13.0,5.0,4.0,8.0,23.0,12.0,13.0,19.0,24.0,39.0,23.0
296,1.0,296.0,London_141,cons,151,453,1092.0,70.0,2.0,161721.0,0.9791963719762862,814.0,64.0,2.0,62.0,126.0,17.0,109.0,150.0,310.0,54.0,21.0,43.0,6.0,14.0,2.0,3.0,5.0,75.0,156.0,217.0,15.0,0.0,0.0,0.0,0.0,0.0,0.0,0.0,0.0,0.0,4.0,0.0,1.0,0.0,3.0,0.0,0.0,0.0,0.0,2.0,2.0,0.0,0.0,0.0,0.0,0.0,0.0,0.0,0.0,1.0,0.0,0.0,0.0,1.0,0.0,0.0,0.0,0.0,0.0,7.0,5.0,0.0,0.0,0.0,9.0,5.0,0.0,10.0,8.0,13.0,6.0,0.0,0.0,0.0,0.0,0.0,0.0,0.0,0.0,2.0,0.0,0.0,0.0,2.0,0.0,0.0,0.0,0.0,0.0,11.0,5.0,0.0,0.0,0.0,13.0,6.0,0.0,18.0,12.0,18.0,6.0
297,1.0,297.0,London_141,cons,151,453,1092.0,70.0,2.0,191166.0,1.0336975404061377,879.0,85.0,2.0,83.0,154.0,18.0,136.0,116.0,319.0,42.0,27.0,34.0,6.0,20.0,2.0,3.0,4.0,74.0,153.0,222.0,13.0,4.0,4.0,0.0,0.0,0.0,0.0,0.0,0.0,0.0,16.0,0.0,6.0,0.0,10.0,0.0,0.0,0.0,0.0,2.0,14.0,0.0,0.0,0.0,0.0,0.0,0.0,0.0,0.0,0.0,0.0,0.0,0.0,0.0,0.0,0.0,0.0,0.0,0.0,8.0,5.0,10.0,0.0,7.0,11.0,10.0,11.0,13.0,13.0,8.0,18.0,0.0,0.0,0.0,0.0,0.0,0.0,0.0,0.0,0.0,0.0,0.0,0.0,0.0,0.0,0.0,0.0,0.0,0.0,11.0,6.0,10.0,0.0,8.0,15.0,15.0,14.0,17.0,22.0,11.0,25.0
298,1.0,298.0,London_141,cons,151,453,1092.0,70.0,2.0,210645.0,1.3059076201170683,922.0,122.0,0.0,122.0,210.0,0.0,210.0,122.0,316.0,37.0,30.0,35.0,9.0,19.0,3.0,4.0,5.0,79.0,163.0,206.0,17.0,8.0,8.0,0.0,0.0,0.0,0.0,0.0,0.0,0.0,44.0,0.0,22.0,0.0,22.0,0.0,0.0,0.0,0.0,0.0,44.0,0.0,0.0,0.0,0.0,0.0,0.0,0.0,0.0,0.0,0.0,0.0,0.0,0.0,0.0,0.0,0.0,0.0,0.0,8.0,10.0,8.0,0.0,4.0,17.0,6.0,7.0,12.0,16.0,26.0,28.0,0.0,0.0,0.0,0.0,0.0,0.0,0.0,0.0,0.0,0.0,0.0,0.0,0.0,0.0,0.0,0.0,0.0,0.0,10.0,18.0,8.0,0.0,4.0,20.0,12.0,10.0,15.0,24.0,38.0,40.0
299,1.0,299.0,London_141,cons,151,453,1092.0,70.0,2.0,190713.0,1.200603085104376,878.0,123.0,2.0,121.0,237.0,19.0,218.0,152.0,302.0,61.0,31.0,30.0,6.0,14.0,4.0,5.0,8.0,67.0,167.0,211.0,19.0,5.0,5.0,0.0,0.0,0.0,0.0,0.0,0.0,0.0,46.0,0.0,9.0,0.0,31.0,1.0,5.0,0.0,0.0,2.0,44.0,0.0,0.0,0.0,0.0,0.0,0.0,0.0,0.0,1.0,0.0,0.0,1.0,0.0,1.0,1.0,0.0,0.0,0.0,0.0,0.0,2.0,0.0,0.0,4.0,4.0,3.0,10.0,22.0,24.0,11.0,0.0,0.0,0.0,0.0,0.0,0.0,0.0,0.0,2.0,0.0,0.0,1.0,0.0,2.0,1.0,0.0,0.0,0.0,0.0,0.0,3.0,0.0,0.0,5.0,5.0,5.0,15.0,34.0,34.0,14.0
300,1.0,300.0,London_141,cons,151,453,1092.0,70.0,2.0,179388.0,1.0174363171681762,853.0,95.0,1.0,94.0,169.0,9.0,160.0,155.0,304.0,60.0,22.0,41.0,3.0,16.0,3.0,4.0,6.0,74.0,163.0,210.0,26.0,3.0,3.0,0.0,0.0,0.0,0.0,0.0,0.0,0.0,17.0,0.0,0.0,7.0,9.0,0.0,1.0,0.0,0.0,1.0,16.0,0.0,0.0,0.0,0.0,0.0,0.0,0.0,0.0,1.0,0.0,0.0,0.0,0.0,1.0,1.0,0.0,0.0,0.0,3.0,1.0,4.0,1.0,1.0,5.0,9.0,2.0,7.0,16.0,14.0,6.0,0.0,0.0,0.0,0.0,0.0,0.0,0.0,0.0,2.0,0.0,0.0,0.0,0.0,5.0,3.0,0.0,0.0,0.0,3.0,2.0,4.0,3.0,1.0,6.0,11.0,3.0,11.0,21.0,24.0,8.0
301,1.0,301.0,London_141,cons,151,453,1092.0,70.0,2.0,176217.0,1.6192836770787835,846.0,21.0,0.0,21.0,36.0,0.0,36.0,147.0,312.0,64.0,6.0,53.0,2.0,11.0,2.0,3.0,5.0,76.0,169.0,203.0,26.0,2.0,2.0,0.0,0.0,0.0,0.0,0.0,0.0,0.0,2.0,0.0,0.0,0.0,0.0,2.0,0.0,0.0,0.0,0.0,2.0,0.0,0.0,0.0,0.0,0.0,0.0,0.0,0.0,0.0,0.0,0.0,0.0,0.0,0.0,0.0,0.0,0.0,0.0,4.0,0.0,1.0,1.0,1.0,8.0,1.0,3.0,4.0,4.0,3.0,7.0,0.0,0.0,0.0,0.0,0.0,0.0,0.0,0.0,0.0,0.0,0.0,0.0,0.0,0.0,0.0,0.0,0.0,0.0,6.0,0.0,1.0,2.0,1.0,12.0,2.0,4.0,7.0,8.0,4.0,9.0
302,1.0,302.0,London_141,cons,151,453,1092.0,70.0,2.0,212004.0,1.2813372761011124,925.0,185.0,0.0,185.0,318.0,0.0,318.0,38.0,312.0,70.0,7.0,50.0,1.0,11.0,2.0,0.0,5.0,74.0,169.0,205.0,21.0,3.0,3.0,0.0,0.0,0.0,0.0,0.0,0.0,0.0,99.0,0.0,28.0,6.0,46.0,3.0,8.0,1.0,7.0,0.0,99.0,0.0,0.0,0.0,0.0,0.0,0.0,0.0,0.0,0.0,0.0,0.0,0.0,0.0,0.0,0.0,0.0,0.0,0.0,7.0,4.0,6.0,1.0,4.0,21.0,19.0,22.0,20.0,21.0,19.0,31.0,0.0,0.0,0.0,0.0,0.0,0.0,0.0,0.0,0.0,0.0,0.0,0.0,0.0,0.0,0.0,0.0,0.0,0.0,9.0,9.0,7.0,2.0,4.0,29.0,24.0,37.0,29.0,32.0,27.0,46.0
303,1.0,303.0,London_141,cons,151,453,1092.0,70.0,2.0,156738.0,0.890871262177825,803.0,190.0,1.0,189.0,310.0,10.0,300.0,170.0,307.0,70.0,16.0,40.0,3.0,13.0,0.0,4.0,5.0,67.0,164.0,217.0,26.0,0.0,0.0,0.0,0.0,0.0,0.0,0.0,0.0,0.0,82.0,0.0,21.0,0.0,44.0,1.0,10.0,0.0,6.0,1.0,81.0,0.0,0.0,0.0,0.0,0.0,0.0,0.0,0.0,0.0,0.0,0.0,0.0,0.0,1.0,0.0,0.0,0.0,0.0,12.0,9.0,8.0,1.0,7.0,13.0,17.0,19.0,24.0,26.0,29.0,28.0,0.0,0.0,0.0,0.0,0.0,0.0,0.0,0.0,0.0,0.0,0.0,0.0,0.0,1.0,0.0,0.0,0.0,0.0,13.0,11.0,8.0,3.0,7.0,14.0,21.0,25.0,35.0,38.0,38.0,38.0
304,1.0,304.0,London_141,cons,151,453,1092.0,70.0,2.0,96036.0,0.7554875179193914,669.0,59.0,0.0,59.0,97.0,0.0,97.0,186.0,286.0,61.0,21.0,51.0,9.0,17.0,1.0,7.0,7.0,80.0,162.0,204.0,23.0,1.0,1.0,0.0,0.0,0.0,0.0,0.0,0.0,0.0,0.0,0.0,0.0,0.0,0.0,0.0,0.0,0.0,0.0,0.0,0.0,0.0,0.0,0.0,0.0,0.0,0.0,0.0,0.0,0.0,0.0,0.0,0.0,0.0,0.0,0.0,0.0,0.0,0.0,7.0,5.0,3.0,2.0,0.0,8.0,9.0,7.0,10.0,9.0,19.0,13.0,0.0,0.0,0.0,0.0,0.0,0.0,0.0,0.0,0.0,0.0,0.0,0.0,0.0,0.0,0.0,0.0,0.0,0.0,9.0,7.0,3.0,2.0,0.0,11.0,16.0,8.0,13.0,14.0,27.0,17.0
305,1.0,305.0,London_141,cons,151,453,1092.0,70.0,2.0,95583.0,0.49501789594069123,668.0,2.0,2.0,0.0,17.0,17.0,0.0,99.0,293.0,64.0,20.0,40.0,10.0,21.0,0.0,5.0,6.0,72.0,164.0,211.0,19.0,3.0,3.0,0.0,0.0,0.0,0.0,0.0,0.0,0.0,2.0,0.0,2.0,0.0,0.0,0.0,0.0,0.0,0.0,2.0,0.0,0.0,0.0,0.0,0.0,0.0,0.0,0.0,0.0,1.0,0.0,0.0,0.0,0.0,0.0,1.0,0.0,0.0,0.0,0.0,0.0,0.0,0.0,0.0,0.0,0.0,0.0,0.0,0.0,0.0,0.0,0.0,0.0,0.0,0.0,0.0,0.0,0.0,0.0,2.0,0.0,0.0,0.0,0.0,0.0,3.0,0.0,0.0,0.0,0.0,0.0,0.0,0.0,0.0,0.0,0.0,0.0,0.0,0.0,0.0,0.0
306,1.0,306.0,London_141,cons,151,453,1092.0,70.0,2.0,132276.0,0.9630817798897624,749.0,117.0,1.0,116.0,208.0,12.0,196.0,8.0,292.0,60.0,21.0,44.0,10.0,21.0,0.0,5.0,5.0,72.0,163.0,213.0,15.0,4.0,4.0,0.0,0.0,0.0,0.0,0.0,0.0,0.0,31.0,0.0,7.0,0.0,18.0,0.0,1.0,2.0,3.0,1.0,30.0,0.0,0.0,0.0,0.0,0.0,0.0,0.0,0.0,0.0,0.0,0.0,1.0,0.0,0.0,1.0,0.0,0.0,0.0,3.0,0.0,2.0,3.0,9.0,3.0,4.0,2.0,14.0,18.0,27.0,15.0,0.0,0.0,0.0,0.0,0.0,0.0,0.0,0.0,0.0,0.0,0.0,3.0,0.0,0.0,1.0,0.0,0.0,0.0,3.0,0.0,2.0,5.0,9.0,3.0,5.0,2.0,17.0,22.0,37.0,16.0
307,1.0,307.0,London_141,cons,151,453,1092.0,70.0,2.0,108267.0,0.5672879731282592,696.0,28.0,2.0,26.0,71.0,19.0,52.0,163.0,293.0,61.0,8.0,48.0,10.0,27.0,2.0,4.0,5.0,71.0,157.0,220.0,32.0,3.0,3.0,0.0,0.0,0.0,0.0,0.0,0.0,0.0,2.0,0.0,0.0,0.0,1.0,0.0,1.0,0.0,0.0,2.0,0.0,0.0,0.0,0.0,0.0,0.0,0.0,0.0,0.0,1.0,1.0,0.0,1.0,0.0,1.0,2.0,0.0,0.0,0.0,0.0,2.0,0.0,0.0,0.0,1.0,2.0,0.0,7.0,9.0,4.0,6.0,0.0,0.0,0.0,0.0,0.0,0.0,0.0,0.0,1.0,1.0,0.0,1.0,0.0,2.0,4.0,0.0,0.0,0.0,0.0,4.0,0.0,0.0,0.0,1.0,4.0,0.0,8.0,16.0,6.0,8.0
308,1.0,308.0,London_141,cons,151,453,1092.0,70.0,2.0,133182.0,0.6945359176024795,751.0,42.0,0.0,42.0,71.0,0.0,71.0,63.0,292.0,64.0,9.0,49.0,10.0,26.0,2.0,1.0,4.0,76.0,159.0,214.0,25.0,1.0,1.0,0.0,0.0,0.0,0.0,0.0,0.0,0.0,1.0,0.0,0.0,0.0,0.0,0.0,0.0,0.0,1.0,0.0,1.0,0.0,0.0,0.0,0.0,0.0,0.0,0.0,0.0,0.0,0.0,0.0,0.0,0.0,0.0,0.0,0.0,0.0,0.0,5.0,9.0,4.0,1.0,1.0,3.0,7.0,5.0,11.0,10.0,6.0,14.0,0.0,0.0,0.0,0.0,0.0,0.0,0.0,0.0,0.0,0.0,0.0,0.0,0.0,0.0,0.0,0.0,0.0,0.0,6.0,13.0,4.0,1.0,1.0,4.0,12.0,6.0,12.0,15.0,8.0,17.0
309,1.0,309.0,London_141,cons,151,453,1092.0,70.0,2.0,151755.0,0.7329858229495585,792.0,156.0,0.0,156.0,276.0,0.0,276.0,71.0,295.0,68.0,6.0,47.0,11.0,25.0,0.0,1.0,5.0,73.0,151.0,224.0,29.0,3.0,3.0,0.0,0.0,0.0,0.0,0.0,0.0,0.0,64.0,0.0,23.0,9.0,25.0,0.0,0.0,0.0,7.0,0.0,64.0,0.0,0.0,0.0,0.0,0.0,0.0,0.0,0.0,0.0,0.0,0.0,0.0,0.0,0.0,0.0,0.0,0.0,0.0,7.0,19.0,4.0,1.0,6.0,19.0,17.0,12.0,18.0,19.0,16.0,34.0,0.0,0.0,0.0,0.0,0.0,0.0,0.0,0.0,0.0,0.0,0.0,0.0,0.0,0.0,0.0,0.0,0.0,0.0,10.0,26.0,4.0,2.0,6.0,23.0,22.0,15.0,22.0,26.0,21.0,45.0
310,1.0,310.0,London_141,cons,151,453,1092.0,70.0,2.0,114609.0,0.5719866170547903,710.0,18.0,1.0,17.0,38.0,9.0,29.0,173.0,305.0,59.0,8.0,48.0,15.0,15.0,0.0,3.0,5.0,77.0,147.0,224.0,28.0,0.0,0.0,0.0,0.0,0.0,0.0,0.0,0.0,0.0,2.0,0.0,0.0,0.0,0.0,0.0,1.0,1.0,0.0,1.0,1.0,0.0,0.0,0.0,0.0,0.0,0.0,0.0,0.0,1.0,0.0,0.0,0.0,1.0,0.0,1.0,0.0,0.0,0.0,0.0,0.0,0.0,0.0,0.0,0.0,0.0,0.0,3.0,4.0,2.0,1.0,0.0,0.0,0.0,0.0,0.0,0.0,0.0,0.0,3.0,0.0,0.0,0.0,5.0,0.0,3.0,0.0,0.0,0.0,0.0,0.0,0.0,0.0,0.0,0.0,0.0,0.0,4.0,7.0,3.0,1.0
311,1.0,311.0,London_141,cons,151,453,1092.0,70.0,2.0,138165.0,0.6736226170323789,762.0,11.0,0.0,11.0,17.0,0.0,17.0,37.0,309.0,60.0,8.0,47.0,14.0,12.0,0.0,3.0,4.0,76.0,138.0,235.0,26.0,6.0,6.0,0.0,0.0,0.0,0.0,0.0,0.0,0.0,0.0,0.0,0.0,0.0,0.0,0.0,0.0,0.0,0.0,0.0,0.0,0.0,0.0,0.0,0.0,0.0,0.0,0.0,0.0,0.0,0.0,0.0,0.0,0.0,0.0,0.0,0.0,0.0,0.0,3.0,2.0,0.0,1.0,0.0,0.0,1.0,3.0,1.0,1.0,2.0,3.0,0.0,0.0,0.0,0.0,0.0,0.0,0.0,0.0,0.0,0.0,0.0,0.0,0.0,0.0,0.0,0.0,0.0,0.0,3.0,3.0,0.0,1.0,0.0,0.0,1.0,5.0,2.0,1.0,3.0,3.0
312,1.0,312.0,London_141,cons,151,453,1092.0,70.0,2.0,173952.0,1.236758700106293,841.0,163.0,2.0,161.0,290.0,20.0,270.0,23.0,305.0,62.0,11.0,45.0,15.0,11.0,0.0,4.0,5.0,77.0,133.0,238.0,23.0,3.0,3.0,0.0,0.0,0.0,0.0,0.0,0.0,0.0,67.0,0.0,26.0,7.0,25.0,0.0,3.0,2.0,4.0,2.0,65.0,0.0,0.0,0.0,0.0,0.0,0.0,0.0,0.0,0.0,0.0,0.0,0.0,0.0,0.0,0.0,0.0,0.0,0.0,5.0,8.0,5.0,2.0,6.0,26.0,12.0,20.0,17.0,20.0,36.0,42.0,0.0,0.0,0.0,0.0,0.0,0.0,0.0,0.0,0.0,0.0,0.0,0.0,0.0,0.0,0.0,0.0,0.0,0.0,6.0,11.0,5.0,4.0,6.0,36.0,15.0,24.0,27.0,30.0,49.0,55.0
313,1.0,313.0,London_141,cons,151,453,1092.0,70.0,2.0,140883.0,0.7867045737802982,768.0,71.0,2.0,69.0,149.0,20.0,129.0,176.0,291.0,68.0,13.0,59.0,5.0,12.0,0.0,5.0,7.0,63.0,168.0,215.0,17.0,6.0,6.0,0.0,0.0,0.0,0.0,0.0,0.0,0.0,9.0,0.0,0.0,0.0,6.0,0.0,2.0,0.0,1.0,2.0,7.0,0.0,0.0,0.0,0.0,0.0,0.0,0.0,0.0,1.0,0.0,0.0,0.0,0.0,0.0,2.0,0.0,0.0,0.0,6.0,1.0,9.0,0.0,1.0,8.0,7.0,4.0,12.0,15.0,16.0,16.0,0.0,0.0,0.0,0.0,0.0,0.0,0.0,0.0,1.0,0.0,0.0,0.0,0.0,0.0,3.0,0.0,0.0,0.0,7.0,1.0,10.0,0.0,1.0,11.0,14.0,4.0,15.0,25.0,21.0,25.0
314,1.0,314.0,London_141,cons,151,453,1092.0,70.0,2.0,149037.0,0.8183550820685923,786.0,119.0,1.0,118.0,218.0,10.0,208.0,129.0,297.0,89.0,18.0,28.0,1.0,16.0,3.0,1.0,5.0,66.0,164.0,218.0,22.0,1.0,1.0,0.0,0.0,0.0,0.0,0.0,0.0,0.0,36.0,0.0,0.0,3.0,24.0,3.0,0.0,0.0,6.0,1.0,35.0,0.0,0.0,0.0,0.0,0.0,0.0,0.0,0.0,0.0,0.0,0.0,0.0,0.0,0.0,0.0,0.0,0.0,0.0,7.0,13.0,3.0,2.0,4.0,14.0,8.0,16.0,15.0,14.0,18.0,32.0,0.0,0.0,0.0,0.0,0.0,0.0,0.0,0.0,0.0,0.0,0.0,0.0,0.0,0.0,0.0,0.0,0.0,0.0,10.0,20.0,3.0,2.0,4.0,21.0,11.0,17.0,23.0,20.0,31.0,42.0
315,1.0,315.0,London_141,cons,151,453,1092.0,70.0,2.0,130464.0,0.6330091720446944,745.0,32.0,2.0,30.0,71.0,18.0,53.0,157.0,306.0,66.0,14.0,42.0,7.0,14.0,3.0,1.0,6.0,70.0,164.0,213.0,21.0,4.0,4.0,0.0,0.0,0.0,0.0,0.0,0.0,0.0,3.0,0.0,0.0,0.0,0.0,0.0,1.0,0.0,2.0,2.0,1.0,0.0,0.0,0.0,0.0,0.0,0.0,0.0,0.0,1.0,0.0,0.0,1.0,0.0,1.0,1.0,0.0,0.0,0.0,1.0,4.0,0.0,1.0,0.0,4.0,0.0,1.0,4.0,6.0,10.0,3.0,0.0,0.0,0.0,0.0,0.0,0.0,0.0,0.0,1.0,0.0,0.0,3.0,0.0,1.0,3.0,0.0,0.0,0.0,1.0,7.0,0.0,1.0,0.0,4.0,0.0,1.0,7.0,8.0,18.0,4.0
316,1.0,316.0,London_141,cons,151,453,1092.0,70.0,2.0,159456.0,0.8285891241393983,809.0,26.0,0.0,26.0,43.0,0.0,43.0,59.0,311.0,70.0,15.0,45.0,7.0,4.0,0.0,1.0,8.0,72.0,153.0,220.0,22.0,1.0,1.0,0.0,0.0,0.0,0.0,0.0,0.0,0.0,1.0,0.0,0.0,0.0,0.0,0.0,0.0,0.0,1.0,0.0,1.0,0.0,0.0,0.0,0.0,0.0,0.0,0.0,0.0,0.0,0.0,0.0,0.0,0.0,0.0,0.0,0.0,0.0,0.0,2.0,3.0,3.0,0.0,1.0,5.0,2.0,6.0,3.0,4.0,6.0,6.0,0.0,0.0,0.0,0.0,0.0,0.0,0.0,0.0,0.0,0.0,0.0,0.0,0.0,0.0,0.0,0.0,0.0,0.0,2.0,3.0,3.0,0.0,1.0,8.0,3.0,11.0,5.0,5.0,10.0,7.0
317,1.0,317.0,London_141,cons,151,453,1092.0,70.0,2.0,192525.0,1.1593623561784625,882.0,100.0,2.0,98.0,195.0,20.0,175.0,43.0,308.0,66.0,19.0,42.0,9.0,8.0,0.0,1.0,8.0,74.0,155.0,216.0,25.0,2.0,2.0,0.0,0.0,0.0,0.0,0.0,0.0,0.0,22.0,0.0,0.0,4.0,10.0,0.0,1.0,3.0,4.0,2.0,20.0,0.0,0.0,0.0,0.0,0.0,0.0,0.0,0.0,1.0,0.0,0.0,0.0,0.0,1.0,0.0,0.0,0.0,0.0,7.0,0.0,0.0,1.0,4.0,10.0,6.0,10.0,7.0,16.0,20.0,7.0,0.0,0.0,0.0,0.0,0.0,0.0,0.0,0.0,2.0,0.0,0.0,0.0,0.0,3.0,0.0,0.0,0.0,0.0,10.0,0.0,0.0,1.0,4.0,15.0,8.0,14.0,8.0,26.0,32.0,8.0
318,1.0,318.0,London_141,cons,151,453,1092.0,70.0,2.0,185277.0,1.016931438818574,866.0,131.0,0.0,131.0,223.0,0.0,223.0,147.0,306.0,62.0,11.0,46.0,8.0,15.0,2.0,3.0,6.0,70.0,153.0,224.0,16.0,1.0,1.0,0.0,0.0,0.0,0.0,0.0,0.0,0.0,41.0,0.0,9.0,5.0,16.0,0.0,9.0,1.0,1.0,0.0,41.0,0.0,0.0,0.0,0.0,0.0,0.0,0.0,0.0,0.0,0.0,0.0,0.0,0.0,0.0,0.0,0.0,0.0,0.0,8.0,12.0,7.0,3.0,5.0,21.0,19.0,19.0,11.0,15.0,16.0,21.0,0.0,0.0,0.0,0.0,0.0,0.0,0.0,0.0,0.0,0.0,0.0,0.0,0.0,0.0,0.0,0.0,0.0,0.0,10.0,17.0,7.0,3.0,5.0,29.0,25.0,26.0,16.0,21.0,23.0,26.0
319,1.0,319.0,London_141,cons,151,453,1092.0,70.0,2.0,167610.0,1.0565298651345074,827.0,104.0,0.0,104.0,179.0,0.0,179.0,164.0,307.0,74.0,13.0,40.0,7.0,6.0,0.0,6.0,6.0,84.0,152.0,211.0,19.0,4.0,4.0,0.0,0.0,0.0,0.0,0.0,0.0,0.0,25.0,0.0,4.0,0.0,20.0,0.0,0.0,0.0,1.0,0.0,25.0,0.0,0.0,0.0,0.0,0.0,0.0,0.0,0.0,0.0,0.0,0.0,0.0,0.0,0.0,0.0,0.0,0.0,0.0,6.0,4.0,5.0,1.0,5.0,18.0,16.0,16.0,9.0,17.0,19.0,26.0,0.0,0.0,0.0,0.0,0.0,0.0,0.0,0.0,0.0,0.0,0.0,0.0,0.0,0.0,0.0,0.0,0.0,0.0,7.0,6.0,5.0,1.0,5.0,22.0,21.0,20.0,10.0,26.0,27.0,33.0
320,1.0,320.0,London_141,cons,151,453,1092.0,70.0,2.0,155379.0,0.8035210408270359,800.0,132.0,2.0,130.0,249.0,17.0,232.0,147.0,314.0,52.0,22.0,41.0,5.0,12.0,2.0,5.0,6.0,67.0,152.0,228.0,16.0,7.0,7.0,0.0,0.0,0.0,0.0,0.0,0.0,0.0,59.0,0.0,24.0,0.0,27.0,0.0,8.0,0.0,0.0,2.0,57.0,0.0,0.0,0.0,0.0,0.0,0.0,0.0,0.0,0.0,0.0,0.0,0.0,0.0,0.0,0.0,0.0,0.0,0.0,7.0,13.0,6.0,1.0,4.0,20.0,10.0,17.0,18.0,11.0,19.0,23.0,0.0,0.0,0.0,0.0,0.0,0.0,0.0,0.0,0.0,0.0,0.0,0.0,0.0,0.0,0.0,0.0,0.0,0.0,10.0,21.0,6.0,2.0,4.0,31.0,14.0,21.0,28.0,16.0,26.0,28.0
321,1.0,321.0,London_141,cons,151,453,1092.0,70.0,2.0,133182.0,0.7531400909647346,751.0,53.0,0.0,53.0,94.0,0.0,94.0,152.0,309.0,67.0,17.0,42.0,4.0,8.0,2.0,4.0,6.0,68.0,160.0,219.0,19.0,1.0,1.0,0.0,0.0,0.0,0.0,0.0,0.0,0.0,3.0,0.0,1.0,0.0,0.0,0.0,2.0,0.0,0.0,0.0,3.0,0.0,0.0,0.0,0.0,0.0,0.0,0.0,0.0,0.0,0.0,0.0,0.0,0.0,0.0,0.0,0.0,0.0,0.0,6.0,7.0,7.0,0.0,4.0,14.0,9.0,11.0,11.0,11.0,16.0,13.0,0.0,0.0,0.0,0.0,0.0,0.0,0.0,0.0,0.0,0.0,0.0,0.0,0.0,0.0,0.0,0.0,0.0,0.0,11.0,9.0,8.0,0.0,4.0,19.0,13.0,12.0,15.0,13.0,32.0,17.0
322,1.0,322.0,London_141,cons,151,453,1092.0,70.0,2.0,147678.0,0.8447513077408075,783.0,149.0,2.0,147.0,268.0,17.0,251.0,92.0,315.0,73.0,21.0,32.0,1.0,7.0,2.0,2.0,7.0,69.0,160.0,217.0,16.0,4.0,4.0,0.0,0.0,0.0,0.0,0.0,0.0,0.0,69.0,0.0,17.0,1.0,40.0,1.0,7.0,0.0,3.0,2.0,67.0,0.0,0.0,0.0,0.0,0.0,0.0,0.0,0.0,0.0,0.0,0.0,0.0,0.0,0.0,0.0,0.0,0.0,0.0,8.0,9.0,7.0,0.0,5.0,18.0,15.0,17.0,18.0,21.0,26.0,35.0,0.0,0.0,0.0,0.0,0.0,0.0,0.0,0.0,0.0,0.0,0.0,0.0,0.0,0.0,0.0,0.0,0.0,0.0,9.0,12.0,7.0,0.0,5.0,21.0,19.0,24.0,27.0,26.0,33.0,43.0
323,1.0,323.0,London_141,cons,151,453,1092.0,70.0,2.0,111438.0,0.5311760953627527,703.0,14.0,0.0,14.0,29.0,0.0,29.0,156.0,314.0,63.0,15.0,43.0,1.0,12.0,0.0,5.0,12.0,71.0,154.0,216.0,16.0,3.0,3.0,0.0,0.0,0.0,0.0,0.0,0.0,0.0,0.0,0.0,0.0,0.0,0.0,0.0,0.0,0.0,0.0,0.0,0.0,0.0,0.0,0.0,0.0,0.0,0.0,0.0,0.0,0.0,0.0,0.0,0.0,0.0,0.0,0.0,0.0,0.0,0.0,0.0,2.0,1.0,0.0,1.0,4.0,2.0,1.0,4.0,3.0,1.0,5.0,0.0,0.0,0.0,0.0,0.0,0.0,0.0,0.0,0.0,0.0,0.0,0.0,0.0,0.0,0.0,0.0,0.0,0.0,0.0,5.0,1.0,0.0,1.0,7.0,4.0,2.0,8.0,8.0,3.0,9.0
324,1.0,324.0,London_141,cons,151,453,1092.0,70.0,2.0,137259.0,0.6937513709999621,760.0,40.0,1.0,39.0,81.0,8.0,73.0,33.0,309.0,64.0,18.0,41.0,2.0,14.0,0.0,5.0,11.0,71.0,156.0,215.0,22.0,5.0,5.0,0.0,0.0,0.0,0.0,0.0,0.0,0.0,2.0,0.0,0.0,0.0,0.0,0.0,2.0,0.0,0.0,1.0,1.0,0.0,0.0,0.0,0.0,0.0,0.0,0.0,0.0,1.0,0.0,0.0,0.0,0.0,1.0,0.0,0.0,0.0,0.0,4.0,4.0,0.0,0.0,3.0,13.0,4.0,6.0,4.0,9.0,10.0,10.0,0.0,0.0,0.0,0.0,0.0,0.0,0.0,0.0,1.0,0.0,0.0,0.0,0.0,2.0,0.0,0.0,0.0,0.0,7.0,7.0,0.0,0.0,3.0,18.0,7.0,11.0,5.0,16.0,17.0,15.0
325,1.0,325.0,London_141,cons,151,453,1092.0,70.0,2.0,151755.0,0.94520548498258,792.0,76.0,2.0,74.0,150.0,18.0,132.0,80.0,316.0,70.0,12.0,45.0,0.0,6.0,0.0,4.0,11.0,76.0,160.0,206.0,21.0,0.0,0.0,0.0,0.0,0.0,0.0,0.0,0.0,0.0,15.0,0.0,0.0,3.0,6.0,0.0,5.0,1.0,0.0,2.0,13.0,0.0,0.0,0.0,0.0,0.0,0.0,0.0,0.0,0.0,0.0,0.0,0.0,0.0,0.0,0.0,0.0,0.0,0.0,7.0,6.0,10.0,3.0,5.0,11.0,12.0,7.0,9.0,17.0,16.0,22.0,0.0,0.0,0.0,0.0,0.0,0.0,0.0,0.0,0.0,0.0,0.0,0.0,0.0,0.0,0.0,0.0,0.0,0.0,8.0,7.0,14.0,4.0,6.0,16.0,16.0,9.0,15.0,28.0,28.0,28.0
326,1.0,326.0,London_141,cons,151,453,1092.0,70.0,2.0,161721.0,0.8757393038831651,814.0,66.0,0.0,66.0,113.0,0.0,113.0,116.0,326.0,65.0,9.0,33.0,3.0,12.0,1.0,4.0,7.0,69.0,168.0,209.0,20.0,5.0,5.0,0.0,0.0,0.0,0.0,0.0,0.0,0.0,3.0,0.0,0.0,0.0,3.0,0.0,0.0,0.0,0.0,0.0,3.0,0.0,0.0,0.0,0.0,0.0,0.0,0.0,0.0,0.0,0.0,0.0,0.0,0.0,0.0,0.0,0.0,0.0,0.0,4.0,11.0,8.0,1.0,5.0,14.0,9.0,9.0,12.0,11.0,14.0,14.0,0.0,0.0,0.0,0.0,0.0,0.0,0.0,0.0,0.0,0.0,0.0,0.0,0.0,0.0,0.0,0.0,0.0,0.0,5.0,17.0,9.0,2.0,5.0,19.0,14.0,15.0,16.0,16.0,17.0,18.0
327,1.0,327.0,London_141,cons,151,453,1092.0,70.0,2.0,178482.0,1.0721128359436989,851.0,180.0,2.0,178.0,330.0,19.0,311.0,114.0,328.0,58.0,9.0,38.0,4.0,10.0,2.0,4.0,7.0,67.0,171.0,208.0,24.0,3.0,3.0,0.0,0.0,0.0,0.0,0.0,0.0,0.0,104.0,0.0,23.0,20.0,37.0,2.0,18.0,0.0,4.0,2.0,102.0,0.0,0.0,0.0,0.0,0.0,0.0,0.0,0.0,0.0,0.0,0.0,0.0,0.0,0.0,0.0,0.0,0.0,0.0,11.0,8.0,3.0,1.0,8.0,22.0,12.0,15.0,13.0,25.0,27.0,25.0,0.0,0.0,0.0,0.0,0.0,0.0,0.0,0.0,0.0,0.0,0.0,0.0,0.0,0.0,0.0,0.0,0.0,0.0,13.0,10.0,3.0,1.0,8.0,28.0,18.0,17.0,15.0,37.0,35.0,30.0
328,1.0,328.0,London_141,cons,151,453,1092.0,70.0,2.0,141336.0,0.8182640192098916,769.0,57.0,0.0,57.0,93.0,0.0,93.0,157.0,317.0,60.0,9.0,44.0,4.0,11.0,2.0,6.0,7.0,71.0,171.0,204.0,23.0,2.0,2.0,0.0,0.0,0.0,0.0,0.0,0.0,0.0,0.0,0.0,0.0,0.0,0.0,0.0,0.0,0.0,0.0,0.0,0.0,0.0,0.0,0.0,0.0,0.0,0.0,0.0,0.0,0.0,0.0,0.0,0.0,0.0,0.0,0.0,0.0,0.0,0.0,3.0,7.0,8.0,1.0,4.0,9.0,11.0,8.0,17.0,11.0,14.0,19.0,0.0,0.0,0.0,0.0,0.0,0.0,0.0,0.0,0.0,0.0,0.0,0.0,0.0,0.0,0.0,0.0,0.0,0.0,5.0,9.0,10.0,1.0,4.0,13.0,13.0,13.0,27.0,14.0,17.0,30.0
329,1.0,329.0,London_141,cons,151,453,1092.0,70.0,2.0,152661.0,0.7972934390418231,794.0,3.0,0.0,3.0,5.0,0.0,5.0,97.0,313.0,73.0,11.0,35.0,3.0,7.0,3.0,8.0,7.0,73.0,171.0,202.0,25.0,0.0,0.0,0.0,0.0,0.0,0.0,0.0,0.0,0.0,0.0,0.0,0.0,0.0,0.0,0.0,0.0,0.0,0.0,0.0,0.0,0.0,0.0,0.0,0.0,0.0,0.0,0.0,0.0,0.0,0.0,0.0,0.0,0.0,0.0,0.0,0.0,0.0,0.0,1.0,0.0,1.0,0.0,0.0,1.0,0.0,1.0,0.0,1.0,0.0,1.0,0.0,0.0,0.0,0.0,0.0,0.0,0.0,0.0,0.0,0.0,0.0,0.0,0.0,0.0,0.0,0.0,0.0,0.0,1.0,0.0,2.0,0.0,0.0,1.0,0.0,1.0,0.0,2.0,0.0,1.0
330,1.0,330.0,London_141,cons,151,453,1092.0,70.0,2.0,193884.0,1.0850119716487825,885.0,30.0,3.0,27.0,72.0,25.0,47.0,5.0,314.0,74.0,11.0,36.0,3.0,6.0,1.0,8.0,7.0,75.0,170.0,201.0,26.0,4.0,4.0,0.0,0.0,0.0,0.0,0.0,0.0,0.0,4.0,0.0,0.0,0.0,0.0,2.0,2.0,0.0,0.0,3.0,1.0,0.0,0.0,0.0,0.0,0.0,0.0,0.0,0.0,0.0,2.0,0.0,0.0,1.0,0.0,0.0,0.0,0.0,0.0,2.0,1.0,0.0,0.0,0.0,10.0,5.0,5.0,4.0,1.0,8.0,9.0,0.0,0.0,0.0,0.0,0.0,0.0,0.0,0.0,0.0,2.0,0.0,0.0,2.0,0.0,0.0,0.0,0.0,0.0,3.0,1.0,0.0,0.0,0.0,10.0,8.0,10.0,7.0,1.0,11.0,15.0
331,1.0,331.0,London_141,cons,151,453,1092.0,70.0,2.0,226953.0,1.5926489839330316,958.0,155.0,1.0,154.0,262.0,10.0,252.0,54.0,311.0,83.0,9.0,34.0,0.0,7.0,1.0,8.0,7.0,73.0,165.0,208.0,24.0,1.0,1.0,0.0,0.0,0.0,0.0,0.0,0.0,0.0,70.0,0.0,0.0,0.0,54.0,4.0,12.0,0.0,0.0,1.0,69.0,0.0,0.0,0.0,0.0,0.0,0.0,0.0,0.0,0.0,0.0,0.0,0.0,0.0,0.0,0.0,0.0,0.0,0.0,9.0,8.0,5.0,1.0,7.0,23.0,12.0,12.0,21.0,23.0,16.0,29.0,0.0,0.0,0.0,0.0,0.0,0.0,0.0,0.0,0.0,0.0,0.0,0.0,0.0,0.0,0.0,0.0,0.0,0.0,11.0,10.0,5.0,1.0,7.0,27.0,14.0,18.0,24.0,30.0,22.0,38.0
332,1.0,332.0,London_141,cons,151,453,1092.0,70.0,2.0,196602.0,1.1810681009665132,891.0,196.0,1.0,195.0,343.0,7.0,336.0,148.0,316.0,56.0,14.0,42.0,7.0,8.0,0.0,10.0,6.0,54.0,188.0,205.0,12.0,1.0,1.0,0.0,0.0,0.0,0.0,0.0,0.0,0.0,111.0,0.0,43.0,7.0,46.0,4.0,11.0,0.0,0.0,1.0,110.0,0.0,0.0,0.0,0.0,0.0,0.0,0.0,0.0,0.0,0.0,0.0,0.0,0.0,0.0,0.0,0.0,0.0,0.0,9.0,6.0,4.0,1.0,5.0,30.0,11.0,21.0,17.0,24.0,24.0,29.0,0.0,0.0,0.0,0.0,0.0,0.0,0.0,0.0,0.0,0.0,0.0,0.0,0.0,0.0,0.0,0.0,0.0,0.0,11.0,7.0,4.0,1.0,5.0,40.0,19.0,26.0,23.0,30.0,31.0,33.0
333,1.0,333.0,London_141,cons,151,453,1092.0,70.0,2.0,145866.0,0.8153578909114003,779.0,82.0,0.0,82.0,137.0,0.0,137.0,164.0,308.0,63.0,15.0,34.0,9.0,19.0,0.0,5.0,7.0,61.0,176.0,209.0,17.0,4.0,4.0,0.0,0.0,0.0,0.0,0.0,0.0,0.0,8.0,0.0,0.0,0.0,5.0,0.0,0.0,2.0,1.0,0.0,8.0,0.0,0.0,0.0,0.0,0.0,0.0,0.0,0.0,0.0,0.0,0.0,0.0,0.0,0.0,0.0,0.0,0.0,0.0,4.0,8.0,7.0,2.0,3.0,18.0,9.0,18.0,11.0,13.0,22.0,20.0,0.0,0.0,0.0,0.0,0.0,0.0,0.0,0.0,0.0,0.0,0.0,0.0,0.0,0.0,0.0,0.0,0.0,0.0,8.0,11.0,7.0,3.0,3.0,29.0,15.0,25.0,12.0,17.0,30.0,33.0
334,1.0,334.0,London_141,cons,151,453,1092.0,70.0,2.0,145866.0,0.7745855120010674,779.0,120.0,2.0,118.0,214.0,19.0,195.0,131.0,315.0,61.0,16.0,34.0,9.0,16.0,1.0,1.0,7.0,63.0,189.0,194.0,18.0,4.0,4.0,0.0,0.0,0.0,0.0,0.0,0.0,0.0,37.0,0.0,8.0,0.0,23.0,0.0,3.0,0.0,3.0,1.0,36.0,0.0,0.0,0.0,0.0,0.0,0.0,0.0,0.0,0.0,0.0,0.0,0.0,0.0,0.0,0.0,0.0,0.0,0.0,4.0,4.0,6.0,0.0,11.0,18.0,12.0,8.0,12.0,15.0,22.0,15.0,0.0,0.0,0.0,0.0,0.0,0.0,0.0,0.0,0.0,0.0,0.0,0.0,0.0,0.0,0.0,0.0,0.0,0.0,5.0,5.0,7.0,0.0,11.0,24.0,15.0,8.0,15.0,25.0,34.0,19.0
335,1.0,335.0,London_141,cons,151,453,1092.0,70.0,2.0,137259.0,0.700145788025111,760.0,15.0,0.0,15.0,27.0,0.0,27.0,158.0,307.0,63.0,13.0,57.0,2.0,6.0,0.0,5.0,8.0,66.0,192.0,187.0,28.0,8.0,8.0,0.0,0.0,0.0,0.0,0.0,0.0,0.0,0.0,0.0,0.0,0.0,0.0,0.0,0.0,0.0,0.0,0.0,0.0,0.0,0.0,0.0,0.0,0.0,0.0,0.0,0.0,0.0,0.0,0.0,0.0,0.0,0.0,0.0,0.0,0.0,0.0,0.0,4.0,1.0,0.0,1.0,5.0,2.0,3.0,4.0,1.0,3.0,4.0,0.0,0.0,0.0,0.0,0.0,0.0,0.0,0.0,0.0,0.0,0.0,0.0,0.0,0.0,0.0,0.0,0.0,0.0,0.0,7.0,1.0,0.0,2.0,6.0,2.0,4.0,4.0,1.0,4.0,5.0
336,1.0,336.0,London_141,cons,151,453,1092.0,70.0,2.0,160815.0,0.862233264837414,812.0,63.0,0.0,63.0,117.0,0.0,117.0,35.0,302.0,68.0,10.0,60.0,4.0,6.0,0.0,3.0,7.0,69.0,190.0,187.0,26.0,1.0,1.0,0.0,0.0,0.0,0.0,0.0,0.0,0.0,8.0,0.0,0.0,4.0,0.0,0.0,1.0,2.0,1.0,0.0,8.0,0.0,0.0,0.0,0.0,0.0,0.0,0.0,0.0,0.0,0.0,0.0,0.0,0.0,0.0,0.0,0.0,0.0,0.0,4.0,7.0,7.0,3.0,5.0,5.0,7.0,9.0,13.0,11.0,13.0,12.0,0.0,0.0,0.0,0.0,0.0,0.0,0.0,0.0,0.0,0.0,0.0,0.0,0.0,0.0,0.0,0.0,0.0,0.0,4.0,10.0,7.0,4.0,5.0,12.0,10.0,12.0,19.0,17.0,20.0,15.0
337,1.0,337.0,London_141,cons,151,453,1092.0,70.0,2.0,171687.0,0.9425274753011763,836.0,95.0,0.0,95.0,159.0,0.0,159.0,106.0,308.0,75.0,11.0,52.0,0.0,5.0,1.0,1.0,10.0,65.0,188.0,190.0,24.0,13.0,13.0,0.0,0.0,0.0,0.0,0.0,0.0,0.0,14.0,0.0,0.0,2.0,0.0,2.0,7.0,1.0,2.0,0.0,14.0,0.0,0.0,0.0,0.0,0.0,0.0,0.0,0.0,0.0,0.0,0.0,0.0,0.0,0.0,0.0,0.0,0.0,0.0,8.0,14.0,6.0,1.0,3.0,14.0,8.0,9.0,15.0,13.0,19.0,18.0,0.0,0.0,0.0,0.0,0.0,0.0,0.0,0.0,0.0,0.0,0.0,0.0,0.0,0.0,0.0,0.0,0.0,0.0,10.0,17.0,6.0,2.0,3.0,18.0,11.0,13.0,20.0,19.0,30.0,22.0
338,1.0,338.0,London_141,cons,151,453,1092.0,70.0,2.0,161721.0,1.3904650090262294,814.0,111.0,2.0,109.0,209.0,17.0,192.0,151.0,293.0,69.0,14.0,58.0,1.0,12.0,0.0,6.0,7.0,66.0,182.0,198.0,20.0,7.0,7.0,0.0,0.0,0.0,0.0,0.0,0.0,0.0,27.0,0.0,2.0,7.0,10.0,2.0,4.0,1.0,1.0,1.0,26.0,0.0,0.0,0.0,0.0,0.0,0.0,0.0,0.0,1.0,0.0,0.0,0.0,1.0,0.0,1.0,0.0,0.0,0.0,4.0,1.0,3.0,0.0,2.0,13.0,10.0,11.0,5.0,14.0,20.0,10.0,0.0,0.0,0.0,0.0,0.0,0.0,0.0,0.0,2.0,0.0,0.0,0.0,10.0,0.0,1.0,0.0,0.0,0.0,5.0,1.0,6.0,0.0,2.0,18.0,15.0,17.0,7.0,19.0,32.0,13.0
339,1.0,339.0,London_141,cons,151,453,1092.0,70.0,2.0,136806.0,0.7256059814244509,759.0,102.0,2.0,100.0,194.0,18.0,176.0,178.0,293.0,75.0,11.0,44.0,4.0,19.0,1.0,6.0,12.0,67.0,183.0,191.0,26.0,1.0,1.0,0.0,0.0,0.0,0.0,0.0,0.0,0.0,17.0,0.0,0.0,3.0,12.0,0.0,0.0,2.0,0.0,2.0,15.0,0.0,0.0,0.0,0.0,0.0,0.0,0.0,0.0,0.0,0.0,0.0,0.0,0.0,0.0,0.0,0.0,0.0,0.0,3.0,12.0,3.0,0.0,4.0,19.0,16.0,11.0,24.0,18.0,24.0,16.0,0.0,0.0,0.0,0.0,0.0,0.0,0.0,0.0,0.0,0.0,0.0,0.0,0.0,0.0,0.0,0.0,0.0,0.0,3.0,15.0,4.0,0.0,4.0,27.0,29.0,12.0,30.0,26.0,40.0,29.0
340,1.0,340.0,London_141,cons,151,453,1092.0,70.0,2.0,115968.0,0.8485529888421297,713.0,107.0,0.0,107.0,192.0,0.0,192.0,157.0,284.0,72.0,12.0,49.0,7.0,24.0,0.0,5.0,6.0,69.0,193.0,185.0,24.0,0.0,0.0,0.0,0.0,0.0,0.0,0.0,0.0,0.0,18.0,0.0,0.0,0.0,16.0,0.0,0.0,1.0,1.0,0.0,18.0,0.0,0.0,0.0,0.0,0.0,0.0,0.0,0.0,0.0,0.0,0.0,0.0,0.0,0.0,0.0,0.0,0.0,0.0,5.0,10.0,5.0,0.0,2.0,23.0,11.0,15.0,13.0,23.0,22.0,25.0,0.0,0.0,0.0,0.0,0.0,0.0,0.0,0.0,0.0,0.0,0.0,0.0,0.0,0.0,0.0,0.0,0.0,0.0,6.0,13.0,5.0,0.0,2.0,30.0,16.0,20.0,19.0,36.0,31.0,34.0
341,1.0,341.0,London_141,cons,151,453,1092.0,70.0,2.0,85617.0,0.5067677549086511,646.0,82.0,2.0,80.0,158.0,19.0,139.0,163.0,275.0,81.0,14.0,49.0,8.0,21.0,0.0,5.0,7.0,68.0,177.0,201.0,28.0,2.0,2.0,0.0,0.0,0.0,0.0,0.0,0.0,0.0,5.0,0.0,0.0,0.0,2.0,1.0,1.0,0.0,1.0,2.0,3.0,0.0,0.0,0.0,0.0,0.0,0.0,0.0,0.0,1.0,0.0,0.0,2.0,0.0,0.0,1.0,0.0,0.0,0.0,5.0,7.0,2.0,0.0,3.0,8.0,5.0,4.0,5.0,10.0,18.0,18.0,0.0,0.0,0.0,0.0,0.0,0.0,0.0,0.0,1.0,0.0,0.0,2.0,0.0,0.0,1.0,0.0,0.0,0.0,7.0,10.0,2.0,0.0,3.0,9.0,9.0,6.0,7.0,18.0,24.0,23.0
342,1.0,342.0,London_141,cons,151,453,1092.0,70.0,2.0,79275.0,0.3931325771845877,632.0,17.0,1.0,16.0,34.0,9.0,25.0,140.0,286.0,70.0,20.0,38.0,4.0,30.0,0.0,5.0,13.0,75.0,187.0,178.0,27.0,0.0,0.0,0.0,0.0,0.0,0.0,0.0,0.0,0.0,0.0,0.0,0.0,0.0,0.0,0.0,0.0,0.0,0.0,0.0,0.0,0.0,0.0,0.0,0.0,0.0,0.0,0.0,0.0,0.0,0.0,0.0,0.0,0.0,1.0,1.0,0.0,0.0,0.0,0.0,0.0,0.0,1.0,1.0,0.0,2.0,0.0,3.0,4.0,4.0,5.0,0.0,0.0,0.0,0.0,0.0,0.0,0.0,0.0,0.0,0.0,0.0,0.0,0.0,7.0,5.0,0.0,0.0,0.0,0.0,0.0,0.0,1.0,1.0,0.0,3.0,0.0,4.0,6.0,6.0,7.0
343,1.0,343.0,London_141,cons,151,453,1092.0,70.0,2.0,110985.0,0.5365434191189706,702.0,61.0,0.0,61.0,104.0,0.0,104.0,35.0,287.0,69.0,26.0,40.0,3.0,22.0,1.0,5.0,13.0,80.0,179.0,181.0,27.0,2.0,2.0,0.0,0.0,0.0,0.0,0.0,0.0,0.0,3.0,0.0,0.0,0.0,3.0,0.0,0.0,0.0,0.0,0.0,3.0,0.0,0.0,0.0,0.0,0.0,0.0,0.0,0.0,0.0,0.0,0.0,0.0,0.0,0.0,0.0,0.0,0.0,0.0,1.0,7.0,5.0,2.0,0.0,7.0,7.0,8.0,8.0,11.0,17.0,21.0,0.0,0.0,0.0,0.0,0.0,0.0,0.0,0.0,0.0,0.0,0.0,0.0,0.0,0.0,0.0,0.0,0.0,0.0,2.0,13.0,6.0,3.0,0.0,11.0,8.0,11.0,10.0,14.0,27.0,25.0
344,1.0,344.0,London_141,cons,151,453,1092.0,70.0,2.0,124122.0,0.623786240350455,731.0,4.0,0.0,4.0,7.0,0.0,7.0,101.0,285.0,69.0,27.0,33.0,6.0,25.0,2.0,6.0,8.0,77.0,186.0,182.0,23.0,8.0,8.0,0.0,0.0,0.0,0.0,0.0,0.0,0.0,0.0,0.0,0.0,0.0,0.0,0.0,0.0,0.0,0.0,0.0,0.0,0.0,0.0,0.0,0.0,0.0,0.0,0.0,0.0,0.0,0.0,0.0,0.0,0.0,0.0,0.0,0.0,0.0,0.0,0.0,0.0,0.0,0.0,0.0,0.0,0.0,1.0,1.0,1.0,1.0,3.0,0.0,0.0,0.0,0.0,0.0,0.0,0.0,0.0,0.0,0.0,0.0,0.0,0.0,0.0,0.0,0.0,0.0,0.0,0.0,0.0,0.0,0.0,0.0,0.0,0.0,2.0,1.0,1.0,2.0,3.0
345,1.0,345.0,London_141,cons,151,453,1092.0,70.0,2.0,176217.0,0.9483930519782007,846.0,76.0,1.0,75.0,137.0,10.0,127.0,15.0,277.0,80.0,27.0,29.0,6.0,25.0,2.0,7.0,8.0,78.0,180.0,187.0,23.0,3.0,3.0,0.0,0.0,0.0,0.0,0.0,0.0,0.0,16.0,0.0,1.0,0.0,15.0,0.0,0.0,0.0,0.0,1.0,15.0,0.0,0.0,0.0,0.0,0.0,0.0,0.0,0.0,0.0,1.0,0.0,0.0,0.0,1.0,0.0,0.0,0.0,0.0,0.0,1.0,0.0,0.0,3.0,1.0,5.0,4.0,3.0,10.0,20.0,9.0,0.0,0.0,0.0,0.0,0.0,0.0,0.0,0.0,0.0,5.0,0.0,0.0,0.0,10.0,0.0,0.0,0.0,0.0,0.0,1.0,0.0,0.0,4.0,1.0,6.0,5.0,4.0,16.0,29.0,11.0
346,1.0,346.0,London_141,cons,151,453,1092.0,70.0,2.0,190713.0,1.0159475510008633,878.0,22.0,0.0,22.0,41.0,0.0,41.0,111.0,275.0,75.0,26.0,37.0,11.0,20.0,2.0,7.0,6.0,83.0,177.0,187.0,23.0,1.0,1.0,0.0,0.0,0.0,0.0,0.0,0.0,0.0,0.0,0.0,0.0,0.0,0.0,0.0,0.0,0.0,0.0,0.0,0.0,0.0,0.0,0.0,0.0,0.0,0.0,0.0,0.0,0.0,0.0,0.0,0.0,0.0,0.0,0.0,0.0,0.0,0.0,3.0,3.0,1.0,0.0,1.0,3.0,2.0,2.0,4.0,2.0,8.0,4.0,0.0,0.0,0.0,0.0,0.0,0.0,0.0,0.0,0.0,0.0,0.0,0.0,0.0,0.0,0.0,0.0,0.0,0.0,4.0,4.0,1.0,0.0,1.0,7.0,2.0,3.0,6.0,3.0,10.0,5.0
347,1.0,347.0,London_141,cons,151,453,1092.0,70.0,2.0,230577.0,1.3270791699178517,966.0,51.0,2.0,49.0,89.0,17.0,72.0,42.0,280.0,68.0,29.0,35.0,12.0,22.0,2.0,5.0,8.0,81.0,189.0,175.0,27.0,5.0,5.0,0.0,0.0,0.0,0.0,0.0,0.0,0.0,3.0,0.0,2.0,0.0,1.0,0.0,0.0,0.0,0.0,2.0,1.0,0.0,0.0,0.0,0.0,0.0,0.0,0.0,0.0,1.0,0.0,0.0,0.0,0.0,0.0,1.0,0.0,0.0,0.0,0.0,7.0,1.0,0.0,1.0,2.0,3.0,6.0,3.0,11.0,8.0,6.0,0.0,0.0,0.0,0.0,0.0,0.0,0.0,0.0,2.0,0.0,0.0,0.0,0.0,0.0,3.0,0.0,0.0,0.0,0.0,11.0,1.0,0.0,1.0,3.0,3.0,11.0,4.0,13.0,10.0,10.0
348,1.0,348.0,London_141,cons,151,453,1092.0,70.0,2.0,265458.0,2.9386409469880164,1043.0,211.0,1.0,210.0,374.0,12.0,362.0,84.0,282.0,66.0,34.0,26.0,13.0,24.0,3.0,5.0,6.0,75.0,190.0,182.0,11.0,1.0,1.0,0.0,0.0,0.0,0.0,0.0,0.0,0.0,106.0,0.0,39.0,0.0,59.0,0.0,1.0,0.0,7.0,1.0,105.0,0.0,0.0,0.0,0.0,0.0,0.0,0.0,0.0,1.0,0.0,0.0,1.0,0.0,0.0,0.0,0.0,0.0,0.0,3.0,0.0,5.0,0.0,1.0,1.0,9.0,3.0,7.0,20.0,29.0,17.0,0.0,0.0,0.0,0.0,0.0,0.0,0.0,0.0,1.0,0.0,0.0,3.0,0.0,0.0,0.0,0.0,0.0,0.0,5.0,0.0,5.0,0.0,1.0,1.0,14.0,3.0,10.0,28.0,39.0,22.0
349,1.0,349.0,London_141,cons,151,453,1092.0,70.0,2.0,215175.0,1.5689389053732157,932.0,165.0,2.0,163.0,306.0,19.0,287.0,194.0,271.0,74.0,20.0,61.0,6.0,18.0,0.0,3.0,7.0,91.0,168.0,187.0,28.0,4.0,4.0,0.0,0.0,0.0,0.0,0.0,0.0,0.0,58.0,0.0,17.0,0.0,34.0,2.0,2.0,1.0,2.0,2.0,56.0,0.0,0.0,0.0,0.0,0.0,0.0,0.0,0.0,0.0,0.0,0.0,0.0,0.0,0.0,0.0,0.0,0.0,0.0,12.0,7.0,9.0,7.0,2.0,28.0,15.0,16.0,25.0,25.0,30.0,32.0,0.0,0.0,0.0,0.0,0.0,0.0,0.0,0.0,0.0,0.0,0.0,0.0,0.0,0.0,0.0,0.0,0.0,0.0,14.0,9.0,11.0,9.0,2.0,40.0,22.0,23.0,33.0,37.0,41.0,44.0
350,1.0,350.0,London_141,cons,151,453,1092.0,70.0,2.0,174405.0,1.0815217019990087,842.0,83.0,0.0,83.0,150.0,0.0,150.0,207.0,271.0,78.0,13.0,60.0,5.0,22.0,1.0,3.0,5.0,87.0,169.0,192.0,19.0,0.0,0.0,0.0,0.0,0.0,0.0,0.0,0.0,0.0,10.0,0.0,0.0,5.0,0.0,2.0,0.0,1.0,2.0,0.0,10.0,0.0,0.0,0.0,0.0,0.0,0.0,0.0,0.0,0.0,0.0,0.0,0.0,0.0,0.0,0.0,0.0,0.0,0.0,7.0,9.0,2.0,0.0,6.0,22.0,7.0,16.0,13.0,15.0,17.0,25.0,0.0,0.0,0.0,0.0,0.0,0.0,0.0,0.0,0.0,0.0,0.0,0.0,0.0,0.0,0.0,0.0,0.0,0.0,10.0,10.0,2.0,0.0,7.0,26.0,9.0,25.0,20.0,24.0,30.0,36.0
351,1.0,351.0,London_141,cons,151,453,1092.0,70.0,2.0,178029.0,1.11995113408193,850.0,140.0,0.0,140.0,237.0,0.0,237.0,134.0,281.0,80.0,6.0,48.0,4.0,29.0,2.0,3.0,11.0,83.0,187.0,172.0,37.0,0.0,0.0,0.0,0.0,0.0,0.0,0.0,0.0,0.0,49.0,0.0,0.0,13.0,33.0,0.0,0.0,0.0,3.0,0.0,49.0,0.0,0.0,0.0,0.0,0.0,0.0,0.0,0.0,0.0,0.0,0.0,0.0,0.0,0.0,0.0,0.0,0.0,0.0,4.0,11.0,5.0,3.0,7.0,5.0,9.0,11.0,17.0,20.0,23.0,22.0,0.0,0.0,0.0,0.0,0.0,0.0,0.0,0.0,0.0,0.0,0.0,0.0,0.0,0.0,0.0,0.0,0.0,0.0,4.0,14.0,5.0,3.0,7.0,6.0,10.0,13.0,21.0,28.0,29.0,32.0
352,1.0,352.0,London_141,cons,151,453,1092.0,70.0,2.0,144960.0,0.9302348559722304,777.0,137.0,1.0,136.0,253.0,9.0,244.0,171.0,281.0,62.0,13.0,54.0,9.0,31.0,1.0,2.0,8.0,77.0,189.0,179.0,26.0,2.0,2.0,0.0,0.0,0.0,0.0,0.0,0.0,0.0,43.0,0.0,17.0,1.0,19.0,0.0,0.0,2.0,4.0,0.0,43.0,0.0,0.0,0.0,0.0,0.0,0.0,0.0,0.0,0.0,0.0,0.0,0.0,1.0,0.0,1.0,0.0,0.0,0.0,8.0,7.0,5.0,2.0,4.0,18.0,14.0,15.0,18.0,21.0,23.0,24.0,0.0,0.0,0.0,0.0,0.0,0.0,0.0,0.0,0.0,0.0,0.0,0.0,8.0,0.0,3.0,0.0,0.0,0.0,10.0,8.0,6.0,3.0,4.0,23.0,17.0,19.0,25.0,31.0,32.0,35.0
353,1.0,353.0,London_141,cons,151,453,1092.0,70.0,2.0,108720.0,0.5271438821218908,697.0,39.0,0.0,39.0,63.0,0.0,63.0,190.0,284.0,63.0,14.0,66.0,5.0,14.0,2.0,5.0,8.0,91.0,174.0,180.0,25.0,2.0,2.0,0.0,0.0,0.0,0.0,0.0,0.0,0.0,0.0,0.0,0.0,0.0,0.0,0.0,0.0,0.0,0.0,0.0,0.0,0.0,0.0,0.0,0.0,0.0,0.0,0.0,0.0,0.0,0.0,0.0,0.0,0.0,0.0,0.0,0.0,0.0,0.0,3.0,3.0,2.0,0.0,2.0,8.0,5.0,5.0,6.0,8.0,9.0,10.0,0.0,0.0,0.0,0.0,0.0,0.0,0.0,0.0,0.0,0.0,0.0,0.0,0.0,0.0,0.0,0.0,0.0,0.0,4.0,4.0,2.0,0.0,2.0,8.0,7.0,7.0,8.0,13.0,12.0,14.0
354,1.0,354.0,London_141,cons,151,453,1092.0,70.0,2.0,124575.0,0.6479497151449323,732.0,102.0,2.0,100.0,202.0,20.0,182.0,65.0,288.0,76.0,9.0,56.0,4.0,11.0,2.0,7.0,7.0,91.0,171.0,184.0,27.0,1.0,1.0,0.0,0.0,0.0,0.0,0.0,0.0,0.0,15.0,0.0,0.0,2.0,7.0,0.0,4.0,0.0,2.0,2.0,13.0,0.0,0.0,0.0,0.0,0.0,0.0,0.0,0.0,0.0,1.0,0.0,0.0,0.0,1.0,0.0,0.0,0.0,0.0,6.0,9.0,5.0,2.0,6.0,18.0,6.0,14.0,18.0,16.0,19.0,27.0,0.0,0.0,0.0,0.0,0.0,0.0,0.0,0.0,0.0,1.0,0.0,0.0,0.0,1.0,0.0,0.0,0.0,0.0,7.0,12.0,5.0,3.0,6.0,23.0,11.0,20.0,25.0,26.0,28.0,41.0
355,1.0,355.0,London_141,cons,151,453,1092.0,70.0,2.0,99207.0,0.49894845159724355,676.0,57.0,2.0,55.0,117.0,20.0,97.0,163.0,294.0,63.0,18.0,60.0,4.0,9.0,0.0,5.0,5.0,100.0,167.0,181.0,28.0,2.0,2.0,0.0,0.0,0.0,0.0,0.0,0.0,0.0,3.0,0.0,0.0,0.0,0.0,0.0,2.0,1.0,0.0,2.0,1.0,0.0,0.0,0.0,0.0,0.0,0.0,0.0,0.0,1.0,0.0,0.0,0.0,0.0,0.0,1.0,0.0,0.0,0.0,2.0,6.0,1.0,1.0,1.0,14.0,7.0,10.0,10.0,13.0,13.0,13.0,0.0,0.0,0.0,0.0,0.0,0.0,0.0,0.0,1.0,0.0,0.0,0.0,0.0,0.0,3.0,0.0,0.0,0.0,2.0,7.0,1.0,1.0,1.0,18.0,13.0,15.0,13.0,23.0,18.0,20.0
356,1.0,356.0,London_141,cons,151,453,1092.0,70.0,2.0,98754.0,0.5090034292079508,675.0,15.0,1.0,14.0,37.0,10.0,27.0,101.0,299.0,60.0,14.0,49.0,3.0,23.0,1.0,4.0,7.0,100.0,176.0,170.0,25.0,2.0,2.0,0.0,0.0,0.0,0.0,0.0,0.0,0.0,1.0,0.0,0.0,0.0,1.0,0.0,0.0,0.0,0.0,1.0,0.0,0.0,0.0,0.0,0.0,0.0,0.0,0.0,0.0,1.0,0.0,0.0,0.0,0.0,1.0,1.0,0.0,0.0,0.0,0.0,0.0,0.0,0.0,1.0,0.0,2.0,1.0,1.0,3.0,2.0,2.0,0.0,0.0,0.0,0.0,0.0,0.0,0.0,0.0,3.0,0.0,0.0,0.0,0.0,3.0,4.0,0.0,0.0,0.0,0.0,0.0,0.0,0.0,1.0,0.0,3.0,2.0,1.0,5.0,3.0,3.0
357,1.0,357.0,London_141,cons,151,453,1092.0,70.0,2.0,136806.0,1.2683107634074986,759.0,69.0,2.0,67.0,151.0,18.0,133.0,34.0,301.0,63.0,15.0,44.0,5.0,25.0,0.0,0.0,4.0,100.0,170.0,179.0,22.0,5.0,5.0,0.0,0.0,0.0,0.0,0.0,0.0,0.0,6.0,0.0,0.0,0.0,1.0,0.0,1.0,0.0,4.0,2.0,4.0,0.0,0.0,0.0,0.0,0.0,0.0,0.0,0.0,1.0,0.0,0.0,1.0,0.0,1.0,1.0,0.0,0.0,0.0,2.0,2.0,0.0,2.0,1.0,9.0,9.0,10.0,3.0,11.0,18.0,16.0,0.0,0.0,0.0,0.0,0.0,0.0,0.0,0.0,1.0,0.0,0.0,4.0,0.0,2.0,1.0,0.0,0.0,0.0,2.0,4.0,0.0,5.0,1.0,9.0,10.0,17.0,3.0,18.0,35.0,19.0
358,1.0,358.0,London_141,cons,151,453,1092.0,70.0,2.0,135900.0,0.9893190958537161,757.0,47.0,0.0,47.0,73.0,0.0,73.0,136.0,318.0,57.0,10.0,43.0,4.0,17.0,1.0,3.0,6.0,89.0,171.0,187.0,21.0,0.0,0.0,0.0,0.0,0.0,0.0,0.0,0.0,0.0,4.0,0.0,0.0,4.0,0.0,0.0,0.0,0.0,0.0,0.0,4.0,0.0,0.0,0.0,0.0,0.0,0.0,0.0,0.0,0.0,0.0,0.0,0.0,0.0,0.0,0.0,0.0,0.0,0.0,6.0,8.0,4.0,0.0,1.0,11.0,9.0,4.0,6.0,7.0,12.0,12.0,0.0,0.0,0.0,0.0,0.0,0.0,0.0,0.0,0.0,0.0,0.0,0.0,0.0,0.0,0.0,0.0,0.0,0.0,6.0,12.0,5.0,0.0,1.0,14.0,12.0,5.0,7.0,10.0,14.0,15.0
359,1.0,359.0,London_141,cons,151,453,1092.0,70.0,2.0,161268.0,0.9849054669030011,813.0,99.0,2.0,97.0,182.0,20.0,162.0,71.0,326.0,59.0,4.0,38.0,5.0,20.0,0.0,1.0,7.0,93.0,173.0,180.0,28.0,7.0,7.0,0.0,0.0,0.0,0.0,0.0,0.0,0.0,22.0,0.0,0.0,5.0,10.0,0.0,1.0,1.0,5.0,2.0,20.0,0.0,0.0,0.0,0.0,0.0,0.0,0.0,0.0,1.0,0.0,0.0,0.0,0.0,1.0,1.0,0.0,0.0,0.0,9.0,2.0,1.0,1.0,3.0,3.0,4.0,2.0,8.0,17.0,26.0,16.0,0.0,0.0,0.0,0.0,0.0,0.0,0.0,0.0,2.0,0.0,0.0,0.0,0.0,4.0,2.0,0.0,0.0,0.0,11.0,2.0,2.0,4.0,3.0,5.0,6.0,2.0,13.0,24.0,39.0,21.0
360,1.0,360.0,London_141,cons,151,453,1092.0,70.0,2.0,163080.0,0.9896865398623049,817.0,85.0,0.0,85.0,147.0,0.0,147.0,146.0,321.0,67.0,12.0,37.0,2.0,11.0,0.0,3.0,8.0,92.0,165.0,188.0,23.0,3.0,3.0,0.0,0.0,0.0,0.0,0.0,0.0,0.0,11.0,0.0,0.0,0.0,10.0,0.0,0.0,1.0,0.0,0.0,11.0,0.0,0.0,0.0,0.0,0.0,0.0,0.0,0.0,0.0,0.0,0.0,0.0,0.0,0.0,0.0,0.0,0.0,0.0,7.0,13.0,2.0,2.0,3.0,6.0,15.0,14.0,12.0,14.0,23.0,19.0,0.0,0.0,0.0,0.0,0.0,0.0,0.0,0.0,0.0,0.0,0.0,0.0,0.0,0.0,0.0,0.0,0.0,0.0,7.0,17.0,2.0,3.0,3.0,8.0,22.0,22.0,17.0,18.0,36.0,22.0
361,1.0,361.0,London_141,cons,151,453,1092.0,70.0,2.0,159909.0,0.9663639049977064,810.0,96.0,0.0,96.0,167.0,0.0,167.0,129.0,329.0,48.0,21.0,35.0,5.0,13.0,1.0,1.0,1.0,95.0,170.0,187.0,16.0,1.0,1.0,0.0,0.0,0.0,0.0,0.0,0.0,0.0,26.0,0.0,2.0,0.0,22.0,0.0,0.0,0.0,2.0,0.0,26.0,0.0,0.0,0.0,0.0,0.0,0.0,0.0,0.0,0.0,0.0,0.0,0.0,0.0,0.0,0.0,0.0,0.0,0.0,9.0,11.0,3.0,1.0,2.0,11.0,13.0,12.0,13.0,20.0,18.0,23.0,0.0,0.0,0.0,0.0,0.0,0.0,0.0,0.0,0.0,0.0,0.0,0.0,0.0,0.0,0.0,0.0,0.0,0.0,11.0,14.0,3.0,1.0,2.0,13.0,23.0,15.0,19.0,29.0,23.0,31.0
362,1.0,362.0,London_141,cons,151,453,1092.0,70.0,2.0,152661.0,0.8944945959374309,794.0,85.0,2.0,83.0,172.0,17.0,155.0,125.0,326.0,46.0,23.0,34.0,7.0,16.0,0.0,1.0,4.0,94.0,171.0,184.0,20.0,4.0,4.0,0.0,0.0,0.0,0.0,0.0,0.0,0.0,38.0,0.0,18.0,0.0,16.0,0.0,0.0,0.0,4.0,1.0,37.0,0.0,0.0,0.0,0.0,0.0,0.0,0.0,0.0,0.0,0.0,0.0,0.0,0.0,0.0,1.0,0.0,0.0,0.0,8.0,7.0,5.0,2.0,3.0,13.0,9.0,13.0,13.0,10.0,11.0,19.0,0.0,0.0,0.0,0.0,0.0,0.0,0.0,0.0,0.0,0.0,0.0,0.0,0.0,0.0,1.0,0.0,0.0,0.0,8.0,9.0,5.0,2.0,4.0,16.0,14.0,17.0,19.0,17.0,17.0,24.0
363,1.0,363.0,London_141,cons,151,453,1092.0,70.0,2.0,151302.0,1.6974640819244087,791.0,94.0,0.0,94.0,162.0,0.0,162.0,117.0,324.0,41.0,21.0,32.0,5.0,26.0,2.0,2.0,4.0,97.0,161.0,191.0,11.0,5.0,5.0,0.0,0.0,0.0,0.0,0.0,0.0,0.0,28.0,0.0,6.0,0.0,20.0,0.0,0.0,0.0,2.0,0.0,28.0,0.0,0.0,0.0,0.0,0.0,0.0,0.0,0.0,0.0,0.0,0.0,0.0,0.0,0.0,0.0,0.0,0.0,0.0,5.0,8.0,5.0,1.0,3.0,19.0,10.0,8.0,13.0,14.0,22.0,16.0,0.0,0.0,0.0,0.0,0.0,0.0,0.0,0.0,0.0,0.0,0.0,0.0,0.0,0.0,0.0,0.0,0.0,0.0,8.0,10.0,5.0,2.0,4.0,23.0,12.0,12.0,16.0,18.0,32.0,20.0
364,1.0,364.0,London_141,cons,151,453,1092.0,70.0,2.0,152208.0,1.0016319500282407,793.0,44.0,2.0,42.0,91.0,17.0,74.0,121.0,318.0,50.0,21.0,36.0,5.0,22.0,0.0,1.0,4.0,100.0,163.0,186.0,23.0,0.0,0.0,0.0,0.0,0.0,0.0,0.0,0.0,0.0,2.0,0.0,0.0,0.0,1.0,0.0,1.0,0.0,0.0,2.0,0.0,0.0,0.0,0.0,0.0,0.0,0.0,0.0,0.0,0.0,0.0,0.0,1.0,1.0,0.0,1.0,0.0,0.0,0.0,1.0,2.0,0.0,2.0,1.0,7.0,1.0,2.0,5.0,8.0,10.0,8.0,0.0,0.0,0.0,0.0,0.0,0.0,0.0,0.0,0.0,0.0,0.0,4.0,5.0,0.0,3.0,0.0,0.0,0.0,1.0,3.0,0.0,4.0,1.0,10.0,2.0,4.0,7.0,11.0,17.0,9.0
365,1.0,365.0,London_141,cons,151,453,1092.0,70.0,2.0,168063.0,0.9053023140877485,828.0,152.0,0.0,152.0,255.0,0.0,255.0,80.0,320.0,58.0,24.0,23.0,5.0,21.0,0.0,2.0,3.0,96.0,167.0,187.0,23.0,0.0,0.0,0.0,0.0,0.0,0.0,0.0,0.0,0.0,76.0,0.0,22.0,0.0,50.0,0.0,1.0,0.0,3.0,0.0,76.0,0.0,0.0,0.0,0.0,0.0,0.0,0.0,0.0,0.0,0.0,0.0,0.0,0.0,0.0,0.0,0.0,0.0,0.0,7.0,11.0,1.0,0.0,6.0,16.0,14.0,10.0,17.0,15.0,21.0,26.0,0.0,0.0,0.0,0.0,0.0,0.0,0.0,0.0,0.0,0.0,0.0,0.0,0.0,0.0,0.0,0.0,0.0,0.0,8.0,16.0,1.0,0.0,6.0,22.0,19.0,19.0,21.0,20.0,27.0,33.0
366,1.0,366.0,London_141,cons,151,453,1092.0,70.0,2.0,140430.0,0.8027222040109336,767.0,38.0,1.0,37.0,74.0,8.0,66.0,146.0,312.0,59.0,19.0,44.0,2.0,11.0,0.0,6.0,3.0,88.0,171.0,191.0,16.0,3.0,3.0,0.0,0.0,0.0,0.0,0.0,0.0,0.0,2.0,0.0,0.0,0.0,0.0,1.0,1.0,0.0,0.0,1.0,1.0,0.0,0.0,0.0,0.0,0.0,0.0,0.0,0.0,1.0,0.0,0.0,0.0,0.0,1.0,0.0,0.0,0.0,0.0,0.0,0.0,0.0,0.0,0.0,4.0,2.0,0.0,2.0,6.0,11.0,5.0,0.0,0.0,0.0,0.0,0.0,0.0,0.0,0.0,3.0,0.0,0.0,0.0,0.0,4.0,0.0,0.0,0.0,0.0,0.0,0.0,0.0,0.0,0.0,7.0,5.0,0.0,3.0,9.0,16.0,8.0
367,1.0,367.0,London_141,cons,151,453,1092.0,70.0,2.0,157644.0,0.8989356113597751,805.0,96.0,2.0,94.0,183.0,18.0,165.0,73.0,311.0,63.0,23.0,37.0,1.0,11.0,1.0,6.0,5.0,89.0,160.0,199.0,25.0,4.0,4.0,0.0,0.0,0.0,0.0,0.0,0.0,0.0,25.0,0.0,0.0,0.0,22.0,2.0,0.0,0.0,1.0,2.0,23.0,0.0,0.0,0.0,0.0,0.0,0.0,0.0,0.0,0.0,0.0,0.0,0.0,1.0,1.0,1.0,0.0,0.0,0.0,5.0,4.0,3.0,1.0,5.0,16.0,10.0,11.0,12.0,12.0,12.0,20.0,0.0,0.0,0.0,0.0,0.0,0.0,0.0,0.0,0.0,0.0,0.0,0.0,1.0,1.0,1.0,0.0,0.0,0.0,8.0,5.0,4.0,1.0,5.0,22.0,15.0,13.0,21.0,21.0,17.0,26.0
368,1.0,368.0,London_141,cons,151,453,1092.0,70.0,2.0,156738.0,0.8709382889792323,803.0,102.0,0.0,102.0,189.0,0.0,189.0,133.0,300.0,60.0,23.0,50.0,4.0,12.0,1.0,3.0,4.0,90.0,165.0,194.0,13.0,4.0,4.0,0.0,0.0,0.0,0.0,0.0,0.0,0.0,20.0,0.0,0.0,0.0,15.0,0.0,0.0,0.0,5.0,0.0,20.0,0.0,0.0,0.0,0.0,0.0,0.0,0.0,0.0,0.0,0.0,0.0,0.0,0.0,0.0,0.0,0.0,0.0,0.0,7.0,3.0,2.0,2.0,8.0,14.0,18.0,7.0,23.0,15.0,22.0,21.0,0.0,0.0,0.0,0.0,0.0,0.0,0.0,0.0,0.0,0.0,0.0,0.0,0.0,0.0,0.0,0.0,0.0,0.0,9.0,3.0,2.0,3.0,8.0,18.0,29.0,8.0,40.0,24.0,37.0,34.0
369,1.0,369.0,London_141,cons,151,453,1092.0,70.0,2.0,152208.0,0.8287967890501022,793.0,74.0,2.0,72.0,138.0,19.0,119.0,159.0,312.0,59.0,18.0,44.0,7.0,10.0,1.0,2.0,7.0,94.0,176.0,176.0,14.0,3.0,3.0,0.0,0.0,0.0,0.0,0.0,0.0,0.0,14.0,0.0,1.0,0.0,10.0,0.0,3.0,0.0,0.0,2.0,12.0,0.0,0.0,0.0,0.0,0.0,0.0,0.0,0.0,1.0,0.0,0.0,0.0,0.0,0.0,1.0,0.0,0.0,0.0,1.0,0.0,0.0,0.0,3.0,4.0,2.0,2.0,6.0,11.0,14.0,16.0,0.0,0.0,0.0,0.0,0.0,0.0,0.0,0.0,2.0,0.0,0.0,0.0,0.0,0.0,2.0,0.0,0.0,0.0,1.0,0.0,0.0,0.0,4.0,6.0,3.0,2.0,8.0,18.0,22.0,19.0
370,1.0,370.0,London_141,cons,151,453,1092.0,70.0,2.0,152208.0,0.84773432277143,793.0,78.0,0.0,78.0,131.0,0.0,131.0,114.0,317.0,71.0,19.0,34.0,3.0,6.0,1.0,2.0,2.0,87.0,172.0,192.0,15.0,0.0,0.0,0.0,0.0,0.0,0.0,0.0,0.0,0.0,20.0,0.0,0.0,0.0,15.0,0.0,2.0,0.0,3.0,0.0,20.0,0.0,0.0,0.0,0.0,0.0,0.0,0.0,0.0,0.0,0.0,0.0,0.0,0.0,0.0,0.0,0.0,0.0,0.0,3.0,4.0,7.0,0.0,5.0,11.0,16.0,11.0,16.0,12.0,16.0,19.0,0.0,0.0,0.0,0.0,0.0,0.0,0.0,0.0,0.0,0.0,0.0,0.0,0.0,0.0,0.0,0.0,0.0,0.0,5.0,5.0,10.0,0.0,5.0,14.0,26.0,14.0,26.0,17.0,22.0,24.0
371,1.0,371.0,London_141,cons,151,453,1092.0,70.0,2.0,148584.0,0.7628663247451186,785.0,24.0,0.0,24.0,42.0,0.0,42.0,108.0,318.0,74.0,14.0,33.0,3.0,10.0,0.0,1.0,3.0,97.0,161.0,192.0,19.0,2.0,2.0,0.0,0.0,0.0,0.0,0.0,0.0,0.0,1.0,0.0,0.0,0.0,0.0,0.0,0.0,0.0,1.0,0.0,1.0,0.0,0.0,0.0,0.0,0.0,0.0,0.0,0.0,0.0,0.0,0.0,0.0,0.0,0.0,0.0,0.0,0.0,0.0,2.0,2.0,1.0,0.0,3.0,9.0,4.0,5.0,5.0,5.0,4.0,4.0,0.0,0.0,0.0,0.0,0.0,0.0,0.0,0.0,0.0,0.0,0.0,0.0,0.0,0.0,0.0,0.0,0.0,0.0,3.0,3.0,1.0,0.0,3.0,14.0,4.0,8.0,7.0,9.0,7.0,5.0
372,1.0,372.0,London_141,cons,151,453,1092.0,70.0,2.0,179388.0,1.0424950658343732,853.0,162.0,3.0,159.0,305.0,25.0,280.0,44.0,315.0,88.0,18.0,17.0,4.0,9.0,1.0,1.0,4.0,95.0,167.0,187.0,18.0,3.0,3.0,0.0,0.0,0.0,0.0,0.0,0.0,0.0,76.0,0.0,9.0,0.0,48.0,2.0,15.0,0.0,2.0,3.0,73.0,0.0,0.0,0.0,0.0,0.0,0.0,0.0,0.0,0.0,1.0,0.0,0.0,0.0,1.0,0.0,0.0,0.0,0.0,1.0,2.0,3.0,0.0,3.0,7.0,7.0,9.0,12.0,15.0,21.0,30.0,0.0,0.0,0.0,0.0,0.0,0.0,0.0,0.0,0.0,1.0,0.0,0.0,0.0,1.0,0.0,0.0,0.0,0.0,1.0,2.0,3.0,0.0,3.0,9.0,11.0,11.0,18.0,23.0,28.0,40.0
373,1.0,373.0,London_141,cons,151,453,1092.0,70.0,2.0,139977.0,0.7589576416648924,766.0,94.0,1.0,93.0,168.0,10.0,158.0,162.0,307.0,62.0,19.0,48.0,2.0,12.0,0.0,3.0,9.0,97.0,173.0,174.0,23.0,3.0,3.0,0.0,0.0,0.0,0.0,0.0,0.0,0.0,17.0,0.0,2.0,0.0,13.0,0.0,2.0,0.0,0.0,1.0,16.0,0.0,0.0,0.0,0.0,0.0,0.0,0.0,0.0,1.0,0.0,0.0,1.0,0.0,0.0,1.0,0.0,0.0,0.0,8.0,3.0,2.0,1.0,2.0,10.0,3.0,4.0,6.0,13.0,22.0,11.0,0.0,0.0,0.0,0.0,0.0,0.0,0.0,0.0,1.0,0.0,0.0,3.0,0.0,0.0,1.0,0.0,0.0,0.0,9.0,3.0,2.0,2.0,2.0,13.0,3.0,5.0,6.0,18.0,27.0,14.0
374,1.0,374.0,London_141,cons,151,453,1092.0,70.0,2.0,133182.0,0.6809205929748714,751.0,63.0,1.0,62.0,111.0,7.0,104.0,146.0,311.0,48.0,24.0,50.0,4.0,14.0,0.0,2.0,3.0,100.0,178.0,172.0,19.0,8.0,8.0,0.0,0.0,0.0,0.0,0.0,0.0,0.0,6.0,0.0,0.0,0.0,3.0,0.0,0.0,1.0,2.0,1.0,5.0,0.0,0.0,0.0,0.0,0.0,0.0,0.0,0.0,1.0,0.0,0.0,0.0,0.0,0.0,1.0,0.0,0.0,0.0,7.0,5.0,1.0,3.0,3.0,10.0,3.0,14.0,6.0,9.0,15.0,15.0,0.0,0.0,0.0,0.0,0.0,0.0,0.0,0.0,2.0,0.0,0.0,0.0,0.0,0.0,2.0,0.0,0.0,0.0,10.0,6.0,1.0,6.0,3.0,12.0,6.0,18.0,10.0,15.0,21.0,21.0
375,1.0,375.0,London_141,cons,151,453,1092.0,70.0,2.0,145413.0,0.9339940161444247,778.0,80.0,0.0,80.0,146.0,0.0,146.0,111.0,311.0,65.0,22.0,38.0,1.0,9.0,1.0,6.0,5.0,88.0,177.0,183.0,28.0,7.0,7.0,0.0,0.0,0.0,0.0,0.0,0.0,0.0,17.0,0.0,0.0,0.0,11.0,1.0,4.0,1.0,0.0,0.0,17.0,0.0,0.0,0.0,0.0,0.0,0.0,0.0,0.0,0.0,0.0,0.0,0.0,0.0,0.0,0.0,0.0,0.0,0.0,7.0,5.0,7.0,2.0,6.0,12.0,4.0,11.0,12.0,12.0,17.0,18.0,0.0,0.0,0.0,0.0,0.0,0.0,0.0,0.0,0.0,0.0,0.0,0.0,0.0,0.0,0.0,0.0,0.0,0.0,8.0,6.0,8.0,2.0,6.0,17.0,6.0,18.0,17.0,21.0,26.0,27.0
376,1.0,376.0,London_141,cons,151,453,1092.0,70.0,2.0,142695.0,0.718798188958317,772.0,8.0,2.0,6.0,30.0,19.0,11.0,129.0,302.0,53.0,29.0,43.0,5.0,12.0,2.0,7.0,4.0,95.0,178.0,176.0,21.0,3.0,3.0,0.0,0.0,0.0,0.0,0.0,0.0,0.0,1.0,0.0,0.0,0.0,0.0,0.0,1.0,0.0,0.0,1.0,0.0,0.0,0.0,0.0,0.0,0.0,0.0,0.0,0.0,1.0,0.0,0.0,0.0,0.0,0.0,0.0,0.0,0.0,0.0,1.0,0.0,0.0,1.0,0.0,1.0,0.0,0.0,1.0,2.0,0.0,0.0,0.0,0.0,0.0,0.0,0.0,0.0,0.0,0.0,3.0,0.0,0.0,0.0,0.0,0.0,0.0,0.0,0.0,0.0,1.0,0.0,0.0,2.0,0.0,1.0,0.0,0.0,1.0,5.0,0.0,0.0
377,1.0,377.0,London_141,cons,151,453,1092.0,70.0,2.0,181200.0,0.975902661215514,857.0,151.0,0.0,151.0,259.0,0.0,259.0,30.0,296.0,59.0,31.0,45.0,4.0,9.0,2.0,7.0,5.0,98.0,167.0,183.0,16.0,1.0,1.0,0.0,0.0,0.0,0.0,0.0,0.0,0.0,64.0,0.0,30.0,0.0,30.0,0.0,3.0,1.0,0.0,0.0,64.0,0.0,0.0,0.0,0.0,0.0,0.0,0.0,0.0,0.0,0.0,0.0,0.0,0.0,0.0,0.0,0.0,0.0,0.0,4.0,5.0,3.0,2.0,10.0,17.0,12.0,11.0,18.0,15.0,22.0,17.0,0.0,0.0,0.0,0.0,0.0,0.0,0.0,0.0,0.0,0.0,0.0,0.0,0.0,0.0,0.0,0.0,0.0,0.0,5.0,6.0,3.0,2.0,11.0,21.0,16.0,12.0,25.0,19.0,28.0,21.0
378,1.0,378.0,London_141,cons,151,453,1092.0,70.0,2.0,152208.0,0.774538413155824,793.0,83.0,0.0,83.0,140.0,0.0,140.0,158.0,302.0,61.0,23.0,48.0,3.0,13.0,0.0,3.0,7.0,99.0,160.0,187.0,21.0,4.0,4.0,0.0,0.0,0.0,0.0,0.0,0.0,0.0,7.0,0.0,4.0,0.0,0.0,0.0,0.0,2.0,1.0,0.0,7.0,0.0,0.0,0.0,0.0,0.0,0.0,0.0,0.0,0.0,0.0,0.0,0.0,0.0,0.0,0.0,0.0,0.0,0.0,3.0,1.0,1.0,1.0,0.0,8.0,4.0,6.0,11.0,18.0,16.0,12.0,0.0,0.0,0.0,0.0,0.0,0.0,0.0,0.0,0.0,0.0,0.0,0.0,0.0,0.0,0.0,0.0,0.0,0.0,4.0,1.0,1.0,2.0,0.0,11.0,6.0,9.0,15.0,28.0,20.0,16.0
379,1.0,379.0,London_141,cons,151,453,1092.0,70.0,2.0,150849.0,0.8757463740184903,790.0,46.0,0.0,46.0,85.0,0.0,85.0,136.0,295.0,63.0,30.0,35.0,5.0,21.0,1.0,3.0,8.0,93.0,167.0,185.0,28.0,0.0,0.0,0.0,0.0,0.0,0.0,0.0,0.0,0.0,0.0,0.0,0.0,0.0,0.0,0.0,0.0,0.0,0.0,0.0,0.0,0.0,0.0,0.0,0.0,0.0,0.0,0.0,0.0,0.0,0.0,0.0,0.0,0.0,0.0,0.0,0.0,0.0,0.0,4.0,9.0,6.0,0.0,5.0,10.0,3.0,7.0,13.0,15.0,11.0,12.0,0.0,0.0,0.0,0.0,0.0,0.0,0.0,0.0,0.0,0.0,0.0,0.0,0.0,0.0,0.0,0.0,0.0,0.0,5.0,14.0,7.0,0.0,5.0,16.0,4.0,9.0,24.0,24.0,22.0,15.0
380,1.0,380.0,London_141,cons,151,453,1092.0,70.0,2.0,165345.0,0.9990818831138313,822.0,117.0,2.0,115.0,200.0,17.0,183.0,86.0,301.0,69.0,29.0,28.0,6.0,19.0,1.0,0.0,8.0,92.0,167.0,186.0,26.0,2.0,2.0,0.0,0.0,0.0,0.0,0.0,0.0,0.0,37.0,0.0,3.0,0.0,33.0,0.0,0.0,0.0,1.0,1.0,36.0,0.0,0.0,0.0,0.0,0.0,0.0,0.0,0.0,1.0,0.0,0.0,0.0,1.0,0.0,1.0,0.0,0.0,0.0,7.0,8.0,2.0,1.0,2.0,18.0,12.0,10.0,16.0,18.0,18.0,29.0,0.0,0.0,0.0,0.0,0.0,0.0,0.0,0.0,1.0,0.0,0.0,0.0,4.0,0.0,1.0,0.0,0.0,0.0,8.0,11.0,3.0,2.0,2.0,26.0,14.0,13.0,24.0,25.0,26.0,41.0
381,1.0,381.0,London_141,cons,151,453,1092.0,70.0,2.0,150849.0,0.8179139671847224,790.0,33.0,2.0,31.0,70.0,18.0,52.0,141.0,303.0,55.0,27.0,37.0,6.0,17.0,2.0,6.0,12.0,90.0,183.0,168.0,22.0,0.0,0.0,0.0,0.0,0.0,0.0,0.0,0.0,0.0,2.0,0.0,0.0,0.0,2.0,0.0,0.0,0.0,0.0,2.0,0.0,0.0,0.0,0.0,0.0,0.0,0.0,0.0,0.0,0.0,0.0,0.0,1.0,0.0,0.0,0.0,0.0,0.0,0.0,2.0,2.0,1.0,0.0,0.0,7.0,1.0,2.0,6.0,9.0,6.0,6.0,0.0,0.0,0.0,0.0,0.0,0.0,0.0,0.0,0.0,0.0,0.0,5.0,0.0,0.0,0.0,0.0,0.0,0.0,2.0,2.0,1.0,0.0,0.0,9.0,2.0,4.0,9.0,11.0,9.0,6.0
382,1.0,382.0,London_141,cons,151,453,1092.0,70.0,2.0,182559.0,1.0905533442273736,860.0,136.0,0.0,136.0,222.0,0.0,222.0,60.0,309.0,55.0,30.0,31.0,7.0,13.0,2.0,6.0,9.0,90.0,179.0,175.0,17.0,2.0,2.0,0.0,0.0,0.0,0.0,0.0,0.0,0.0,56.0,0.0,19.0,0.0,34.0,0.0,0.0,0.0,3.0,0.0,56.0,0.0,0.0,0.0,0.0,0.0,0.0,0.0,0.0,0.0,0.0,0.0,0.0,0.0,0.0,0.0,0.0,0.0,0.0,8.0,6.0,6.0,2.0,8.0,12.0,15.0,8.0,16.0,19.0,16.0,19.0,0.0,0.0,0.0,0.0,0.0,0.0,0.0,0.0,0.0,0.0,0.0,0.0,0.0,0.0,0.0,0.0,0.0,0.0,8.0,8.0,6.0,3.0,8.0,13.0,20.0,12.0,22.0,23.0,19.0,23.0
383,1.0,383.0,London_141,cons,151,453,1092.0,70.0,2.0,161721.0,0.9676111517474055,814.0,129.0,2.0,127.0,225.0,19.0,206.0,137.0,315.0,37.0,31.0,41.0,8.0,16.0,1.0,4.0,7.0,107.0,161.0,178.0,12.0,3.0,3.0,0.0,0.0,0.0,0.0,0.0,0.0,0.0,52.0,0.0,27.0,0.0,22.0,1.0,1.0,0.0,1.0,2.0,50.0,0.0,0.0,0.0,0.0,0.0,0.0,0.0,0.0,1.0,0.0,0.0,2.0,0.0,1.0,2.0,0.0,0.0,0.0,1.0,0.0,4.0,0.0,1.0,1.0,1.0,2.0,7.0,13.0,19.0,9.0,0.0,0.0,0.0,0.0,0.0,0.0,0.0,0.0,1.0,0.0,0.0,3.0,0.0,3.0,4.0,0.0,0.0,0.0,2.0,0.0,5.0,0.0,1.0,1.0,2.0,3.0,10.0,15.0,24.0,11.0
384,1.0,384.0,London_141,cons,151,453,1092.0,70.0,2.0,142695.0,1.0685123433358967,772.0,66.0,1.0,65.0,120.0,9.0,111.0,144.0,301.0,54.0,32.0,44.0,4.0,13.0,1.0,4.0,5.0,95.0,158.0,195.0,23.0,8.0,8.0,0.0,0.0,0.0,0.0,0.0,0.0,0.0,4.0,0.0,0.0,0.0,0.0,0.0,1.0,1.0,2.0,1.0,3.0,0.0,0.0,0.0,0.0,0.0,0.0,0.0,0.0,1.0,0.0,0.0,0.0,0.0,1.0,1.0,0.0,0.0,0.0,4.0,2.0,1.0,2.0,0.0,5.0,8.0,11.0,9.0,10.0,21.0,10.0,0.0,0.0,0.0,0.0,0.0,0.0,0.0,0.0,2.0,0.0,0.0,0.0,0.0,4.0,5.0,0.0,0.0,0.0,5.0,3.0,1.0,3.0,0.0,9.0,8.0,13.0,14.0,17.0,33.0,12.0
385,1.0,385.0,London_141,cons,151,453,1092.0,70.0,2.0,148584.0,0.8008538647554815,785.0,34.0,0.0,34.0,64.0,0.0,64.0,126.0,298.0,51.0,41.0,46.0,5.0,7.0,0.0,5.0,2.0,93.0,151.0,207.0,16.0,6.0,6.0,0.0,0.0,0.0,0.0,0.0,0.0,0.0,0.0,0.0,0.0,0.0,0.0,0.0,0.0,0.0,0.0,0.0,0.0,0.0,0.0,0.0,0.0,0.0,0.0,0.0,0.0,0.0,0.0,0.0,0.0,0.0,0.0,0.0,0.0,0.0,0.0,4.0,6.0,2.0,0.0,2.0,7.0,2.0,6.0,10.0,5.0,9.0,6.0,0.0,0.0,0.0,0.0,0.0,0.0,0.0,0.0,0.0,0.0,0.0,0.0,0.0,0.0,0.0,0.0,0.0,0.0,6.0,7.0,2.0,0.0,2.0,9.0,2.0,8.0,19.0,6.0,17.0,9.0
386,1.0,386.0,London_141,cons,151,453,1092.0,70.0,2.0,168516.0,0.9186231470666826,829.0,49.0,0.0,49.0,86.0,0.0,86.0,72.0,296.0,64.0,41.0,38.0,2.0,5.0,0.0,7.0,2.0,93.0,155.0,203.0,11.0,4.0,4.0,0.0,0.0,0.0,0.0,0.0,0.0,0.0,3.0,0.0,0.0,0.0,0.0,1.0,2.0,0.0,0.0,0.0,3.0,0.0,0.0,0.0,0.0,0.0,0.0,0.0,0.0,0.0,0.0,0.0,0.0,0.0,0.0,0.0,0.0,0.0,0.0,5.0,4.0,2.0,4.0,4.0,12.0,6.0,13.0,6.0,7.0,10.0,12.0,0.0,0.0,0.0,0.0,0.0,0.0,0.0,0.0,0.0,0.0,0.0,0.0,0.0,0.0,0.0,0.0,0.0,0.0,5.0,5.0,2.0,5.0,4.0,15.0,9.0,20.0,7.0,11.0,17.0,16.0
387,1.0,387.0,London_141,cons,151,453,1092.0,70.0,2.0,190713.0,1.0151584330014884,878.0,195.0,1.0,194.0,357.0,10.0,347.0,87.0,299.0,57.0,42.0,36.0,2.0,9.0,0.0,8.0,1.0,98.0,153.0,201.0,17.0,4.0,4.0,0.0,0.0,0.0,0.0,0.0,0.0,0.0,105.0,0.0,40.0,0.0,52.0,0.0,5.0,3.0,5.0,1.0,104.0,0.0,0.0,0.0,0.0,0.0,0.0,0.0,0.0,0.0,0.0,0.0,0.0,0.0,0.0,0.0,0.0,0.0,0.0,5.0,5.0,3.0,2.0,10.0,18.0,11.0,7.0,14.0,26.0,21.0,30.0,0.0,0.0,0.0,0.0,0.0,0.0,0.0,0.0,0.0,0.0,0.0,0.0,0.0,0.0,0.0,0.0,0.0,0.0,6.0,6.0,3.0,2.0,11.0,19.0,14.0,8.0,20.0,32.0,31.0,35.0
388,1.0,388.0,London_141,cons,151,453,1092.0,70.0,2.0,132276.0,1.3339984430931509,749.0,32.0,0.0,32.0,47.0,0.0,47.0,185.0,285.0,65.0,21.0,59.0,3.0,16.0,0.0,4.0,9.0,97.0,138.0,209.0,25.0,2.0,2.0,0.0,0.0,0.0,0.0,0.0,0.0,0.0,0.0,0.0,0.0,0.0,0.0,0.0,0.0,0.0,0.0,0.0,0.0,0.0,0.0,0.0,0.0,0.0,0.0,0.0,0.0,0.0,0.0,0.0,0.0,0.0,0.0,0.0,0.0,0.0,0.0,6.0,0.0,1.0,0.0,2.0,8.0,3.0,5.0,7.0,10.0,7.0,9.0,0.0,0.0,0.0,0.0,0.0,0.0,0.0,0.0,0.0,0.0,0.0,0.0,0.0,0.0,0.0,0.0,0.0,0.0,6.0,0.0,1.0,0.0,3.0,10.0,4.0,6.0,7.0,12.0,8.0,12.0
389,1.0,389.0,London_141,cons,151,453,1092.0,70.0,2.0,154926.0,0.8095094859600067,799.0,138.0,2.0,136.0,256.0,17.0,239.0,49.0,283.0,72.0,18.0,54.0,2.0,19.0,0.0,5.0,9.0,98.0,138.0,208.0,25.0,3.0,3.0,0.0,0.0,0.0,0.0,0.0,0.0,0.0,45.0,0.0,28.0,0.0,13.0,0.0,0.0,0.0,4.0,2.0,43.0,0.0,0.0,0.0,0.0,0.0,0.0,0.0,0.0,0.0,0.0,0.0,0.0,0.0,0.0,0.0,0.0,0.0,0.0,5.0,14.0,3.0,1.0,5.0,27.0,13.0,20.0,21.0,26.0,26.0,26.0,0.0,0.0,0.0,0.0,0.0,0.0,0.0,0.0,0.0,0.0,0.0,0.0,0.0,0.0,0.0,0.0,0.0,0.0,6.0,16.0,3.0,1.0,5.0,42.0,21.0,26.0,26.0,43.0,38.0,35.0
390,1.0,390.0,London_141,cons,151,453,1092.0,70.0,2.0,127293.0,0.7354335291311145,738.0,122.0,1.0,121.0,225.0,12.0,213.0,187.0,288.0,72.0,19.0,55.0,7.0,11.0,1.0,0.0,7.0,100.0,149.0,197.0,20.0,4.0,4.0,0.0,0.0,0.0,0.0,0.0,0.0,0.0,22.0,0.0,5.0,0.0,5.0,0.0,3.0,1.0,8.0,1.0,21.0,0.0,0.0,0.0,0.0,0.0,0.0,0.0,0.0,1.0,0.0,0.0,1.0,0.0,0.0,1.0,0.0,0.0,0.0,11.0,5.0,1.0,2.0,3.0,16.0,13.0,20.0,17.0,23.0,22.0,23.0,0.0,0.0,0.0,0.0,0.0,0.0,0.0,0.0,1.0,0.0,0.0,2.0,0.0,0.0,1.0,0.0,0.0,0.0,14.0,7.0,1.0,3.0,3.0,24.0,19.0,27.0,26.0,34.0,30.0,33.0
391,1.0,391.0,London_141,cons,151,453,1092.0,70.0,2.0,105096.0,0.7612527972087264,689.0,5.0,2.0,3.0,23.0,19.0,4.0,185.0,290.0,59.0,17.0,65.0,6.0,13.0,1.0,2.0,4.0,100.0,153.0,196.0,25.0,0.0,0.0,0.0,0.0,0.0,0.0,0.0,0.0,0.0,2.0,0.0,0.0,0.0,1.0,0.0,1.0,0.0,0.0,2.0,0.0,0.0,0.0,0.0,0.0,0.0,0.0,0.0,0.0,0.0,1.0,0.0,1.0,0.0,1.0,1.0,0.0,0.0,0.0,0.0,0.0,0.0,0.0,0.0,0.0,0.0,0.0,0.0,0.0,1.0,0.0,0.0,0.0,0.0,0.0,0.0,0.0,0.0,0.0,0.0,2.0,0.0,3.0,0.0,2.0,1.0,0.0,0.0,0.0,0.0,0.0,0.0,0.0,0.0,0.0,0.0,0.0,0.0,0.0,1.0,0.0
392,1.0,392.0,London_141,cons,151,453,1092.0,70.0,2.0,136806.0,1.0090510011650622,759.0,34.0,0.0,34.0,52.0,0.0,52.0,12.0,291.0,62.0,17.0,64.0,3.0,13.0,1.0,2.0,3.0,99.0,153.0,198.0,20.0,2.0,2.0,0.0,0.0,0.0,0.0,0.0,0.0,0.0,0.0,0.0,0.0,0.0,0.0,0.0,0.0,0.0,0.0,0.0,0.0,0.0,0.0,0.0,0.0,0.0,0.0,0.0,0.0,0.0,0.0,0.0,0.0,0.0,0.0,0.0,0.0,0.0,0.0,3.0,4.0,0.0,1.0,3.0,6.0,8.0,5.0,5.0,6.0,6.0,7.0,0.0,0.0,0.0,0.0,0.0,0.0,0.0,0.0,0.0,0.0,0.0,0.0,0.0,0.0,0.0,0.0,0.0,0.0,4.0,8.0,0.0,1.0,4.0,7.0,10.0,8.0,7.0,7.0,11.0,8.0
393,1.0,393.0,London_141,cons,151,453,1092.0,70.0,2.0,161721.0,0.8506722380407155,814.0,137.0,0.0,137.0,247.0,0.0,247.0,56.0,294.0,65.0,13.0,59.0,5.0,14.0,1.0,2.0,4.0,97.0,152.0,200.0,23.0,3.0,3.0,0.0,0.0,0.0,0.0,0.0,0.0,0.0,35.0,0.0,5.0,4.0,21.0,0.0,0.0,0.0,5.0,0.0,35.0,0.0,0.0,0.0,0.0,0.0,0.0,0.0,0.0,0.0,0.0,0.0,0.0,0.0,0.0,0.0,0.0,0.0,0.0,1.0,8.0,14.0,3.0,4.0,25.0,15.0,8.0,30.0,25.0,31.0,24.0,0.0,0.0,0.0,0.0,0.0,0.0,0.0,0.0,0.0,0.0,0.0,0.0,0.0,0.0,0.0,0.0,0.0,0.0,1.0,9.0,14.0,4.0,4.0,28.0,22.0,11.0,46.0,35.0,41.0,35.0
394,1.0,394.0,London_141,cons,151,453,1092.0,70.0,2.0,134088.0,0.685313705354929,753.0,24.0,1.0,23.0,51.0,9.0,42.0,188.0,284.0,72.0,16.0,57.0,8.0,10.0,0.0,6.0,6.0,106.0,150.0,191.0,16.0,7.0,7.0,0.0,0.0,0.0,0.0,0.0,0.0,0.0,1.0,0.0,0.0,0.0,0.0,0.0,1.0,0.0,0.0,1.0,0.0,0.0,0.0,0.0,0.0,0.0,0.0,0.0,0.0,1.0,0.0,0.0,0.0,1.0,0.0,1.0,0.0,0.0,0.0,0.0,0.0,0.0,1.0,0.0,1.0,0.0,0.0,1.0,6.0,5.0,3.0,0.0,0.0,0.0,0.0,0.0,0.0,0.0,0.0,2.0,0.0,0.0,0.0,9.0,0.0,6.0,0.0,0.0,0.0,0.0,0.0,0.0,2.0,0.0,2.0,0.0,0.0,3.0,8.0,11.0,5.0
395,1.0,395.0,London_141,cons,151,453,1092.0,70.0,2.0,168063.0,0.8855776442214847,828.0,52.0,0.0,52.0,103.0,0.0,103.0,58.0,287.0,70.0,15.0,63.0,5.0,7.0,0.0,6.0,6.0,97.0,145.0,205.0,16.0,1.0,1.0,0.0,0.0,0.0,0.0,0.0,0.0,0.0,1.0,0.0,0.0,0.0,0.0,0.0,0.0,0.0,1.0,0.0,1.0,0.0,0.0,0.0,0.0,0.0,0.0,0.0,0.0,0.0,0.0,0.0,0.0,0.0,0.0,0.0,0.0,0.0,0.0,8.0,6.0,8.0,1.0,3.0,8.0,9.0,8.0,15.0,8.0,14.0,21.0,0.0,0.0,0.0,0.0,0.0,0.0,0.0,0.0,0.0,0.0,0.0,0.0,0.0,0.0,0.0,0.0,0.0,0.0,11.0,10.0,10.0,2.0,3.0,10.0,15.0,12.0,22.0,14.0,23.0,36.0
396,1.0,396.0,London_141,cons,151,453,1092.0,70.0,2.0,187542.0,1.0544179249554873,871.0,129.0,2.0,127.0,247.0,20.0,227.0,106.0,285.0,82.0,5.0,61.0,6.0,12.0,1.0,1.0,7.0,96.0,143.0,207.0,23.0,3.0,3.0,0.0,0.0,0.0,0.0,0.0,0.0,0.0,28.0,0.0,1.0,8.0,14.0,0.0,1.0,1.0,3.0,2.0,26.0,0.0,0.0,0.0,0.0,0.0,0.0,0.0,0.0,0.0,0.0,0.0,1.0,0.0,1.0,1.0,0.0,0.0,0.0,5.0,2.0,0.0,5.0,2.0,9.0,6.0,3.0,13.0,25.0,26.0,16.0,0.0,0.0,0.0,0.0,0.0,0.0,0.0,0.0,0.0,0.0,0.0,3.0,0.0,3.0,3.0,0.0,0.0,0.0,5.0,3.0,0.0,10.0,2.0,12.0,7.0,6.0,18.0,41.0,39.0,23.0
397,1.0,397.0,London_141,cons,151,453,1092.0,70.0,2.0,167157.0,1.5091760801151395,826.0,161.0,2.0,159.0,294.0,20.0,274.0,189.0,288.0,75.0,13.0,63.0,1.0,9.0,1.0,3.0,9.0,98.0,140.0,206.0,25.0,1.0,1.0,0.0,0.0,0.0,0.0,0.0,0.0,0.0,60.0,0.0,21.0,8.0,14.0,2.0,15.0,0.0,0.0,2.0,58.0,0.0,0.0,0.0,0.0,0.0,0.0,0.0,0.0,0.0,0.0,0.0,0.0,0.0,0.0,1.0,0.0,0.0,0.0,17.0,9.0,5.0,2.0,3.0,22.0,10.0,20.0,19.0,28.0,28.0,34.0,0.0,0.0,0.0,0.0,0.0,0.0,0.0,0.0,0.0,0.0,0.0,0.0,0.0,0.0,1.0,0.0,0.0,0.0,20.0,12.0,6.0,2.0,3.0,29.0,14.0,27.0,24.0,38.0,37.0,44.0
398,1.0,398.0,London_141,cons,151,453,1092.0,70.0,2.0,130464.0,0.864576674066484,745.0,32.0,1.0,31.0,64.0,10.0,54.0,190.0,290.0,78.0,12.0,54.0,1.0,14.0,1.0,3.0,4.0,92.0,153.0,204.0,28.0,2.0,2.0,0.0,0.0,0.0,0.0,0.0,0.0,0.0,2.0,0.0,0.0,0.0,1.0,0.0,0.0,0.0,1.0,1.0,1.0,0.0,0.0,0.0,0.0,0.0,0.0,0.0,0.0,1.0,0.0,0.0,0.0,0.0,1.0,1.0,0.0,0.0,0.0,1.0,1.0,0.0,2.0,0.0,5.0,3.0,1.0,0.0,6.0,5.0,3.0,0.0,0.0,0.0,0.0,0.0,0.0,0.0,0.0,2.0,0.0,0.0,0.0,0.0,9.0,5.0,0.0,0.0,0.0,1.0,1.0,0.0,4.0,0.0,8.0,5.0,2.0,0.0,9.0,9.0,4.0
399,1.0,399.0,London_141,cons,151,453,1092.0,70.0,2.0,149037.0,0.8355079689063132,786.0,90.0,2.0,88.0,156.0,18.0,138.0,64.0,295.0,83.0,8.0,47.0,3.0,16.0,0.0,1.0,3.0,90.0,143.0,217.0,22.0,0.0,0.0,0.0,0.0,0.0,0.0,0.0,0.0,0.0,11.0,0.0,0.0,2.0,7.0,0.0,1.0,0.0,1.0,2.0,9.0,0.0,0.0,0.0,0.0,0.0,0.0,0.0,0.0,1.0,0.0,0.0,1.0,0.0,1.0,0.0,0.0,0.0,0.0,2.0,0.0,0.0,2.0,1.0,3.0,5.0,1.0,13.0,21.0,18.0,23.0,0.0,0.0,0.0,0.0,0.0,0.0,0.0,0.0,2.0,0.0,0.0,2.0,0.0,2.0,0.0,0.0,0.0,0.0,3.0,0.0,0.0,2.0,1.0,5.0,6.0,1.0,16.0,28.0,24.0,29.0
400,1.0,400.0,London_141,cons,151,453,1092.0,70.0,2.0,150396.0,0.9285532073117793,789.0,66.0,0.0,66.0,118.0,0.0,118.0,128.0,303.0,80.0,6.0,41.0,5.0,13.0,3.0,2.0,7.0,92.0,148.0,206.0,25.0,1.0,1.0,0.0,0.0,0.0,0.0,0.0,0.0,0.0,6.0,0.0,0.0,3.0,3.0,0.0,0.0,0.0,0.0,0.0,6.0,0.0,0.0,0.0,0.0,0.0,0.0,0.0,0.0,0.0,0.0,0.0,0.0,0.0,0.0,0.0,0.0,0.0,0.0,10.0,4.0,2.0,1.0,5.0,16.0,12.0,6.0,7.0,15.0,13.0,19.0,0.0,0.0,0.0,0.0,0.0,0.0,0.0,0.0,0.0,0.0,0.0,0.0,0.0,0.0,0.0,0.0,0.0,0.0,16.0,5.0,2.0,3.0,6.0,18.0,18.0,8.0,11.0,22.0,23.0,29.0
401,1.0,401.0,London_141,cons,151,453,1092.0,70.0,2.0,175764.0,1.221923643257469,845.0,116.0,2.0,114.0,223.0,20.0,203.0,114.0,306.0,80.0,10.0,30.0,6.0,16.0,3.0,2.0,6.0,98.0,139.0,210.0,27.0,4.0,4.0,0.0,0.0,0.0,0.0,0.0,0.0,0.0,30.0,0.0,3.0,0.0,26.0,0.0,1.0,0.0,0.0,2.0,28.0,0.0,0.0,0.0,0.0,0.0,0.0,0.0,0.0,1.0,0.0,0.0,0.0,0.0,1.0,1.0,0.0,0.0,0.0,1.0,5.0,4.0,1.0,8.0,9.0,3.0,8.0,4.0,20.0,19.0,17.0,0.0,0.0,0.0,0.0,0.0,0.0,0.0,0.0,1.0,0.0,0.0,0.0,0.0,1.0,1.0,0.0,0.0,0.0,1.0,8.0,4.0,2.0,8.0,14.0,3.0,10.0,6.0,30.0,27.0,23.0
402,1.0,402.0,London_141,cons,151,453,1092.0,70.0,2.0,159003.0,0.8996690921485424,808.0,43.0,0.0,43.0,63.0,0.0,63.0,162.0,310.0,51.0,19.0,46.0,7.0,14.0,1.0,5.0,7.0,95.0,131.0,220.0,22.0,3.0,3.0,0.0,0.0,0.0,0.0,0.0,0.0,0.0,0.0,0.0,0.0,0.0,0.0,0.0,0.0,0.0,0.0,0.0,0.0,0.0,0.0,0.0,0.0,0.0,0.0,0.0,0.0,0.0,0.0,0.0,0.0,0.0,0.0,0.0,0.0,0.0,0.0,7.0,5.0,1.0,0.0,4.0,16.0,4.0,6.0,9.0,9.0,10.0,15.0,0.0,0.0,0.0,0.0,0.0,0.0,0.0,0.0,0.0,0.0,0.0,0.0,0.0,0.0,0.0,0.0,0.0,0.0,9.0,6.0,1.0,0.0,4.0,21.0,6.0,9.0,12.0,11.0,13.0,19.0
403,1.0,403.0,London_141,cons,151,453,1092.0,70.0,2.0,179388.0,1.0566250961273909,853.0,101.0,0.0,101.0,175.0,0.0,175.0,67.0,312.0,53.0,19.0,44.0,7.0,13.0,1.0,4.0,8.0,87.0,139.0,219.0,18.0,8.0,8.0,0.0,0.0,0.0,0.0,0.0,0.0,0.0,25.0,0.0,5.0,0.0,19.0,0.0,1.0,0.0,0.0,0.0,25.0,0.0,0.0,0.0,0.0,0.0,0.0,0.0,0.0,0.0,0.0,0.0,0.0,0.0,0.0,0.0,0.0,0.0,0.0,2.0,2.0,2.0,4.0,4.0,9.0,10.0,11.0,10.0,16.0,15.0,25.0,0.0,0.0,0.0,0.0,0.0,0.0,0.0,0.0,0.0,0.0,0.0,0.0,0.0,0.0,0.0,0.0,0.0,0.0,2.0,3.0,2.0,5.0,4.0,12.0,14.0,17.0,12.0,25.0,22.0,32.0
404,1.0,404.0,London_141,cons,151,453,1092.0,70.0,2.0,172593.0,0.9272333066910505,838.0,112.0,2.0,110.0,195.0,17.0,178.0,149.0,309.0,54.0,18.0,43.0,8.0,15.0,1.0,5.0,4.0,92.0,137.0,220.0,22.0,4.0,4.0,0.0,0.0,0.0,0.0,0.0,0.0,0.0,21.0,0.0,1.0,0.0,18.0,0.0,2.0,0.0,0.0,2.0,19.0,0.0,0.0,0.0,0.0,0.0,0.0,0.0,0.0,0.0,0.0,0.0,1.0,0.0,0.0,0.0,0.0,0.0,0.0,7.0,8.0,6.0,1.0,4.0,17.0,13.0,14.0,15.0,13.0,20.0,32.0,0.0,0.0,0.0,0.0,0.0,0.0,0.0,0.0,0.0,0.0,0.0,1.0,0.0,0.0,0.0,0.0,0.0,0.0,9.0,8.0,6.0,1.0,4.0,24.0,22.0,20.0,25.0,21.0,29.0,45.0
405,1.0,405.0,London_141,cons,151,453,1092.0,70.0,2.0,164439.0,1.2784713911823928,820.0,76.0,0.0,76.0,126.0,0.0,126.0,160.0,308.0,48.0,12.0,65.0,1.0,12.0,1.0,6.0,8.0,92.0,137.0,216.0,19.0,2.0,2.0,0.0,0.0,0.0,0.0,0.0,0.0,0.0,2.0,0.0,0.0,0.0,1.0,1.0,0.0,0.0,0.0,0.0,2.0,0.0,0.0,0.0,0.0,0.0,0.0,0.0,0.0,0.0,0.0,0.0,0.0,0.0,0.0,0.0,0.0,0.0,0.0,5.0,8.0,9.0,2.0,2.0,17.0,15.0,17.0,5.0,14.0,16.0,23.0,0.0,0.0,0.0,0.0,0.0,0.0,0.0,0.0,0.0,0.0,0.0,0.0,0.0,0.0,0.0,0.0,0.0,0.0,6.0,9.0,9.0,3.0,2.0,18.0,29.0,25.0,7.0,24.0,19.0,29.0
406,1.0,406.0,London_141,cons,151,453,1092.0,70.0,2.0,168063.0,1.5113640003837645,828.0,191.0,2.0,189.0,339.0,17.0,322.0,125.0,319.0,74.0,8.0,33.0,1.0,14.0,1.0,3.0,8.0,92.0,141.0,212.0,29.0,2.0,2.0,0.0,0.0,0.0,0.0,0.0,0.0,0.0,106.0,0.0,24.0,4.0,58.0,2.0,11.0,0.0,7.0,2.0,104.0,0.0,0.0,0.0,0.0,0.0,0.0,0.0,0.0,0.0,0.0,0.0,0.0,0.0,0.0,0.0,0.0,0.0,0.0,4.0,12.0,5.0,1.0,6.0,25.0,12.0,17.0,17.0,18.0,31.0,28.0,0.0,0.0,0.0,0.0,0.0,0.0,0.0,0.0,0.0,0.0,0.0,0.0,0.0,0.0,0.0,0.0,0.0,0.0,6.0,17.0,6.0,1.0,6.0,29.0,15.0,22.0,22.0,24.0,41.0,39.0
407,1.0,407.0,London_141,cons,151,453,1092.0,70.0,2.0,111891.0,0.5521882302127779,704.0,77.0,0.0,77.0,129.0,0.0,129.0,167.0,300.0,63.0,8.0,61.0,2.0,14.0,0.0,5.0,8.0,89.0,140.0,216.0,18.0,5.0,5.0,0.0,0.0,0.0,0.0,0.0,0.0,0.0,4.0,0.0,2.0,0.0,0.0,0.0,0.0,2.0,0.0,0.0,4.0,0.0,0.0,0.0,0.0,0.0,0.0,0.0,0.0,0.0,0.0,0.0,0.0,0.0,0.0,0.0,0.0,0.0,0.0,8.0,8.0,4.0,2.0,2.0,6.0,9.0,14.0,14.0,11.0,19.0,21.0,0.0,0.0,0.0,0.0,0.0,0.0,0.0,0.0,0.0,0.0,0.0,0.0,0.0,0.0,0.0,0.0,0.0,0.0,10.0,11.0,4.0,3.0,2.0,9.0,12.0,21.0,23.0,16.0,30.0,29.0
408,1.0,408.0,London_141,cons,151,453,1092.0,70.0,2.0,106002.0,0.8380028349347413,691.0,23.0,1.0,22.0,43.0,8.0,35.0,128.0,303.0,55.0,9.0,66.0,3.0,11.0,0.0,6.0,9.0,89.0,132.0,223.0,24.0,1.0,1.0,0.0,0.0,0.0,0.0,0.0,0.0,0.0,1.0,0.0,0.0,0.0,0.0,0.0,1.0,0.0,0.0,1.0,0.0,0.0,0.0,0.0,0.0,0.0,0.0,0.0,0.0,1.0,0.0,0.0,0.0,0.0,1.0,0.0,0.0,0.0,0.0,1.0,0.0,0.0,1.0,0.0,3.0,2.0,2.0,1.0,5.0,3.0,6.0,0.0,0.0,0.0,0.0,0.0,0.0,0.0,0.0,3.0,0.0,0.0,0.0,0.0,5.0,0.0,0.0,0.0,0.0,1.0,0.0,0.0,2.0,0.0,3.0,5.0,2.0,1.0,5.0,3.0,7.0
409,1.0,409.0,London_141,cons,151,453,1092.0,70.0,2.0,133182.0,0.704288711771369,751.0,13.0,2.0,11.0,38.0,18.0,20.0,44.0,305.0,61.0,8.0,65.0,2.0,6.0,0.0,6.0,6.0,84.0,133.0,230.0,23.0,1.0,1.0,0.0,0.0,0.0,0.0,0.0,0.0,0.0,2.0,0.0,0.0,0.0,2.0,0.0,0.0,0.0,0.0,2.0,0.0,0.0,0.0,0.0,0.0,0.0,0.0,0.0,0.0,0.0,0.0,0.0,1.0,1.0,1.0,1.0,0.0,0.0,0.0,0.0,0.0,0.0,0.0,0.0,0.0,0.0,0.0,1.0,2.0,2.0,1.0,0.0,0.0,0.0,0.0,0.0,0.0,0.0,0.0,0.0,0.0,0.0,5.0,1.0,4.0,1.0,0.0,0.0,0.0,0.0,0.0,0.0,0.0,0.0,0.0,0.0,0.0,1.0,3.0,3.0,2.0
410,1.0,410.0,London_141,cons,151,453,1092.0,70.0,2.0,167610.0,0.9414827022701502,827.0,74.0,0.0,74.0,121.0,0.0,121.0,27.0,307.0,64.0,8.0,53.0,3.0,9.0,1.0,8.0,6.0,86.0,118.0,243.0,24.0,2.0,2.0,0.0,0.0,0.0,0.0,0.0,0.0,0.0,0.0,0.0,0.0,0.0,0.0,0.0,0.0,0.0,0.0,0.0,0.0,0.0,0.0,0.0,0.0,0.0,0.0,0.0,0.0,0.0,0.0,0.0,0.0,0.0,0.0,0.0,0.0,0.0,0.0,2.0,13.0,8.0,1.0,1.0,17.0,9.0,10.0,18.0,14.0,13.0,17.0,0.0,0.0,0.0,0.0,0.0,0.0,0.0,0.0,0.0,0.0,0.0,0.0,0.0,0.0,0.0,0.0,0.0,0.0,2.0,23.0,9.0,1.0,2.0,25.0,14.0,13.0,25.0,24.0,19.0,25.0
411,1.0,411.0,London_141,cons,151,453,1092.0,70.0,2.0,178935.0,1.4215434207580984,852.0,157.0,2.0,155.0,273.0,19.0,254.0,124.0,312.0,57.0,6.0,59.0,4.0,11.0,1.0,3.0,7.0,86.0,130.0,230.0,24.0,1.0,1.0,0.0,0.0,0.0,0.0,0.0,0.0,0.0,68.0,0.0,29.0,15.0,9.0,0.0,10.0,0.0,5.0,2.0,66.0,0.0,0.0,0.0,0.0,0.0,0.0,0.0,0.0,0.0,0.0,0.0,0.0,0.0,0.0,0.0,0.0,0.0,0.0,9.0,10.0,4.0,1.0,8.0,20.0,14.0,19.0,10.0,23.0,25.0,27.0,0.0,0.0,0.0,0.0,0.0,0.0,0.0,0.0,0.0,0.0,0.0,0.0,0.0,0.0,0.0,0.0,0.0,0.0,9.0,10.0,5.0,1.0,8.0,22.0,19.0,22.0,12.0,26.0,34.0,36.0
412,1.0,412.0,London_141,cons,151,453,1092.0,70.0,2.0,143601.0,0.7931184903718531,774.0,69.0,0.0,69.0,119.0,0.0,119.0,164.0,308.0,59.0,9.0,53.0,4.0,14.0,2.0,4.0,7.0,95.0,130.0,221.0,22.0,7.0,7.0,0.0,0.0,0.0,0.0,0.0,0.0,0.0,0.0,0.0,0.0,0.0,0.0,0.0,0.0,0.0,0.0,0.0,0.0,0.0,0.0,0.0,0.0,0.0,0.0,0.0,0.0,0.0,0.0,0.0,0.0,0.0,0.0,0.0,0.0,0.0,0.0,9.0,8.0,4.0,4.0,2.0,18.0,10.0,10.0,6.0,12.0,21.0,15.0,0.0,0.0,0.0,0.0,0.0,0.0,0.0,0.0,0.0,0.0,0.0,0.0,0.0,0.0,0.0,0.0,0.0,0.0,10.0,11.0,6.0,6.0,2.0,28.0,16.0,14.0,11.0,20.0,35.0,20.0
413,1.0,413.0,London_141,cons,151,453,1092.0,70.0,2.0,142695.0,1.5157925230450928,772.0,93.0,0.0,93.0,148.0,0.0,148.0,127.0,316.0,54.0,8.0,50.0,4.0,17.0,0.0,4.0,4.0,85.0,133.0,231.0,21.0,2.0,2.0,0.0,0.0,0.0,0.0,0.0,0.0,0.0,13.0,0.0,5.0,0.0,5.0,0.0,0.0,0.0,3.0,0.0,13.0,0.0,0.0,0.0,0.0,0.0,0.0,0.0,0.0,0.0,0.0,0.0,0.0,0.0,0.0,0.0,0.0,0.0,0.0,4.0,9.0,6.0,1.0,7.0,19.0,11.0,14.0,20.0,19.0,19.0,26.0,0.0,0.0,0.0,0.0,0.0,0.0,0.0,0.0,0.0,0.0,0.0,0.0,0.0,0.0,0.0,0.0,0.0,0.0,5.0,10.0,7.0,1.0,7.0,27.0,16.0,20.0,24.0,29.0,25.0,33.0
414,1.0,414.0,London_141,cons,151,453,1092.0,70.0,2.0,140430.0,0.9209594489075243,767.0,52.0,3.0,49.0,115.0,25.0,90.0,137.0,321.0,61.0,15.0,36.0,7.0,12.0,0.0,1.0,3.0,88.0,137.0,225.0,17.0,1.0,1.0,0.0,0.0,0.0,0.0,0.0,0.0,0.0,8.0,0.0,0.0,0.0,4.0,1.0,2.0,0.0,1.0,3.0,5.0,0.0,0.0,0.0,0.0,0.0,0.0,0.0,0.0,0.0,1.0,0.0,0.0,1.0,0.0,0.0,0.0,0.0,0.0,1.0,1.0,1.0,2.0,0.0,2.0,7.0,7.0,3.0,8.0,12.0,5.0,0.0,0.0,0.0,0.0,0.0,0.0,0.0,0.0,0.0,5.0,0.0,0.0,1.0,0.0,0.0,0.0,0.0,0.0,1.0,2.0,1.0,3.0,0.0,2.0,11.0,10.0,4.0,12.0,19.0,6.0
415,1.0,415.0,London_141,cons,151,453,1092.0,70.0,2.0,160815.0,0.7783902119845152,812.0,84.0,1.0,83.0,152.0,10.0,142.0,88.0,324.0,83.0,8.0,20.0,1.0,11.0,1.0,5.0,3.0,85.0,132.0,233.0,16.0,4.0,4.0,0.0,0.0,0.0,0.0,0.0,0.0,0.0,31.0,0.0,0.0,0.0,26.0,2.0,3.0,0.0,0.0,1.0,30.0,0.0,0.0,0.0,0.0,0.0,0.0,0.0,0.0,0.0,0.0,0.0,0.0,0.0,0.0,0.0,0.0,0.0,0.0,6.0,4.0,2.0,0.0,7.0,6.0,7.0,6.0,15.0,9.0,18.0,17.0,0.0,0.0,0.0,0.0,0.0,0.0,0.0,0.0,0.0,0.0,0.0,0.0,0.0,0.0,0.0,0.0,0.0,0.0,8.0,5.0,2.0,0.0,9.0,8.0,11.0,8.0,24.0,12.0,27.0,26.0
416,1.0,416.0,London_141,cons,151,453,1092.0,70.0,2.0,164439.0,0.89711928460747,820.0,60.0,1.0,59.0,111.0,7.0,104.0,100.0,325.0,66.0,8.0,40.0,0.0,10.0,2.0,2.0,7.0,84.0,138.0,224.0,20.0,0.0,0.0,0.0,0.0,0.0,0.0,0.0,0.0,0.0,5.0,0.0,0.0,4.0,1.0,0.0,0.0,0.0,0.0,1.0,4.0,0.0,0.0,0.0,0.0,0.0,0.0,0.0,0.0,1.0,0.0,0.0,0.0,0.0,0.0,1.0,0.0,0.0,0.0,4.0,2.0,3.0,1.0,3.0,14.0,9.0,8.0,9.0,11.0,11.0,21.0,0.0,0.0,0.0,0.0,0.0,0.0,0.0,0.0,1.0,0.0,0.0,0.0,0.0,0.0,1.0,0.0,0.0,0.0,4.0,4.0,3.0,2.0,3.0,24.0,13.0,11.0,13.0,17.0,17.0,31.0
417,1.0,417.0,London_141,cons,151,453,1092.0,70.0,2.0,173499.0,0.9904278409667313,840.0,125.0,0.0,125.0,212.0,0.0,212.0,103.0,328.0,69.0,9.0,29.0,2.0,10.0,2.0,4.0,8.0,105.0,131.0,209.0,18.0,3.0,3.0,0.0,0.0,0.0,0.0,0.0,0.0,0.0,45.0,0.0,6.0,8.0,26.0,1.0,3.0,0.0,1.0,0.0,45.0,0.0,0.0,0.0,0.0,0.0,0.0,0.0,0.0,0.0,0.0,0.0,0.0,0.0,0.0,0.0,0.0,0.0,0.0,8.0,8.0,4.0,2.0,9.0,20.0,13.0,9.0,20.0,21.0,21.0,29.0,0.0,0.0,0.0,0.0,0.0,0.0,0.0,0.0,0.0,0.0,0.0,0.0,0.0,0.0,0.0,0.0,0.0,0.0,11.0,10.0,4.0,3.0,9.0,27.0,17.0,13.0,29.0,29.0,30.0,36.0
418,1.0,418.0,London_141,cons,151,453,1092.0,70.0,2.0,165345.0,0.8700968311168253,822.0,102.0,2.0,100.0,189.0,19.0,170.0,145.0,325.0,57.0,11.0,33.0,3.0,20.0,1.0,3.0,5.0,97.0,137.0,214.0,22.0,4.0,4.0,0.0,0.0,0.0,0.0,0.0,0.0,0.0,31.0,0.0,6.0,2.0,18.0,1.0,1.0,0.0,3.0,1.0,30.0,0.0,0.0,0.0,0.0,0.0,0.0,0.0,0.0,1.0,0.0,0.0,0.0,0.0,0.0,0.0,0.0,0.0,0.0,5.0,0.0,0.0,0.0,1.0,15.0,7.0,8.0,7.0,15.0,21.0,23.0,0.0,0.0,0.0,0.0,0.0,0.0,0.0,0.0,2.0,0.0,0.0,0.0,0.0,0.0,0.0,0.0,0.0,0.0,6.0,0.0,0.0,0.0,1.0,17.0,10.0,8.0,7.0,24.0,29.0,35.0
419,1.0,419.0,London_141,cons,151,453,1092.0,70.0,2.0,158550.0,0.8771757232025266,807.0,84.0,0.0,84.0,133.0,0.0,133.0,140.0,329.0,51.0,12.0,41.0,2.0,13.0,2.0,3.0,5.0,103.0,134.0,211.0,22.0,1.0,1.0,0.0,0.0,0.0,0.0,0.0,0.0,0.0,10.0,0.0,0.0,1.0,9.0,0.0,0.0,0.0,0.0,0.0,10.0,0.0,0.0,0.0,0.0,0.0,0.0,0.0,0.0,0.0,0.0,0.0,0.0,0.0,0.0,0.0,0.0,0.0,0.0,7.0,5.0,4.0,0.0,10.0,11.0,10.0,8.0,14.0,14.0,15.0,18.0,0.0,0.0,0.0,0.0,0.0,0.0,0.0,0.0,0.0,0.0,0.0,0.0,0.0,0.0,0.0,0.0,0.0,0.0,10.0,8.0,4.0,0.0,11.0,14.0,17.0,10.0,19.0,19.0,21.0,23.0
420,1.0,420.0,London_141,cons,151,453,1092.0,70.0,2.0,157644.0,0.8118302277289331,805.0,47.0,0.0,47.0,75.0,0.0,75.0,120.0,332.0,42.0,7.0,52.0,1.0,14.0,2.0,3.0,8.0,89.0,142.0,214.0,20.0,1.0,1.0,0.0,0.0,0.0,0.0,0.0,0.0,0.0,2.0,0.0,0.0,0.0,0.0,2.0,0.0,0.0,0.0,0.0,2.0,0.0,0.0,0.0,0.0,0.0,0.0,0.0,0.0,0.0,0.0,0.0,0.0,0.0,0.0,0.0,0.0,0.0,0.0,2.0,4.0,1.0,4.0,2.0,11.0,3.0,5.0,11.0,10.0,4.0,17.0,0.0,0.0,0.0,0.0,0.0,0.0,0.0,0.0,0.0,0.0,0.0,0.0,0.0,0.0,0.0,0.0,0.0,0.0,3.0,5.0,1.0,6.0,2.0,17.0,4.0,7.0,18.0,15.0,5.0,24.0
421,1.0,421.0,London_141,cons,151,453,1092.0,70.0,2.0,180294.0,0.9612284721806645,855.0,134.0,0.0,134.0,231.0,0.0,231.0,74.0,334.0,41.0,6.0,45.0,3.0,16.0,2.0,6.0,10.0,90.0,142.0,211.0,16.0,2.0,2.0,0.0,0.0,0.0,0.0,0.0,0.0,0.0,62.0,0.0,32.0,8.0,19.0,1.0,0.0,2.0,0.0,0.0,62.0,0.0,0.0,0.0,0.0,0.0,0.0,0.0,0.0,0.0,0.0,0.0,0.0,0.0,0.0,0.0,0.0,0.0,0.0,10.0,11.0,6.0,2.0,1.0,14.0,15.0,17.0,13.0,16.0,23.0,30.0,0.0,0.0,0.0,0.0,0.0,0.0,0.0,0.0,0.0,0.0,0.0,0.0,0.0,0.0,0.0,0.0,0.0,0.0,12.0,14.0,7.0,3.0,1.0,19.0,20.0,21.0,19.0,19.0,30.0,36.0
422,1.0,422.0,London_141,cons,151,453,1092.0,70.0,2.0,156738.0,0.8001546990126371,803.0,98.0,2.0,96.0,173.0,17.0,156.0,125.0,333.0,55.0,11.0,32.0,1.0,17.0,1.0,3.0,10.0,88.0,144.0,211.0,21.0,4.0,4.0,0.0,0.0,0.0,0.0,0.0,0.0,0.0,29.0,0.0,1.0,4.0,21.0,2.0,0.0,0.0,1.0,2.0,27.0,0.0,0.0,0.0,0.0,0.0,0.0,0.0,0.0,0.0,0.0,0.0,0.0,1.0,0.0,0.0,0.0,0.0,0.0,8.0,7.0,5.0,0.0,10.0,16.0,6.0,14.0,13.0,14.0,19.0,25.0,0.0,0.0,0.0,0.0,0.0,0.0,0.0,0.0,0.0,0.0,0.0,0.0,3.0,0.0,0.0,0.0,0.0,0.0,8.0,8.0,6.0,0.0,10.0,20.0,6.0,15.0,17.0,18.0,25.0,30.0
423,1.0,423.0,London_141,cons,151,453,1092.0,70.0,2.0,145866.0,0.7780298008583486,779.0,2.0,2.0,0.0,18.0,18.0,0.0,128.0,335.0,47.0,11.0,38.0,4.0,14.0,2.0,2.0,6.0,96.0,134.0,217.0,19.0,1.0,1.0,0.0,0.0,0.0,0.0,0.0,0.0,0.0,2.0,0.0,0.0,0.0,2.0,0.0,0.0,0.0,0.0,2.0,0.0,0.0,0.0,0.0,0.0,0.0,0.0,0.0,0.0,1.0,0.0,0.0,2.0,0.0,1.0,0.0,0.0,0.0,0.0,0.0,0.0,0.0,0.0,0.0,0.0,0.0,0.0,0.0,0.0,0.0,0.0,0.0,0.0,0.0,0.0,0.0,0.0,0.0,0.0,1.0,0.0,0.0,5.0,0.0,1.0,0.0,0.0,0.0,0.0,0.0,0.0,0.0,0.0,0.0,0.0,0.0,0.0,0.0,0.0,0.0,0.0
424,1.0,424.0,London_141,cons,151,453,1092.0,70.0,2.0,195696.0,1.185670755803585,889.0,160.0,0.0,160.0,282.0,0.0,282.0,8.0,334.0,53.0,11.0,33.0,4.0,14.0,2.0,2.0,6.0,97.0,130.0,220.0,17.0,7.0,7.0,0.0,0.0,0.0,0.0,0.0,0.0,0.0,94.0,0.0,27.0,11.0,47.0,0.0,5.0,1.0,3.0,0.0,94.0,0.0,0.0,0.0,0.0,0.0,0.0,0.0,0.0,0.0,0.0,0.0,0.0,0.0,0.0,0.0,0.0,0.0,0.0,5.0,13.0,6.0,2.0,6.0,30.0,7.0,15.0,15.0,16.0,22.0,26.0,0.0,0.0,0.0,0.0,0.0,0.0,0.0,0.0,0.0,0.0,0.0,0.0,0.0,0.0,0.0,0.0,0.0,0.0,5.0,17.0,6.0,2.0,6.0,41.0,11.0,19.0,22.0,23.0,25.0,39.0
425,1.0,425.0,London_141,cons,151,453,1092.0,70.0,2.0,172140.0,1.2173618809320033,837.0,125.0,2.0,123.0,229.0,19.0,210.0,143.0,330.0,48.0,11.0,36.0,2.0,22.0,0.0,4.0,6.0,90.0,141.0,216.0,10.0,9.0,9.0,0.0,0.0,0.0,0.0,0.0,0.0,0.0,57.0,0.0,20.0,4.0,26.0,4.0,1.0,2.0,0.0,2.0,55.0,0.0,0.0,0.0,0.0,0.0,0.0,0.0,0.0,0.0,0.0,0.0,0.0,0.0,0.0,0.0,0.0,0.0,0.0,8.0,5.0,11.0,1.0,4.0,21.0,5.0,10.0,23.0,14.0,12.0,16.0,0.0,0.0,0.0,0.0,0.0,0.0,0.0,0.0,0.0,0.0,0.0,0.0,0.0,0.0,0.0,0.0,0.0,0.0,9.0,6.0,13.0,1.0,4.0,31.0,12.0,13.0,29.0,21.0,17.0,22.0
426,1.0,426.0,London_141,cons,151,453,1092.0,70.0,2.0,153567.0,0.8649834431707859,796.0,25.0,1.0,24.0,54.0,9.0,45.0,137.0,325.0,61.0,7.0,37.0,2.0,17.0,1.0,3.0,4.0,94.0,143.0,212.0,19.0,1.0,1.0,0.0,0.0,0.0,0.0,0.0,0.0,0.0,2.0,0.0,0.0,1.0,0.0,0.0,1.0,0.0,0.0,1.0,1.0,0.0,0.0,0.0,0.0,0.0,0.0,0.0,0.0,1.0,0.0,0.0,0.0,0.0,1.0,1.0,0.0,0.0,0.0,0.0,0.0,0.0,0.0,0.0,3.0,1.0,2.0,2.0,4.0,3.0,4.0,0.0,0.0,0.0,0.0,0.0,0.0,0.0,0.0,3.0,0.0,0.0,0.0,0.0,5.0,2.0,0.0,0.0,0.0,0.0,0.0,0.0,0.0,0.0,5.0,1.0,2.0,3.0,5.0,5.0,5.0
427,1.0,427.0,London_141,cons,151,453,1092.0,70.0,2.0,181200.0,0.9911201880313456,857.0,101.0,0.0,101.0,169.0,0.0,169.0,53.0,329.0,64.0,4.0,41.0,2.0,11.0,1.0,1.0,5.0,89.0,139.0,220.0,20.0,3.0,3.0,0.0,0.0,0.0,0.0,0.0,0.0,0.0,34.0,0.0,0.0,3.0,25.0,0.0,1.0,2.0,3.0,0.0,34.0,0.0,0.0,0.0,0.0,0.0,0.0,0.0,0.0,0.0,0.0,0.0,0.0,0.0,0.0,0.0,0.0,0.0,0.0,4.0,13.0,6.0,0.0,5.0,11.0,16.0,11.0,11.0,16.0,20.0,16.0,0.0,0.0,0.0,0.0,0.0,0.0,0.0,0.0,0.0,0.0,0.0,0.0,0.0,0.0,0.0,0.0,0.0,0.0,6.0,18.0,8.0,0.0,5.0,14.0,23.0,17.0,14.0,21.0,28.0,23.0
428,1.0,428.0,London_141,cons,151,453,1092.0,70.0,2.0,167610.0,1.03153356583789,827.0,124.0,0.0,124.0,205.0,0.0,205.0,128.0,326.0,59.0,11.0,42.0,3.0,11.0,0.0,1.0,4.0,87.0,143.0,219.0,14.0,6.0,6.0,0.0,0.0,0.0,0.0,0.0,0.0,0.0,39.0,0.0,3.0,7.0,15.0,2.0,3.0,2.0,7.0,0.0,39.0,0.0,0.0,0.0,0.0,0.0,0.0,0.0,0.0,0.0,0.0,0.0,0.0,0.0,0.0,0.0,0.0,0.0,0.0,7.0,15.0,6.0,1.0,5.0,18.0,12.0,14.0,15.0,21.0,27.0,21.0,0.0,0.0,0.0,0.0,0.0,0.0,0.0,0.0,0.0,0.0,0.0,0.0,0.0,0.0,0.0,0.0,0.0,0.0,11.0,23.0,7.0,1.0,5.0,22.0,24.0,27.0,24.0,26.0,36.0,28.0
429,1.0,429.0,London_141,cons,151,453,1092.0,70.0,2.0,156738.0,0.8182601607404649,803.0,123.0,1.0,122.0,216.0,10.0,206.0,149.0,323.0,42.0,6.0,58.0,3.0,16.0,1.0,4.0,7.0,95.0,132.0,219.0,22.0,3.0,3.0,0.0,0.0,0.0,0.0,0.0,0.0,0.0,51.0,0.0,30.0,6.0,15.0,0.0,0.0,0.0,0.0,1.0,50.0,0.0,0.0,0.0,0.0,0.0,0.0,0.0,0.0,0.0,0.0,0.0,0.0,0.0,0.0,0.0,0.0,0.0,0.0,8.0,9.0,6.0,0.0,7.0,15.0,9.0,9.0,19.0,15.0,20.0,21.0,0.0,0.0,0.0,0.0,0.0,0.0,0.0,0.0,0.0,0.0,0.0,0.0,0.0,0.0,0.0,0.0,0.0,0.0,8.0,12.0,6.0,0.0,8.0,19.0,11.0,15.0,22.0,22.0,27.0,29.0
430,1.0,430.0,London_141,cons,151,453,1092.0,70.0,2.0,142242.0,0.6984227518551052,771.0,75.0,0.0,75.0,131.0,0.0,131.0,141.0,326.0,50.0,4.0,48.0,8.0,11.0,1.0,5.0,5.0,93.0,136.0,219.0,24.0,3.0,3.0,0.0,0.0,0.0,0.0,0.0,0.0,0.0,11.0,0.0,0.0,5.0,6.0,0.0,0.0,0.0,0.0,0.0,11.0,0.0,0.0,0.0,0.0,0.0,0.0,0.0,0.0,0.0,0.0,0.0,0.0,0.0,0.0,0.0,0.0,0.0,0.0,4.0,3.0,5.0,1.0,3.0,21.0,3.0,11.0,18.0,12.0,16.0,27.0,0.0,0.0,0.0,0.0,0.0,0.0,0.0,0.0,0.0,0.0,0.0,0.0,0.0,0.0,0.0,0.0,0.0,0.0,4.0,3.0,5.0,1.0,3.0,24.0,4.0,19.0,28.0,17.0,25.0,37.0
431,1.0,431.0,London_141,cons,151,453,1092.0,70.0,2.0,143601.0,0.7600724399089813,774.0,73.0,2.0,71.0,141.0,17.0,124.0,116.0,333.0,56.0,9.0,36.0,5.0,11.0,1.0,2.0,6.0,86.0,139.0,222.0,22.0,7.0,7.0,0.0,0.0,0.0,0.0,0.0,0.0,0.0,11.0,0.0,7.0,0.0,3.0,0.0,0.0,0.0,1.0,1.0,10.0,0.0,0.0,0.0,0.0,0.0,0.0,0.0,0.0,1.0,0.0,0.0,0.0,0.0,0.0,1.0,0.0,0.0,0.0,5.0,5.0,5.0,1.0,2.0,8.0,14.0,5.0,14.0,10.0,20.0,23.0,0.0,0.0,0.0,0.0,0.0,0.0,0.0,0.0,1.0,0.0,0.0,0.0,0.0,0.0,3.0,0.0,0.0,0.0,5.0,12.0,5.0,2.0,2.0,14.0,22.0,9.0,21.0,13.0,33.0,31.0
432,1.0,432.0,London_141,cons,151,453,1092.0,70.0,2.0,146772.0,0.7432189472019672,781.0,46.0,1.0,45.0,85.0,12.0,73.0,126.0,336.0,50.0,7.0,31.0,9.0,15.0,2.0,3.0,6.0,86.0,151.0,210.0,19.0,15.0,15.0,0.0,0.0,0.0,0.0,0.0,0.0,0.0,1.0,0.0,0.0,0.0,0.0,0.0,1.0,0.0,0.0,1.0,0.0,0.0,0.0,0.0,0.0,0.0,0.0,0.0,0.0,0.0,0.0,0.0,1.0,0.0,0.0,1.0,0.0,0.0,0.0,0.0,1.0,2.0,0.0,0.0,5.0,2.0,2.0,1.0,8.0,12.0,6.0,0.0,0.0,0.0,0.0,0.0,0.0,0.0,0.0,0.0,0.0,0.0,4.0,0.0,0.0,3.0,0.0,0.0,0.0,0.0,1.0,4.0,0.0,0.0,7.0,2.0,3.0,1.0,15.0,16.0,7.0
433,1.0,433.0,London_141,cons,151,453,1092.0,70.0,2.0,160362.0,0.9434110526926816,811.0,51.0,2.0,49.0,113.0,19.0,94.0,92.0,326.0,61.0,11.0,27.0,10.0,13.0,2.0,3.0,3.0,90.0,138.0,222.0,15.0,2.0,2.0,0.0,0.0,0.0,0.0,0.0,0.0,0.0,3.0,0.0,0.0,0.0,2.0,0.0,1.0,0.0,0.0,2.0,1.0,0.0,0.0,0.0,0.0,0.0,0.0,0.0,0.0,1.0,0.0,0.0,0.0,0.0,1.0,0.0,0.0,0.0,0.0,2.0,7.0,5.0,2.0,1.0,11.0,7.0,2.0,5.0,10.0,12.0,9.0,0.0,0.0,0.0,0.0,0.0,0.0,0.0,0.0,2.0,0.0,0.0,0.0,0.0,2.0,0.0,0.0,0.0,0.0,2.0,8.0,6.0,5.0,2.0,14.0,10.0,4.0,7.0,17.0,19.0,13.0
434,1.0,434.0,London_141,cons,151,453,1092.0,70.0,2.0,175311.0,0.9377310345880687,844.0,18.0,0.0,18.0,30.0,0.0,30.0,97.0,326.0,60.0,10.0,30.0,11.0,13.0,1.0,2.0,4.0,90.0,138.0,221.0,16.0,5.0,5.0,0.0,0.0,0.0,0.0,0.0,0.0,0.0,0.0,0.0,0.0,0.0,0.0,0.0,0.0,0.0,0.0,0.0,0.0,0.0,0.0,0.0,0.0,0.0,0.0,0.0,0.0,0.0,0.0,0.0,0.0,0.0,0.0,0.0,0.0,0.0,0.0,1.0,5.0,3.0,0.0,0.0,1.0,1.0,2.0,1.0,1.0,4.0,6.0,0.0,0.0,0.0,0.0,0.0,0.0,0.0,0.0,0.0,0.0,0.0,0.0,0.0,0.0,0.0,0.0,0.0,0.0,2.0,8.0,3.0,0.0,0.0,1.0,1.0,2.0,1.0,2.0,7.0,9.0
435,1.0,435.0,London_141,cons,151,453,1092.0,70.0,2.0,197961.0,1.1384074711240828,894.0,296.0,0.0,296.0,500.0,0.0,500.0,35.0,327.0,65.0,7.0,25.0,12.0,15.0,1.0,1.0,6.0,85.0,144.0,218.0,16.0,2.0,2.0,0.0,0.0,0.0,0.0,0.0,0.0,0.0,210.0,0.0,74.0,21.0,94.0,0.0,11.0,2.0,8.0,0.0,210.0,0.0,0.0,0.0,0.0,0.0,0.0,0.0,0.0,0.0,0.0,0.0,0.0,0.0,0.0,0.0,0.0,0.0,0.0,7.0,7.0,5.0,3.0,5.0,14.0,15.0,19.0,16.0,23.0,23.0,20.0,0.0,0.0,0.0,0.0,0.0,0.0,0.0,0.0,0.0,0.0,0.0,0.0,0.0,0.0,0.0,0.0,0.0,0.0,8.0,10.0,5.0,4.0,7.0,20.0,20.0,29.0,21.0,32.0,34.0,31.0
436,1.0,436.0,London_141,cons,151,453,1092.0,70.0,2.0,86976.0,0.42210375564172864,649.0,86.0,1.0,85.0,152.0,9.0,143.0,161.0,308.0,64.0,11.0,51.0,2.0,16.0,1.0,0.0,5.0,79.0,163.0,206.0,25.0,6.0,6.0,0.0,0.0,0.0,0.0,0.0,0.0,0.0,21.0,0.0,0.0,0.0,7.0,2.0,8.0,0.0,4.0,1.0,20.0,0.0,0.0,0.0,0.0,0.0,0.0,0.0,0.0,0.0,0.0,0.0,0.0,1.0,0.0,0.0,0.0,0.0,0.0,6.0,8.0,2.0,1.0,6.0,10.0,11.0,12.0,11.0,10.0,17.0,14.0,0.0,0.0,0.0,0.0,0.0,0.0,0.0,0.0,0.0,0.0,0.0,0.0,3.0,0.0,0.0,0.0,0.0,0.0,8.0,13.0,2.0,1.0,7.0,12.0,16.0,17.0,18.0,15.0,21.0,15.0
437,1.0,437.0,London_141,cons,151,453,1092.0,70.0,2.0,69762.0,0.5546112926676869,611.0,14.0,0.0,14.0,21.0,0.0,21.0,125.0,309.0,69.0,15.0,44.0,6.0,8.0,1.0,1.0,4.0,81.0,159.0,209.0,17.0,2.0,2.0,0.0,0.0,0.0,0.0,0.0,0.0,0.0,0.0,0.0,0.0,0.0,0.0,0.0,0.0,0.0,0.0,0.0,0.0,0.0,0.0,0.0,0.0,0.0,0.0,0.0,0.0,0.0,0.0,0.0,0.0,0.0,0.0,0.0,0.0,0.0,0.0,3.0,2.0,1.0,0.0,0.0,1.0,4.0,4.0,2.0,1.0,2.0,1.0,0.0,0.0,0.0,0.0,0.0,0.0,0.0,0.0,0.0,0.0,0.0,0.0,0.0,0.0,0.0,0.0,0.0,0.0,3.0,3.0,2.0,0.0,0.0,1.0,6.0,7.0,2.0,2.0,3.0,2.0
438,1.0,438.0,London_141,cons,151,453,1092.0,70.0,2.0,93318.0,0.5008967886678874,663.0,2.0,2.0,0.0,20.0,20.0,0.0,24.0,312.0,71.0,12.0,41.0,7.0,7.0,1.0,2.0,5.0,78.0,159.0,211.0,17.0,6.0,6.0,0.0,0.0,0.0,0.0,0.0,0.0,0.0,2.0,0.0,0.0,0.0,0.0,0.0,1.0,0.0,1.0,2.0,0.0,0.0,0.0,0.0,0.0,0.0,0.0,0.0,0.0,1.0,1.0,0.0,1.0,0.0,1.0,1.0,0.0,0.0,0.0,0.0,0.0,0.0,0.0,0.0,0.0,0.0,0.0,0.0,0.0,0.0,0.0,0.0,0.0,0.0,0.0,0.0,0.0,0.0,0.0,1.0,2.0,0.0,1.0,0.0,2.0,1.0,0.0,0.0,0.0,0.0,0.0,0.0,0.0,0.0,0.0,0.0,0.0,0.0,0.0,0.0,0.0
439,1.0,439.0,London_141,cons,151,453,1092.0,70.0,2.0,126387.0,0.8945580036379397,736.0,62.0,2.0,60.0,135.0,20.0,115.0,10.0,308.0,73.0,13.0,45.0,5.0,7.0,0.0,2.0,5.0,77.0,161.0,210.0,17.0,6.0,6.0,0.0,0.0,0.0,0.0,0.0,0.0,0.0,4.0,0.0,0.0,0.0,1.0,0.0,2.0,1.0,0.0,2.0,2.0,0.0,0.0,0.0,0.0,0.0,0.0,0.0,0.0,0.0,0.0,0.0,0.0,0.0,0.0,1.0,0.0,0.0,0.0,8.0,9.0,8.0,1.0,1.0,10.0,8.0,9.0,5.0,5.0,15.0,17.0,0.0,0.0,0.0,0.0,0.0,0.0,0.0,0.0,0.0,0.0,0.0,0.0,0.0,0.0,1.0,0.0,0.0,0.0,12.0,12.0,8.0,2.0,1.0,14.0,14.0,10.0,10.0,11.0,24.0,23.0
440,1.0,440.0,London_141,cons,151,453,1092.0,70.0,2.0,133182.0,0.645252259913832,751.0,112.0,1.0,111.0,201.0,10.0,191.0,119.0,310.0,71.0,15.0,39.0,4.0,11.0,0.0,3.0,6.0,87.0,147.0,213.0,14.0,5.0,5.0,0.0,0.0,0.0,0.0,0.0,0.0,0.0,25.0,0.0,0.0,3.0,18.0,0.0,1.0,1.0,2.0,1.0,24.0,0.0,0.0,0.0,0.0,0.0,0.0,0.0,0.0,0.0,0.0,0.0,0.0,0.0,1.0,0.0,0.0,0.0,0.0,8.0,2.0,5.0,2.0,8.0,28.0,9.0,9.0,12.0,10.0,28.0,20.0,0.0,0.0,0.0,0.0,0.0,0.0,0.0,0.0,0.0,0.0,0.0,0.0,0.0,1.0,0.0,0.0,0.0,0.0,9.0,4.0,5.0,3.0,8.0,39.0,12.0,12.0,17.0,15.0,43.0,24.0
441,1.0,441.0,London_141,cons,151,453,1092.0,70.0,2.0,125481.0,0.8287037136033177,734.0,35.0,2.0,33.0,70.0,18.0,52.0,160.0,308.0,73.0,8.0,44.0,5.0,13.0,0.0,2.0,6.0,77.0,153.0,217.0,25.0,7.0,7.0,0.0,0.0,0.0,0.0,0.0,0.0,0.0,2.0,0.0,0.0,0.0,0.0,0.0,1.0,0.0,1.0,2.0,0.0,0.0,0.0,0.0,0.0,0.0,0.0,0.0,0.0,1.0,0.0,0.0,1.0,0.0,1.0,2.0,0.0,0.0,0.0,0.0,3.0,0.0,0.0,0.0,3.0,2.0,2.0,3.0,5.0,6.0,4.0,0.0,0.0,0.0,0.0,0.0,0.0,0.0,0.0,1.0,0.0,0.0,4.0,0.0,3.0,2.0,0.0,0.0,0.0,0.0,5.0,0.0,0.0,0.0,3.0,5.0,3.0,3.0,5.0,8.0,5.0
442,1.0,442.0,London_141,cons,151,453,1092.0,70.0,2.0,150396.0,0.8535424279980361,789.0,7.0,0.0,7.0,11.0,0.0,11.0,64.0,311.0,72.0,10.0,40.0,6.0,12.0,0.0,2.0,4.0,71.0,153.0,225.0,15.0,5.0,5.0,0.0,0.0,0.0,0.0,0.0,0.0,0.0,0.0,0.0,0.0,0.0,0.0,0.0,0.0,0.0,0.0,0.0,0.0,0.0,0.0,0.0,0.0,0.0,0.0,0.0,0.0,0.0,0.0,0.0,0.0,0.0,0.0,0.0,0.0,0.0,0.0,1.0,0.0,0.0,0.0,1.0,2.0,1.0,2.0,0.0,0.0,2.0,2.0,0.0,0.0,0.0,0.0,0.0,0.0,0.0,0.0,0.0,0.0,0.0,0.0,0.0,0.0,0.0,0.0,0.0,0.0,2.0,0.0,0.0,0.0,1.0,3.0,2.0,3.0,0.0,0.0,3.0,2.0
443,1.0,443.0,London_141,cons,151,453,1092.0,70.0,2.0,185277.0,1.1303983759135008,866.0,88.0,2.0,86.0,164.0,20.0,144.0,17.0,307.0,69.0,13.0,43.0,6.0,13.0,0.0,2.0,4.0,71.0,154.0,224.0,15.0,2.0,2.0,0.0,0.0,0.0,0.0,0.0,0.0,0.0,16.0,0.0,0.0,0.0,15.0,0.0,1.0,0.0,0.0,2.0,14.0,0.0,0.0,0.0,0.0,0.0,0.0,0.0,0.0,1.0,0.0,0.0,0.0,0.0,1.0,0.0,0.0,0.0,0.0,4.0,8.0,7.0,0.0,2.0,3.0,11.0,6.0,10.0,19.0,17.0,18.0,0.0,0.0,0.0,0.0,0.0,0.0,0.0,0.0,1.0,0.0,0.0,0.0,0.0,1.0,0.0,0.0,0.0,0.0,5.0,10.0,8.0,0.0,2.0,5.0,20.0,10.0,13.0,28.0,25.0,24.0
444,1.0,444.0,London_141,cons,151,453,1092.0,70.0,2.0,196602.0,1.2286435258574784,891.0,133.0,0.0,133.0,232.0,0.0,232.0,129.0,300.0,64.0,14.0,47.0,8.0,14.0,0.0,6.0,6.0,78.0,158.0,211.0,22.0,0.0,0.0,0.0,0.0,0.0,0.0,0.0,0.0,0.0,46.0,0.0,7.0,3.0,34.0,0.0,0.0,0.0,2.0,0.0,46.0,0.0,0.0,0.0,0.0,0.0,0.0,0.0,0.0,0.0,0.0,0.0,0.0,0.0,0.0,0.0,0.0,0.0,0.0,2.0,9.0,5.0,2.0,8.0,20.0,10.0,12.0,17.0,18.0,30.0,37.0,0.0,0.0,0.0,0.0,0.0,0.0,0.0,0.0,0.0,0.0,0.0,0.0,0.0,0.0,0.0,0.0,0.0,0.0,2.0,12.0,5.0,2.0,8.0,25.0,13.0,18.0,25.0,27.0,39.0,47.0
445,1.0,445.0,London_141,cons,151,453,1092.0,70.0,2.0,177123.0,1.0887611359357834,848.0,129.0,0.0,129.0,224.0,0.0,224.0,164.0,295.0,65.0,12.0,61.0,7.0,12.0,0.0,1.0,7.0,83.0,155.0,208.0,18.0,3.0,3.0,0.0,0.0,0.0,0.0,0.0,0.0,0.0,42.0,0.0,22.0,0.0,15.0,0.0,0.0,0.0,5.0,0.0,42.0,0.0,0.0,0.0,0.0,0.0,0.0,0.0,0.0,0.0,0.0,0.0,0.0,0.0,0.0,0.0,0.0,0.0,0.0,8.0,9.0,4.0,3.0,6.0,22.0,11.0,16.0,20.0,24.0,25.0,33.0,0.0,0.0,0.0,0.0,0.0,0.0,0.0,0.0,0.0,0.0,0.0,0.0,0.0,0.0,0.0,0.0,0.0,0.0,10.0,12.0,4.0,3.0,7.0,29.0,15.0,23.0,28.0,31.0,37.0,43.0
446,1.0,446.0,London_141,cons,151,453,1092.0,70.0,2.0,164439.0,0.9717259178869426,820.0,63.0,2.0,61.0,123.0,17.0,106.0,169.0,300.0,64.0,8.0,54.0,6.0,14.0,0.0,7.0,8.0,76.0,157.0,212.0,17.0,5.0,5.0,0.0,0.0,0.0,0.0,0.0,0.0,0.0,2.0,0.0,1.0,0.0,0.0,0.0,1.0,0.0,0.0,2.0,0.0,0.0,0.0,0.0,0.0,0.0,0.0,0.0,0.0,1.0,0.0,0.0,1.0,0.0,0.0,1.0,0.0,0.0,0.0,4.0,1.0,0.0,4.0,0.0,6.0,6.0,4.0,7.0,11.0,18.0,10.0,0.0,0.0,0.0,0.0,0.0,0.0,0.0,0.0,2.0,0.0,0.0,3.0,0.0,0.0,1.0,0.0,0.0,0.0,5.0,1.0,0.0,7.0,0.0,8.0,10.0,5.0,14.0,14.0,24.0,13.0
447,1.0,447.0,London_141,cons,151,453,1092.0,70.0,2.0,168969.0,1.384957280009985,830.0,125.0,0.0,125.0,230.0,0.0,230.0,120.0,304.0,65.0,15.0,41.0,9.0,12.0,1.0,6.0,6.0,81.0,159.0,207.0,18.0,7.0,7.0,0.0,0.0,0.0,0.0,0.0,0.0,0.0,40.0,0.0,13.0,0.0,26.0,0.0,0.0,0.0,1.0,0.0,40.0,0.0,0.0,0.0,0.0,0.0,0.0,0.0,0.0,0.0,0.0,0.0,0.0,0.0,0.0,0.0,0.0,0.0,0.0,12.0,13.0,8.0,3.0,3.0,22.0,12.0,15.0,19.0,20.0,21.0,21.0,0.0,0.0,0.0,0.0,0.0,0.0,0.0,0.0,0.0,0.0,0.0,0.0,0.0,0.0,0.0,0.0,0.0,0.0,17.0,18.0,8.0,4.0,3.0,28.0,14.0,26.0,26.0,27.0,34.0,29.0
448,1.0,448.0,London_141,cons,151,453,1092.0,70.0,2.0,150396.0,0.8957233969122171,789.0,75.0,2.0,73.0,135.0,17.0,118.0,166.0,299.0,54.0,22.0,55.0,8.0,11.0,0.0,4.0,5.0,80.0,161.0,207.0,20.0,5.0,5.0,0.0,0.0,0.0,0.0,0.0,0.0,0.0,2.0,0.0,0.0,0.0,1.0,0.0,1.0,0.0,0.0,2.0,0.0,0.0,0.0,0.0,0.0,0.0,0.0,0.0,0.0,0.0,0.0,0.0,1.0,1.0,0.0,0.0,0.0,0.0,0.0,2.0,5.0,0.0,1.0,0.0,1.0,2.0,0.0,9.0,18.0,11.0,10.0,0.0,0.0,0.0,0.0,0.0,0.0,0.0,0.0,0.0,0.0,0.0,5.0,6.0,0.0,0.0,0.0,0.0,0.0,2.0,6.0,0.0,1.0,0.0,1.0,3.0,0.0,12.0,25.0,13.0,12.0
449,1.0,449.0,London_141,cons,151,453,1092.0,70.0,2.0,156285.0,0.9268742119893432,802.0,15.0,0.0,15.0,27.0,0.0,27.0,132.0,284.0,60.0,25.0,51.0,12.0,16.0,1.0,4.0,6.0,84.0,158.0,205.0,20.0,2.0,2.0,0.0,0.0,0.0,0.0,0.0,0.0,0.0,0.0,0.0,0.0,0.0,0.0,0.0,0.0,0.0,0.0,0.0,0.0,0.0,0.0,0.0,0.0,0.0,0.0,0.0,0.0,0.0,0.0,0.0,0.0,0.0,0.0,0.0,0.0,0.0,0.0,1.0,1.0,2.0,0.0,2.0,5.0,3.0,1.0,5.0,3.0,4.0,2.0,0.0,0.0,0.0,0.0,0.0,0.0,0.0,0.0,0.0,0.0,0.0,0.0,0.0,0.0,0.0,0.0,0.0,0.0,4.0,2.0,3.0,0.0,2.0,7.0,4.0,1.0,12.0,5.0,7.0,4.0
450,1.0,450.0,London_141,cons,151,453,1092.0,70.0,2.0,186636.0,1.1157617196440697,869.0,209.0,1.0,208.0,354.0,8.0,346.0,30.0,285.0,53.0,24.0,60.0,13.0,12.0,1.0,5.0,5.0,83.0,160.0,205.0,22.0,2.0,2.0,0.0,0.0,0.0,0.0,0.0,0.0,0.0,111.0,0.0,34.0,0.0,57.0,0.0,9.0,2.0,9.0,1.0,110.0,0.0,0.0,0.0,0.0,0.0,0.0,0.0,0.0,0.0,0.0,0.0,0.0,0.0,0.0,0.0,0.0,0.0,0.0,5.0,14.0,6.0,1.0,6.0,16.0,15.0,16.0,22.0,37.0,20.0,36.0,0.0,0.0,0.0,0.0,0.0,0.0,0.0,0.0,0.0,0.0,0.0,0.0,0.0,0.0,0.0,0.0,0.0,0.0,6.0,17.0,6.0,1.0,6.0,21.0,21.0,21.0,26.0,49.0,25.0,46.0
451,1.0,451.0,London_141,cons,151,453,1092.0,70.0,2.0,130011.0,0.9255747837014496,744.0,48.0,2.0,46.0,99.0,18.0,81.0,190.0,283.0,83.0,17.0,46.0,6.0,15.0,1.0,2.0,5.0,69.0,159.0,220.0,22.0,2.0,2.0,0.0,0.0,0.0,0.0,0.0,0.0,0.0,2.0,0.0,0.0,0.0,2.0,0.0,0.0,0.0,0.0,2.0,0.0,0.0,0.0,0.0,0.0,0.0,0.0,0.0,0.0,0.0,0.0,0.0,0.0,1.0,0.0,0.0,0.0,0.0,0.0,3.0,5.0,2.0,1.0,3.0,8.0,4.0,6.0,8.0,9.0,14.0,12.0,0.0,0.0,0.0,0.0,0.0,0.0,0.0,0.0,0.0,0.0,0.0,0.0,1.0,0.0,0.0,0.0,0.0,0.0,5.0,5.0,2.0,2.0,3.0,10.0,6.0,9.0,15.0,16.0,22.0,15.0
452,1.0,452.0,London_141,cons,151,453,1092.0,70.0,2.0,142242.0,0.904353020247072,771.0,98.0,0.0,98.0,178.0,0.0,178.0,86.0,284.0,94.0,18.0,25.0,6.0,21.0,1.0,4.0,5.0,66.0,169.0,213.0,17.0,4.0,4.0,0.0,0.0,0.0,0.0,0.0,0.0,0.0,26.0,0.0,0.0,1.0,25.0,0.0,0.0,0.0,0.0,0.0,26.0,0.0,0.0,0.0,0.0,0.0,0.0,0.0,0.0,0.0,0.0,0.0,0.0,0.0,0.0,0.0,0.0,0.0,0.0,7.0,4.0,2.0,4.0,4.0,11.0,13.0,12.0,15.0,14.0,28.0,24.0,0.0,0.0,0.0,0.0,0.0,0.0,0.0,0.0,0.0,0.0,0.0,0.0,0.0,0.0,0.0,0.0,0.0,0.0,9.0,7.0,3.0,7.0,4.0,19.0,20.0,24.0,22.0,23.0,44.0,33.0
453,1.0,453.0,London_141,cons,151,453,1092.0,70.0,2.0,131370.0,0.7358765196986496,747.0,6.0,2.0,4.0,24.0,19.0,5.0,141.0,284.0,88.0,8.0,40.0,9.0,16.0,1.0,7.0,7.0,63.0,169.0,214.0,27.0,5.0,5.0,0.0,0.0,0.0,0.0,0.0,0.0,0.0,2.0,0.0,1.0,0.0,0.0,0.0,1.0,0.0,0.0,2.0,0.0,0.0,0.0,0.0,0.0,0.0,0.0,0.0,0.0,2.0,0.0,0.0,0.0,0.0,0.0,2.0,0.0,0.0,0.0,0.0,0.0,0.0,0.0,0.0,1.0,1.0,0.0,0.0,1.0,1.0,0.0,0.0,0.0,0.0,0.0,0.0,0.0,0.0,0.0,3.0,0.0,0.0,0.0,0.0,0.0,3.0,0.0,0.0,0.0,0.0,0.0,0.0,0.0,0.0,1.0,1.0,0.0,0.0,1.0,1.0,0.0
454,1.0,454.0,London_141,cons,151,453,1092.0,70.0,2.0,165798.0,1.3146996083669364,823.0,141.0,0.0,141.0,244.0,0.0,244.0,19.0,283.0,84.0,9.0,44.0,8.0,16.0,1.0,8.0,6.0,69.0,160.0,218.0,21.0,2.0,2.0,0.0,0.0,0.0,0.0,0.0,0.0,0.0,47.0,0.0,0.0,9.0,37.0,0.0,0.0,0.0,1.0,0.0,47.0,0.0,0.0,0.0,0.0,0.0,0.0,0.0,0.0,0.0,0.0,0.0,0.0,0.0,0.0,0.0,0.0,0.0,0.0,7.0,8.0,5.0,2.0,4.0,27.0,15.0,15.0,23.0,29.0,25.0,22.0,0.0,0.0,0.0,0.0,0.0,0.0,0.0,0.0,0.0,0.0,0.0,0.0,0.0,0.0,0.0,0.0,0.0,0.0,11.0,9.0,5.0,3.0,4.0,31.0,21.0,19.0,44.0,42.0,34.0,27.0
455,1.0,455.0,London_141,cons,151,453,1092.0,70.0,2.0,144054.0,0.7634394057095051,775.0,52.0,0.0,52.0,87.0,0.0,87.0,170.0,295.0,65.0,17.0,45.0,10.0,18.0,0.0,3.0,5.0,74.0,165.0,209.0,24.0,4.0,4.0,0.0,0.0,0.0,0.0,0.0,0.0,0.0,0.0,0.0,0.0,0.0,0.0,0.0,0.0,0.0,0.0,0.0,0.0,0.0,0.0,0.0,0.0,0.0,0.0,0.0,0.0,0.0,0.0,0.0,0.0,0.0,0.0,0.0,0.0,0.0,0.0,7.0,3.0,1.0,4.0,4.0,12.0,5.0,9.0,4.0,12.0,8.0,11.0,0.0,0.0,0.0,0.0,0.0,0.0,0.0,0.0,0.0,0.0,0.0,0.0,0.0,0.0,0.0,0.0,0.0,0.0,10.0,4.0,2.0,7.0,4.0,13.0,6.0,11.0,4.0,16.0,12.0,16.0
456,1.0,456.0,London_141,cons,151,453,1092.0,70.0,2.0,158097.0,0.9738162872381508,806.0,117.0,3.0,114.0,233.0,25.0,208.0,91.0,297.0,70.0,15.0,37.0,11.0,21.0,1.0,1.0,6.0,85.0,166.0,196.0,28.0,9.0,9.0,0.0,0.0,0.0,0.0,0.0,0.0,0.0,38.0,0.0,4.0,3.0,21.0,1.0,2.0,0.0,7.0,3.0,35.0,0.0,0.0,0.0,0.0,0.0,0.0,0.0,0.0,0.0,1.0,0.0,0.0,0.0,0.0,0.0,0.0,0.0,0.0,4.0,2.0,0.0,0.0,5.0,7.0,3.0,4.0,8.0,16.0,19.0,8.0,0.0,0.0,0.0,0.0,0.0,0.0,0.0,0.0,0.0,4.0,0.0,0.0,0.0,0.0,0.0,0.0,0.0,0.0,6.0,3.0,0.0,0.0,5.0,11.0,4.0,5.0,13.0,30.0,28.0,11.0
457,1.0,457.0,London_141,cons,151,453,1092.0,70.0,2.0,139524.0,0.7549420678988099,765.0,78.0,1.0,77.0,139.0,10.0,129.0,169.0,299.0,73.0,3.0,45.0,4.0,25.0,0.0,4.0,7.0,77.0,158.0,211.0,29.0,4.0,4.0,0.0,0.0,0.0,0.0,0.0,0.0,0.0,4.0,0.0,0.0,3.0,1.0,0.0,0.0,0.0,0.0,1.0,3.0,0.0,0.0,0.0,0.0,0.0,0.0,0.0,0.0,1.0,0.0,0.0,1.0,0.0,0.0,1.0,0.0,0.0,0.0,3.0,2.0,0.0,2.0,2.0,9.0,3.0,2.0,11.0,13.0,21.0,7.0,0.0,0.0,0.0,0.0,0.0,0.0,0.0,0.0,1.0,0.0,0.0,3.0,0.0,0.0,2.0,0.0,0.0,0.0,5.0,2.0,0.0,6.0,2.0,14.0,4.0,2.0,18.0,15.0,32.0,10.0
458,1.0,458.0,London_141,cons,151,453,1092.0,70.0,2.0,137259.0,0.6968618631362915,760.0,30.0,1.0,29.0,63.0,7.0,56.0,133.0,304.0,65.0,7.0,49.0,3.0,21.0,1.0,3.0,7.0,76.0,154.0,216.0,29.0,0.0,0.0,0.0,0.0,0.0,0.0,0.0,0.0,0.0,4.0,0.0,0.0,2.0,1.0,0.0,0.0,1.0,0.0,1.0,3.0,0.0,0.0,0.0,0.0,0.0,0.0,0.0,0.0,1.0,0.0,0.0,0.0,0.0,0.0,1.0,0.0,0.0,0.0,0.0,0.0,0.0,0.0,0.0,5.0,0.0,1.0,1.0,4.0,7.0,2.0,0.0,0.0,0.0,0.0,0.0,0.0,0.0,0.0,2.0,0.0,0.0,0.0,0.0,0.0,6.0,0.0,0.0,0.0,0.0,0.0,0.0,0.0,0.0,9.0,0.0,1.0,1.0,6.0,9.0,2.0
459,1.0,459.0,London_141,cons,151,453,1092.0,70.0,2.0,168063.0,0.9710512361489236,828.0,175.0,0.0,175.0,296.0,0.0,296.0,60.0,304.0,76.0,3.0,35.0,6.0,23.0,1.0,5.0,5.0,70.0,155.0,223.0,29.0,6.0,6.0,0.0,0.0,0.0,0.0,0.0,0.0,0.0,94.0,0.0,28.0,19.0,38.0,0.0,6.0,2.0,1.0,0.0,94.0,0.0,0.0,0.0,0.0,0.0,0.0,0.0,0.0,0.0,0.0,0.0,0.0,0.0,0.0,0.0,0.0,0.0,0.0,7.0,5.0,5.0,0.0,9.0,19.0,14.0,13.0,13.0,23.0,26.0,33.0,0.0,0.0,0.0,0.0,0.0,0.0,0.0,0.0,0.0,0.0,0.0,0.0,0.0,0.0,0.0,0.0,0.0,0.0,8.0,6.0,5.0,0.0,10.0,24.0,20.0,17.0,16.0,29.0,33.0,44.0
460,1.0,460.0,London_141,cons,151,453,1092.0,70.0,2.0,132729.0,0.7233098070137203,750.0,43.0,2.0,41.0,104.0,19.0,85.0,169.0,304.0,62.0,12.0,54.0,3.0,17.0,1.0,0.0,5.0,88.0,162.0,198.0,24.0,4.0,4.0,0.0,0.0,0.0,0.0,0.0,0.0,0.0,3.0,0.0,0.0,0.0,0.0,0.0,1.0,0.0,2.0,1.0,2.0,0.0,0.0,0.0,0.0,0.0,0.0,0.0,0.0,1.0,0.0,0.0,0.0,0.0,0.0,0.0,0.0,0.0,0.0,0.0,2.0,0.0,1.0,0.0,5.0,2.0,0.0,6.0,14.0,8.0,8.0,0.0,0.0,0.0,0.0,0.0,0.0,0.0,0.0,3.0,0.0,0.0,0.0,0.0,0.0,0.0,0.0,0.0,0.0,0.0,2.0,0.0,1.0,0.0,8.0,2.0,0.0,9.0,26.0,13.0,9.0
461,1.0,461.0,London_141,cons,151,453,1092.0,70.0,2.0,149490.0,1.457119767088443,787.0,80.0,0.0,80.0,139.0,0.0,139.0,102.0,301.0,76.0,12.0,54.0,3.0,7.0,0.0,0.0,7.0,85.0,155.0,206.0,17.0,0.0,0.0,0.0,0.0,0.0,0.0,0.0,0.0,0.0,6.0,0.0,0.0,3.0,0.0,0.0,1.0,1.0,1.0,0.0,6.0,0.0,0.0,0.0,0.0,0.0,0.0,0.0,0.0,0.0,0.0,0.0,0.0,0.0,0.0,0.0,0.0,0.0,0.0,9.0,10.0,4.0,1.0,7.0,9.0,16.0,12.0,14.0,15.0,21.0,17.0,0.0,0.0,0.0,0.0,0.0,0.0,0.0,0.0,0.0,0.0,0.0,0.0,0.0,0.0,0.0,0.0,0.0,0.0,11.0,14.0,4.0,1.0,8.0,11.0,20.0,20.0,19.0,26.0,31.0,27.0
462,1.0,462.0,London_141,cons,151,453,1092.0,70.0,2.0,149943.0,0.7773991087451577,788.0,78.0,0.0,78.0,135.0,0.0,135.0,132.0,305.0,89.0,7.0,28.0,1.0,16.0,1.0,6.0,8.0,73.0,156.0,216.0,25.0,2.0,2.0,0.0,0.0,0.0,0.0,0.0,0.0,0.0,16.0,0.0,0.0,1.0,14.0,1.0,0.0,0.0,0.0,0.0,16.0,0.0,0.0,0.0,0.0,0.0,0.0,0.0,0.0,0.0,0.0,0.0,0.0,0.0,0.0,0.0,0.0,0.0,0.0,4.0,4.0,6.0,0.0,7.0,15.0,5.0,6.0,11.0,14.0,14.0,26.0,0.0,0.0,0.0,0.0,0.0,0.0,0.0,0.0,0.0,0.0,0.0,0.0,0.0,0.0,0.0,0.0,0.0,0.0,4.0,5.0,6.0,0.0,7.0,21.0,7.0,9.0,14.0,20.0,17.0,34.0
463,1.0,463.0,London_141,cons,151,453,1092.0,70.0,2.0,161721.0,0.8729617302305996,814.0,0.0,0.0,0.0,0.0,0.0,0.0,113.0,310.0,75.0,6.0,36.0,2.0,18.0,1.0,5.0,5.0,71.0,156.0,221.0,22.0,7.0,7.0,0.0,0.0,0.0,0.0,0.0,0.0,0.0,0.0,0.0,0.0,0.0,0.0,0.0,0.0,0.0,0.0,0.0,0.0,0.0,0.0,0.0,0.0,0.0,0.0,0.0,0.0,0.0,0.0,0.0,0.0,0.0,0.0,0.0,0.0,0.0,0.0,0.0,0.0,0.0,0.0,0.0,0.0,0.0,0.0,0.0,0.0,0.0,0.0,0.0,0.0,0.0,0.0,0.0,0.0,0.0,0.0,0.0,0.0,0.0,0.0,0.0,0.0,0.0,0.0,0.0,0.0,0.0,0.0,0.0,0.0,0.0,0.0,0.0,0.0,0.0,0.0,0.0,0.0
464,1.0,464.0,London_141,cons,151,453,1092.0,70.0,2.0,199320.0,1.3118145023472607,897.0,176.0,2.0,174.0,314.0,17.0,297.0,7.0,303.0,77.0,7.0,39.0,2.0,19.0,1.0,5.0,6.0,69.0,155.0,223.0,24.0,3.0,3.0,0.0,0.0,0.0,0.0,0.0,0.0,0.0,86.0,0.0,24.0,4.0,41.0,1.0,11.0,3.0,2.0,2.0,84.0,0.0,0.0,0.0,0.0,0.0,0.0,0.0,0.0,0.0,0.0,0.0,0.0,0.0,0.0,0.0,0.0,0.0,0.0,7.0,15.0,3.0,0.0,7.0,21.0,9.0,11.0,19.0,25.0,23.0,23.0,0.0,0.0,0.0,0.0,0.0,0.0,0.0,0.0,0.0,0.0,0.0,0.0,0.0,0.0,0.0,0.0,0.0,0.0,8.0,22.0,3.0,0.0,7.0,24.0,15.0,14.0,26.0,33.0,28.0,28.0
465,1.0,465.0,London_141,cons,151,453,1092.0,70.0,2.0,149943.0,0.7983425799757242,788.0,114.0,2.0,112.0,213.0,18.0,195.0,164.0,310.0,54.0,20.0,52.0,4.0,9.0,0.0,4.0,3.0,85.0,160.0,205.0,13.0,5.0,5.0,0.0,0.0,0.0,0.0,0.0,0.0,0.0,35.0,0.0,19.0,0.0,14.0,0.0,0.0,2.0,0.0,2.0,33.0,0.0,0.0,0.0,0.0,0.0,0.0,0.0,0.0,0.0,0.0,0.0,0.0,0.0,0.0,0.0,0.0,0.0,0.0,13.0,4.0,5.0,1.0,5.0,20.0,11.0,14.0,11.0,24.0,22.0,24.0,0.0,0.0,0.0,0.0,0.0,0.0,0.0,0.0,0.0,0.0,0.0,0.0,0.0,0.0,0.0,0.0,0.0,0.0,17.0,5.0,9.0,2.0,5.0,33.0,20.0,21.0,16.0,36.0,31.0,31.0
466,1.0,466.0,London_141,cons,151,453,1092.0,70.0,2.0,138618.0,0.7048582201823592,763.0,82.0,0.0,82.0,145.0,0.0,145.0,156.0,309.0,53.0,9.0,51.0,8.0,18.0,0.0,5.0,5.0,75.0,155.0,218.0,19.0,8.0,8.0,0.0,0.0,0.0,0.0,0.0,0.0,0.0,11.0,0.0,4.0,0.0,7.0,0.0,0.0,0.0,0.0,0.0,11.0,0.0,0.0,0.0,0.0,0.0,0.0,0.0,0.0,0.0,0.0,0.0,0.0,0.0,0.0,0.0,0.0,0.0,0.0,6.0,8.0,9.0,0.0,4.0,14.0,12.0,8.0,16.0,15.0,22.0,25.0,0.0,0.0,0.0,0.0,0.0,0.0,0.0,0.0,0.0,0.0,0.0,0.0,0.0,0.0,0.0,0.0,0.0,0.0,6.0,10.0,10.0,0.0,4.0,16.0,16.0,12.0,23.0,21.0,30.0,28.0
467,1.0,467.0,London_141,cons,151,453,1092.0,70.0,2.0,144960.0,0.7365410742349923,777.0,73.0,2.0,71.0,143.0,19.0,124.0,137.0,308.0,52.0,21.0,39.0,11.0,17.0,2.0,3.0,4.0,74.0,156.0,219.0,17.0,2.0,2.0,0.0,0.0,0.0,0.0,0.0,0.0,0.0,6.0,0.0,0.0,0.0,1.0,1.0,1.0,0.0,3.0,2.0,4.0,0.0,0.0,0.0,0.0,0.0,0.0,0.0,0.0,0.0,0.0,0.0,1.0,0.0,1.0,1.0,0.0,0.0,0.0,0.0,3.0,5.0,2.0,1.0,7.0,1.0,7.0,10.0,11.0,18.0,11.0,0.0,0.0,0.0,0.0,0.0,0.0,0.0,0.0,0.0,0.0,0.0,3.0,0.0,1.0,1.0,0.0,0.0,0.0,0.0,4.0,6.0,2.0,1.0,9.0,2.0,9.0,16.0,17.0,32.0,12.0
468,1.0,468.0,London_141,cons,151,453,1092.0,70.0,2.0,140883.0,0.7059752969071269,768.0,56.0,1.0,55.0,113.0,9.0,104.0,122.0,322.0,55.0,20.0,32.0,4.0,14.0,1.0,5.0,2.0,75.0,154.0,222.0,14.0,5.0,5.0,0.0,0.0,0.0,0.0,0.0,0.0,0.0,2.0,0.0,0.0,0.0,0.0,0.0,1.0,0.0,1.0,1.0,1.0,0.0,0.0,0.0,0.0,0.0,0.0,0.0,0.0,1.0,0.0,0.0,0.0,0.0,1.0,1.0,0.0,0.0,0.0,0.0,6.0,10.0,0.0,2.0,5.0,3.0,1.0,10.0,12.0,14.0,9.0,0.0,0.0,0.0,0.0,0.0,0.0,0.0,0.0,1.0,0.0,0.0,0.0,0.0,2.0,1.0,0.0,0.0,0.0,0.0,6.0,13.0,0.0,3.0,8.0,4.0,1.0,14.0,19.0,19.0,13.0
469,1.0,469.0,London_141,cons,151,453,1092.0,70.0,2.0,154926.0,0.713242894038558,799.0,73.0,0.0,73.0,129.0,0.0,129.0,111.0,326.0,43.0,26.0,35.0,3.0,18.0,0.0,2.0,5.0,68.0,159.0,221.0,19.0,2.0,2.0,0.0,0.0,0.0,0.0,0.0,0.0,0.0,13.0,0.0,0.0,0.0,11.0,0.0,0.0,1.0,1.0,0.0,13.0,0.0,0.0,0.0,0.0,0.0,0.0,0.0,0.0,0.0,0.0,0.0,0.0,0.0,0.0,0.0,0.0,0.0,0.0,1.0,6.0,7.0,0.0,3.0,13.0,11.0,10.0,16.0,13.0,16.0,15.0,0.0,0.0,0.0,0.0,0.0,0.0,0.0,0.0,0.0,0.0,0.0,0.0,0.0,0.0,0.0,0.0,0.0,0.0,2.0,7.0,7.0,0.0,3.0,18.0,16.0,15.0,23.0,23.0,21.0,20.0
470,1.0,470.0,London_141,cons,151,453,1092.0,70.0,2.0,160815.0,1.0799185340292752,812.0,52.0,0.0,52.0,87.0,0.0,87.0,116.0,322.0,52.0,21.0,37.0,2.0,17.0,0.0,2.0,5.0,70.0,156.0,222.0,19.0,4.0,4.0,0.0,0.0,0.0,0.0,0.0,0.0,0.0,2.0,0.0,0.0,0.0,0.0,1.0,0.0,0.0,1.0,0.0,2.0,0.0,0.0,0.0,0.0,0.0,0.0,0.0,0.0,0.0,0.0,0.0,0.0,0.0,0.0,0.0,0.0,0.0,0.0,7.0,5.0,5.0,4.0,3.0,8.0,7.0,9.0,6.0,13.0,15.0,20.0,0.0,0.0,0.0,0.0,0.0,0.0,0.0,0.0,0.0,0.0,0.0,0.0,0.0,0.0,0.0,0.0,0.0,0.0,9.0,10.0,5.0,7.0,3.0,9.0,8.0,15.0,9.0,17.0,20.0,27.0
471,1.0,471.0,London_141,cons,151,453,1092.0,70.0,2.0,187089.0,1.1713648648001254,870.0,92.0,1.0,91.0,159.0,10.0,149.0,88.0,329.0,48.0,18.0,38.0,2.0,18.0,0.0,0.0,9.0,66.0,157.0,221.0,15.0,4.0,4.0,0.0,0.0,0.0,0.0,0.0,0.0,0.0,36.0,0.0,16.0,0.0,15.0,0.0,0.0,1.0,4.0,1.0,35.0,0.0,0.0,0.0,0.0,0.0,0.0,0.0,0.0,0.0,0.0,0.0,0.0,0.0,1.0,0.0,0.0,0.0,0.0,5.0,7.0,4.0,0.0,6.0,13.0,13.0,8.0,12.0,10.0,19.0,17.0,0.0,0.0,0.0,0.0,0.0,0.0,0.0,0.0,0.0,0.0,0.0,0.0,0.0,1.0,0.0,0.0,0.0,0.0,6.0,7.0,5.0,0.0,6.0,20.0,20.0,15.0,16.0,15.0,22.0,23.0
472,1.0,472.0,London_141,cons,151,453,1092.0,70.0,2.0,187995.0,0.9276135708205402,872.0,135.0,0.0,135.0,222.0,0.0,222.0,105.0,334.0,37.0,25.0,34.0,1.0,19.0,0.0,3.0,5.0,66.0,156.0,226.0,13.0,2.0,2.0,0.0,0.0,0.0,0.0,0.0,0.0,0.0,63.0,0.0,23.0,0.0,35.0,1.0,0.0,3.0,1.0,0.0,63.0,0.0,0.0,0.0,0.0,0.0,0.0,0.0,0.0,0.0,0.0,0.0,0.0,0.0,0.0,0.0,0.0,0.0,0.0,7.0,11.0,6.0,0.0,6.0,20.0,11.0,9.0,17.0,18.0,17.0,28.0,0.0,0.0,0.0,0.0,0.0,0.0,0.0,0.0,0.0,0.0,0.0,0.0,0.0,0.0,0.0,0.0,0.0,0.0,8.0,17.0,6.0,0.0,6.0,25.0,14.0,13.0,21.0,21.0,26.0,41.0
473,1.0,473.0,London_141,cons,151,453,1092.0,70.0,2.0,160362.0,0.8721833867020905,811.0,133.0,2.0,131.0,241.0,17.0,224.0,130.0,326.0,51.0,25.0,34.0,2.0,14.0,1.0,0.0,5.0,67.0,155.0,226.0,14.0,0.0,0.0,0.0,0.0,0.0,0.0,0.0,0.0,0.0,67.0,0.0,23.0,0.0,33.0,1.0,7.0,0.0,3.0,2.0,65.0,0.0,0.0,0.0,0.0,0.0,0.0,0.0,0.0,0.0,0.0,0.0,0.0,0.0,0.0,1.0,0.0,0.0,0.0,6.0,10.0,9.0,0.0,6.0,19.0,8.0,2.0,17.0,18.0,21.0,23.0,0.0,0.0,0.0,0.0,0.0,0.0,0.0,0.0,0.0,0.0,0.0,0.0,0.0,0.0,2.0,0.0,0.0,0.0,7.0,13.0,10.0,0.0,6.0,23.0,14.0,3.0,21.0,24.0,32.0,28.0
474,1.0,474.0,London_141,cons,151,453,1092.0,70.0,2.0,131370.0,0.710802081041038,747.0,27.0,1.0,26.0,56.0,12.0,44.0,137.0,326.0,42.0,24.0,36.0,2.0,18.0,1.0,4.0,6.0,57.0,155.0,235.0,14.0,5.0,5.0,0.0,0.0,0.0,0.0,0.0,0.0,0.0,1.0,0.0,0.0,0.0,0.0,0.0,1.0,0.0,0.0,1.0,0.0,0.0,0.0,0.0,0.0,0.0,0.0,0.0,0.0,1.0,0.0,0.0,1.0,0.0,0.0,0.0,0.0,0.0,0.0,0.0,0.0,0.0,0.0,0.0,1.0,1.0,3.0,1.0,4.0,7.0,3.0,0.0,0.0,0.0,0.0,0.0,0.0,0.0,0.0,2.0,0.0,0.0,2.0,0.0,0.0,0.0,0.0,0.0,0.0,0.0,0.0,0.0,0.0,0.0,1.0,2.0,4.0,1.0,5.0,10.0,4.0
475,1.0,475.0,London_141,cons,151,453,1092.0,70.0,2.0,149490.0,0.7863703933544457,787.0,82.0,2.0,80.0,163.0,19.0,144.0,52.0,319.0,40.0,27.0,40.0,2.0,19.0,1.0,5.0,4.0,53.0,150.0,246.0,14.0,7.0,7.0,0.0,0.0,0.0,0.0,0.0,0.0,0.0,8.0,0.0,0.0,0.0,4.0,0.0,1.0,1.0,2.0,2.0,6.0,0.0,0.0,0.0,0.0,0.0,0.0,0.0,0.0,0.0,0.0,0.0,0.0,0.0,0.0,0.0,0.0,0.0,0.0,9.0,11.0,3.0,1.0,5.0,17.0,13.0,9.0,20.0,14.0,16.0,27.0,0.0,0.0,0.0,0.0,0.0,0.0,0.0,0.0,0.0,0.0,0.0,0.0,0.0,0.0,0.0,0.0,0.0,0.0,12.0,15.0,3.0,1.0,8.0,21.0,21.0,15.0,29.0,17.0,22.0,38.0
476,1.0,476.0,London_141,cons,151,453,1092.0,70.0,2.0,159456.0,0.875717107206583,809.0,78.0,0.0,78.0,136.0,0.0,136.0,142.0,309.0,54.0,22.0,46.0,4.0,14.0,3.0,1.0,6.0,51.0,159.0,237.0,12.0,3.0,3.0,0.0,0.0,0.0,0.0,0.0,0.0,0.0,3.0,0.0,0.0,0.0,2.0,0.0,0.0,0.0,1.0,0.0,3.0,0.0,0.0,0.0,0.0,0.0,0.0,0.0,0.0,0.0,0.0,0.0,0.0,0.0,0.0,0.0,0.0,0.0,0.0,1.0,10.0,8.0,3.0,1.0,8.0,9.0,8.0,5.0,13.0,20.0,11.0,0.0,0.0,0.0,0.0,0.0,0.0,0.0,0.0,0.0,0.0,0.0,0.0,0.0,0.0,0.0,0.0,0.0,0.0,1.0,15.0,13.0,6.0,1.0,9.0,17.0,9.0,5.0,23.0,28.0,18.0
477,1.0,477.0,London_141,cons,151,453,1092.0,70.0,2.0,155379.0,0.8770462479442358,800.0,153.0,0.0,153.0,259.0,0.0,259.0,136.0,309.0,45.0,26.0,41.0,10.0,17.0,2.0,3.0,8.0,55.0,150.0,240.0,15.0,0.0,0.0,0.0,0.0,0.0,0.0,0.0,0.0,0.0,65.0,0.0,19.0,0.0,35.0,0.0,3.0,2.0,6.0,0.0,65.0,0.0,0.0,0.0,0.0,0.0,0.0,0.0,0.0,0.0,0.0,0.0,0.0,0.0,0.0,0.0,0.0,0.0,0.0,4.0,5.0,8.0,1.0,9.0,14.0,6.0,13.0,12.0,31.0,19.0,31.0,0.0,0.0,0.0,0.0,0.0,0.0,0.0,0.0,0.0,0.0,0.0,0.0,0.0,0.0,0.0,0.0,0.0,0.0,5.0,5.0,10.0,2.0,9.0,15.0,7.0,18.0,17.0,49.0,26.0,40.0
478,1.0,478.0,London_141,cons,151,453,1092.0,70.0,2.0,111438.0,0.6843071659095585,703.0,61.0,1.0,60.0,115.0,9.0,106.0,164.0,304.0,64.0,18.0,45.0,6.0,12.0,0.0,4.0,6.0,66.0,152.0,229.0,24.0,6.0,6.0,0.0,0.0,0.0,0.0,0.0,0.0,0.0,8.0,0.0,0.0,0.0,7.0,0.0,1.0,0.0,0.0,1.0,7.0,0.0,0.0,0.0,0.0,0.0,0.0,0.0,0.0,1.0,0.0,0.0,0.0,1.0,0.0,1.0,0.0,0.0,0.0,0.0,0.0,1.0,0.0,0.0,5.0,2.0,2.0,2.0,7.0,13.0,5.0,0.0,0.0,0.0,0.0,0.0,0.0,0.0,0.0,3.0,0.0,0.0,0.0,4.0,0.0,2.0,0.0,0.0,0.0,0.0,0.0,3.0,0.0,0.0,8.0,3.0,3.0,3.0,12.0,21.0,9.0
479,1.0,479.0,London_141,cons,151,453,1092.0,70.0,2.0,120045.0,0.9797769831493497,722.0,0.0,0.0,0.0,0.0,0.0,0.0,107.0,305.0,70.0,25.0,34.0,6.0,9.0,2.0,2.0,8.0,62.0,149.0,234.0,25.0,4.0,4.0,0.0,0.0,0.0,0.0,0.0,0.0,0.0,0.0,0.0,0.0,0.0,0.0,0.0,0.0,0.0,0.0,0.0,0.0,0.0,0.0,0.0,0.0,0.0,0.0,0.0,0.0,0.0,0.0,0.0,0.0,0.0,0.0,0.0,0.0,0.0,0.0,0.0,0.0,0.0,0.0,0.0,0.0,0.0,0.0,0.0,0.0,0.0,0.0,0.0,0.0,0.0,0.0,0.0,0.0,0.0,0.0,0.0,0.0,0.0,0.0,0.0,0.0,0.0,0.0,0.0,0.0,0.0,0.0,0.0,0.0,0.0,0.0,0.0,0.0,0.0,0.0,0.0,0.0
480,1.0,480.0,London_141,cons,151,453,1092.0,70.0,2.0,171234.0,0.9304329231381416,835.0,90.0,2.0,88.0,167.0,20.0,147.0,4.0,302.0,71.0,25.0,35.0,6.0,10.0,2.0,2.0,8.0,62.0,145.0,238.0,25.0,4.0,4.0,0.0,0.0,0.0,0.0,0.0,0.0,0.0,30.0,0.0,0.0,0.0,26.0,0.0,1.0,0.0,3.0,2.0,28.0,0.0,0.0,0.0,0.0,0.0,0.0,0.0,0.0,0.0,1.0,0.0,0.0,0.0,1.0,0.0,0.0,0.0,0.0,6.0,7.0,6.0,0.0,4.0,10.0,7.0,6.0,13.0,8.0,12.0,22.0,0.0,0.0,0.0,0.0,0.0,0.0,0.0,0.0,0.0,1.0,0.0,0.0,0.0,1.0,0.0,0.0,0.0,0.0,7.0,12.0,7.0,0.0,4.0,13.0,9.0,8.0,19.0,12.0,13.0,27.0
481,1.0,481.0,London_141,cons,151,453,1092.0,70.0,2.0,169875.0,0.928015973418951,832.0,56.0,2.0,54.0,111.0,20.0,91.0,115.0,307.0,57.0,23.0,50.0,6.0,8.0,0.0,2.0,6.0,57.0,151.0,239.0,24.0,2.0,2.0,0.0,0.0,0.0,0.0,0.0,0.0,0.0,3.0,0.0,0.0,0.0,0.0,0.0,2.0,0.0,1.0,2.0,1.0,0.0,0.0,0.0,0.0,0.0,0.0,0.0,0.0,1.0,0.0,0.0,0.0,0.0,0.0,1.0,0.0,0.0,0.0,11.0,8.0,3.0,2.0,5.0,13.0,10.0,5.0,11.0,9.0,15.0,9.0,0.0,0.0,0.0,0.0,0.0,0.0,0.0,0.0,1.0,0.0,0.0,0.0,0.0,0.0,2.0,0.0,0.0,0.0,13.0,12.0,3.0,3.0,6.0,17.0,15.0,7.0,15.0,16.0,18.0,15.0
482,1.0,482.0,London_141,cons,151,453,1092.0,70.0,2.0,183012.0,0.9953757910989225,861.0,152.0,1.0,151.0,270.0,10.0,260.0,93.0,310.0,64.0,25.0,44.0,1.0,7.0,1.0,1.0,9.0,65.0,149.0,230.0,18.0,4.0,4.0,0.0,0.0,0.0,0.0,0.0,0.0,0.0,76.0,0.0,19.0,0.0,37.0,0.0,13.0,2.0,5.0,1.0,75.0,0.0,0.0,0.0,0.0,0.0,0.0,0.0,0.0,0.0,0.0,0.0,0.0,0.0,0.0,0.0,0.0,0.0,0.0,4.0,13.0,10.0,1.0,4.0,14.0,14.0,12.0,22.0,24.0,21.0,29.0,0.0,0.0,0.0,0.0,0.0,0.0,0.0,0.0,0.0,0.0,0.0,0.0,0.0,0.0,0.0,0.0,0.0,0.0,4.0,22.0,10.0,2.0,4.0,18.0,22.0,16.0,23.0,32.0,28.0,34.0
483,1.0,483.0,London_141,cons,151,453,1092.0,70.0,2.0,148584.0,0.7852657400071621,785.0,16.0,2.0,14.0,44.0,18.0,26.0,154.0,317.0,59.0,13.0,43.0,5.0,9.0,0.0,7.0,4.0,76.0,140.0,233.0,25.0,1.0,1.0,0.0,0.0,0.0,0.0,0.0,0.0,0.0,2.0,0.0,0.0,0.0,0.0,0.0,1.0,0.0,1.0,2.0,0.0,0.0,0.0,0.0,0.0,0.0,0.0,0.0,0.0,1.0,0.0,0.0,1.0,0.0,1.0,2.0,0.0,0.0,0.0,2.0,1.0,0.0,0.0,0.0,0.0,2.0,0.0,3.0,3.0,2.0,1.0,0.0,0.0,0.0,0.0,0.0,0.0,0.0,0.0,1.0,0.0,0.0,2.0,0.0,3.0,5.0,0.0,0.0,0.0,2.0,1.0,0.0,0.0,0.0,0.0,4.0,0.0,6.0,4.0,4.0,3.0
484,1.0,484.0,London_141,cons,151,453,1092.0,70.0,2.0,173499.0,1.0197183666750789,840.0,105.0,0.0,105.0,189.0,0.0,189.0,35.0,321.0,66.0,16.0,39.0,4.0,3.0,1.0,3.0,5.0,71.0,137.0,240.0,15.0,0.0,0.0,0.0,0.0,0.0,0.0,0.0,0.0,0.0,33.0,0.0,4.0,0.0,19.0,0.0,9.0,0.0,1.0,0.0,33.0,0.0,0.0,0.0,0.0,0.0,0.0,0.0,0.0,0.0,0.0,0.0,0.0,0.0,0.0,0.0,0.0,0.0,0.0,7.0,11.0,2.0,1.0,11.0,14.0,12.0,8.0,17.0,22.0,18.0,26.0,0.0,0.0,0.0,0.0,0.0,0.0,0.0,0.0,0.0,0.0,0.0,0.0,0.0,0.0,0.0,0.0,0.0,0.0,9.0,15.0,2.0,1.0,11.0,21.0,18.0,11.0,24.0,32.0,29.0,39.0
485,1.0,485.0,London_141,cons,151,453,1092.0,70.0,2.0,159456.0,0.8237688690423965,809.0,148.0,2.0,146.0,269.0,20.0,249.0,139.0,326.0,58.0,13.0,36.0,2.0,15.0,1.0,2.0,6.0,68.0,137.0,242.0,15.0,5.0,5.0,0.0,0.0,0.0,0.0,0.0,0.0,0.0,70.0,0.0,23.0,4.0,42.0,0.0,1.0,0.0,0.0,2.0,68.0,0.0,0.0,0.0,0.0,0.0,0.0,0.0,0.0,0.0,0.0,0.0,0.0,0.0,1.0,0.0,0.0,0.0,0.0,9.0,6.0,4.0,2.0,7.0,24.0,11.0,16.0,15.0,19.0,28.0,28.0,0.0,0.0,0.0,0.0,0.0,0.0,0.0,0.0,0.0,0.0,0.0,0.0,0.0,1.0,0.0,0.0,0.0,0.0,11.0,11.0,4.0,2.0,7.0,32.0,15.0,19.0,24.0,27.0,42.0,37.0
486,1.0,486.0,London_141,cons,151,453,1092.0,70.0,2.0,120045.0,0.5856187851168215,722.0,118.0,0.0,118.0,203.0,0.0,203.0,149.0,326.0,54.0,13.0,41.0,5.0,12.0,1.0,1.0,4.0,60.0,160.0,229.0,15.0,3.0,3.0,0.0,0.0,0.0,0.0,0.0,0.0,0.0,45.0,0.0,23.0,0.0,16.0,1.0,0.0,3.0,2.0,0.0,45.0,0.0,0.0,0.0,0.0,0.0,0.0,0.0,0.0,0.0,0.0,0.0,0.0,0.0,0.0,0.0,0.0,0.0,0.0,5.0,10.0,8.0,1.0,3.0,16.0,11.0,12.0,16.0,17.0,21.0,31.0,0.0,0.0,0.0,0.0,0.0,0.0,0.0,0.0,0.0,0.0,0.0,0.0,0.0,0.0,0.0,0.0,0.0,0.0,7.0,14.0,9.0,1.0,3.0,25.0,15.0,16.0,22.0,27.0,27.0,45.0
487,1.0,487.0,London_141,cons,151,453,1092.0,70.0,2.0,101472.0,0.4807580141350627,681.0,7.0,0.0,7.0,10.0,0.0,10.0,139.0,329.0,50.0,15.0,35.0,5.0,16.0,0.0,3.0,5.0,60.0,164.0,224.0,14.0,2.0,2.0,0.0,0.0,0.0,0.0,0.0,0.0,0.0,0.0,0.0,0.0,0.0,0.0,0.0,0.0,0.0,0.0,0.0,0.0,0.0,0.0,0.0,0.0,0.0,0.0,0.0,0.0,0.0,0.0,0.0,0.0,0.0,0.0,0.0,0.0,0.0,0.0,1.0,2.0,0.0,0.0,0.0,2.0,0.0,2.0,2.0,0.0,2.0,2.0,0.0,0.0,0.0,0.0,0.0,0.0,0.0,0.0,0.0,0.0,0.0,0.0,0.0,0.0,0.0,0.0,0.0,0.0,2.0,3.0,0.0,0.0,0.0,4.0,0.0,3.0,3.0,0.0,3.0,2.0
488,1.0,488.0,London_141,cons,151,453,1092.0,70.0,2.0,132276.0,0.6861627860926092,749.0,58.0,2.0,56.0,118.0,17.0,101.0,12.0,328.0,50.0,16.0,32.0,6.0,18.0,0.0,3.0,5.0,62.0,164.0,222.0,12.0,0.0,0.0,0.0,0.0,0.0,0.0,0.0,0.0,0.0,9.0,0.0,1.0,0.0,5.0,0.0,1.0,0.0,2.0,2.0,7.0,0.0,0.0,0.0,0.0,0.0,0.0,0.0,0.0,1.0,0.0,0.0,1.0,0.0,0.0,1.0,0.0,0.0,0.0,1.0,3.0,3.0,0.0,1.0,9.0,5.0,3.0,3.0,6.0,16.0,10.0,0.0,0.0,0.0,0.0,0.0,0.0,0.0,0.0,1.0,0.0,0.0,2.0,0.0,0.0,1.0,0.0,0.0,0.0,2.0,4.0,3.0,0.0,1.0,11.0,5.0,3.0,4.0,8.0,23.0,14.0
489,1.0,489.0,London_141,cons,151,453,1092.0,70.0,2.0,136806.0,0.6483299909159541,759.0,121.0,0.0,121.0,221.0,0.0,221.0,100.0,333.0,44.0,15.0,28.0,6.0,23.0,2.0,2.0,4.0,75.0,146.0,228.0,10.0,5.0,5.0,0.0,0.0,0.0,0.0,0.0,0.0,0.0,61.0,0.0,23.0,4.0,32.0,0.0,0.0,0.0,2.0,0.0,61.0,0.0,0.0,0.0,0.0,0.0,0.0,0.0,0.0,0.0,0.0,0.0,0.0,0.0,0.0,0.0,0.0,0.0,0.0,11.0,10.0,5.0,0.0,7.0,23.0,7.0,11.0,8.0,21.0,18.0,20.0,0.0,0.0,0.0,0.0,0.0,0.0,0.0,0.0,0.0,0.0,0.0,0.0,0.0,0.0,0.0,0.0,0.0,0.0,13.0,13.0,5.0,0.0,7.0,35.0,11.0,14.0,9.0,27.0,21.0,24.0
490,1.0,490.0,London_141,cons,151,453,1092.0,70.0,2.0,122310.0,0.5932798581197858,727.0,38.0,2.0,36.0,81.0,17.0,64.0,132.0,325.0,49.0,12.0,36.0,6.0,22.0,1.0,2.0,6.0,65.0,145.0,237.0,18.0,2.0,2.0,0.0,0.0,0.0,0.0,0.0,0.0,0.0,1.0,0.0,0.0,0.0,0.0,0.0,1.0,0.0,0.0,1.0,0.0,0.0,0.0,0.0,0.0,0.0,0.0,0.0,0.0,1.0,0.0,0.0,1.0,1.0,0.0,2.0,0.0,0.0,0.0,2.0,2.0,0.0,0.0,0.0,7.0,1.0,1.0,6.0,6.0,13.0,3.0,0.0,0.0,0.0,0.0,0.0,0.0,0.0,0.0,1.0,0.0,0.0,3.0,6.0,0.0,5.0,0.0,0.0,0.0,3.0,3.0,0.0,0.0,0.0,10.0,2.0,1.0,10.0,10.0,22.0,4.0
491,1.0,491.0,London_141,cons,151,453,1092.0,70.0,2.0,144507.0,0.9397806222550571,776.0,71.0,0.0,71.0,133.0,0.0,133.0,77.0,322.0,50.0,10.0,33.0,7.0,26.0,2.0,3.0,6.0,62.0,145.0,240.0,21.0,4.0,4.0,0.0,0.0,0.0,0.0,0.0,0.0,0.0,17.0,0.0,0.0,1.0,14.0,1.0,0.0,0.0,1.0,0.0,17.0,0.0,0.0,0.0,0.0,0.0,0.0,0.0,0.0,0.0,0.0,0.0,0.0,0.0,0.0,0.0,0.0,0.0,0.0,9.0,10.0,4.0,0.0,4.0,14.0,7.0,10.0,13.0,14.0,8.0,15.0,0.0,0.0,0.0,0.0,0.0,0.0,0.0,0.0,0.0,0.0,0.0,0.0,0.0,0.0,0.0,0.0,0.0,0.0,10.0,13.0,4.0,0.0,4.0,20.0,9.0,13.0,19.0,20.0,12.0,21.0
492,1.0,492.0,London_141,cons,151,453,1092.0,70.0,2.0,153114.0,0.756492973305285,795.0,31.0,1.0,30.0,55.0,8.0,47.0,112.0,324.0,50.0,10.0,37.0,1.0,29.0,1.0,1.0,5.0,66.0,143.0,239.0,18.0,8.0,8.0,0.0,0.0,0.0,0.0,0.0,0.0,0.0,0.0,0.0,0.0,0.0,0.0,0.0,0.0,0.0,0.0,0.0,0.0,0.0,0.0,0.0,0.0,0.0,0.0,0.0,0.0,0.0,0.0,0.0,0.0,0.0,1.0,0.0,0.0,0.0,0.0,3.0,3.0,1.0,1.0,1.0,9.0,1.0,5.0,10.0,9.0,6.0,4.0,0.0,0.0,0.0,0.0,0.0,0.0,0.0,0.0,0.0,0.0,0.0,0.0,0.0,7.0,0.0,0.0,0.0,0.0,3.0,4.0,1.0,1.0,1.0,14.0,1.0,6.0,14.0,17.0,6.0,5.0
493,1.0,493.0,London_141,cons,151,453,1092.0,70.0,2.0,187995.0,1.023736844304949,872.0,184.0,2.0,182.0,327.0,18.0,309.0,65.0,320.0,54.0,9.0,44.0,1.0,22.0,1.0,2.0,4.0,65.0,142.0,242.0,22.0,0.0,0.0,0.0,0.0,0.0,0.0,0.0,0.0,0.0,108.0,0.0,34.0,9.0,49.0,5.0,7.0,2.0,2.0,2.0,106.0,0.0,0.0,0.0,0.0,0.0,0.0,0.0,0.0,0.0,0.0,0.0,0.0,1.0,0.0,0.0,0.0,0.0,0.0,4.0,11.0,8.0,0.0,7.0,26.0,11.0,15.0,23.0,18.0,26.0,26.0,0.0,0.0,0.0,0.0,0.0,0.0,0.0,0.0,0.0,0.0,0.0,0.0,1.0,0.0,0.0,0.0,0.0,0.0,5.0,14.0,8.0,0.0,7.0,30.0,13.0,18.0,30.0,24.0,32.0,32.0
494,1.0,494.0,London_141,cons,151,453,1092.0,70.0,2.0,140883.0,0.6960625681094825,768.0,19.0,0.0,19.0,33.0,0.0,33.0,146.0,322.0,62.0,14.0,41.0,2.0,7.0,3.0,2.0,2.0,68.0,147.0,236.0,22.0,7.0,7.0,0.0,0.0,0.0,0.0,0.0,0.0,0.0,0.0,0.0,0.0,0.0,0.0,0.0,0.0,0.0,0.0,0.0,0.0,0.0,0.0,0.0,0.0,0.0,0.0,0.0,0.0,0.0,0.0,0.0,0.0,0.0,0.0,0.0,0.0,0.0,0.0,1.0,6.0,5.0,1.0,1.0,4.0,2.0,1.0,3.0,3.0,5.0,5.0,0.0,0.0,0.0,0.0,0.0,0.0,0.0,0.0,0.0,0.0,0.0,0.0,0.0,0.0,0.0,0.0,0.0,0.0,1.0,8.0,6.0,2.0,1.0,5.0,3.0,1.0,3.0,5.0,6.0,6.0
495,1.0,495.0,London_141,cons,151,453,1092.0,70.0,2.0,178029.0,0.9808120680972934,850.0,35.0,2.0,33.0,74.0,19.0,55.0,40.0,324.0,66.0,15.0,39.0,1.0,4.0,3.0,1.0,4.0,68.0,139.0,242.0,26.0,2.0,2.0,0.0,0.0,0.0,0.0,0.0,0.0,0.0,4.0,0.0,1.0,0.0,0.0,0.0,3.0,0.0,0.0,2.0,2.0,0.0,0.0,0.0,0.0,0.0,0.0,0.0,0.0,1.0,0.0,0.0,0.0,0.0,0.0,1.0,0.0,0.0,0.0,0.0,0.0,1.0,0.0,0.0,3.0,1.0,0.0,3.0,9.0,7.0,7.0,0.0,0.0,0.0,0.0,0.0,0.0,0.0,0.0,2.0,0.0,0.0,0.0,0.0,0.0,3.0,0.0,0.0,0.0,0.0,0.0,2.0,0.0,0.0,3.0,2.0,0.0,3.0,12.0,12.0,8.0
496,1.0,496.0,London_141,cons,151,453,1092.0,70.0,2.0,206115.0,1.1389196962118149,912.0,212.0,0.0,212.0,358.0,0.0,358.0,64.0,330.0,47.0,16.0,47.0,4.0,5.0,3.0,1.0,5.0,65.0,129.0,254.0,16.0,3.0,3.0,0.0,0.0,0.0,0.0,0.0,0.0,0.0,136.0,0.0,49.0,14.0,57.0,0.0,7.0,0.0,9.0,0.0,136.0,0.0,0.0,0.0,0.0,0.0,0.0,0.0,0.0,0.0,0.0,0.0,0.0,0.0,0.0,0.0,0.0,0.0,0.0,7.0,10.0,4.0,1.0,8.0,22.0,15.0,14.0,22.0,14.0,22.0,28.0,0.0,0.0,0.0,0.0,0.0,0.0,0.0,0.0,0.0,0.0,0.0,0.0,0.0,0.0,0.0,0.0,0.0,0.0,7.0,13.0,4.0,1.0,8.0,29.0,18.0,19.0,25.0,18.0,27.0,37.0
497,1.0,497.0,London_141,cons,151,453,1092.0,70.0,2.0,150849.0,0.8040534029714763,790.0,78.0,0.0,78.0,141.0,0.0,141.0,142.0,335.0,55.0,10.0,30.0,4.0,18.0,0.0,1.0,4.0,69.0,141.0,239.0,19.0,8.0,8.0,0.0,0.0,0.0,0.0,0.0,0.0,0.0,25.0,0.0,0.0,0.0,23.0,2.0,0.0,0.0,0.0,0.0,25.0,0.0,0.0,0.0,0.0,0.0,0.0,0.0,0.0,0.0,0.0,0.0,0.0,0.0,0.0,0.0,0.0,0.0,0.0,4.0,10.0,3.0,0.0,4.0,11.0,10.0,3.0,13.0,9.0,14.0,18.0,0.0,0.0,0.0,0.0,0.0,0.0,0.0,0.0,0.0,0.0,0.0,0.0,0.0,0.0,0.0,0.0,0.0,0.0,5.0,13.0,3.0,0.0,4.0,15.0,17.0,4.0,18.0,16.0,21.0,21.0
498,1.0,498.0,London_141,cons,151,453,1092.0,70.0,2.0,153567.0,1.0784473260864615,796.0,109.0,3.0,106.0,202.0,25.0,177.0,108.0,320.0,59.0,14.0,33.0,3.0,22.0,0.0,2.0,7.0,70.0,146.0,230.0,23.0,0.0,0.0,0.0,0.0,0.0,0.0,0.0,0.0,0.0,36.0,0.0,16.0,2.0,12.0,3.0,2.0,1.0,0.0,3.0,33.0,0.0,0.0,0.0,0.0,0.0,0.0,0.0,0.0,0.0,1.0,0.0,0.0,1.0,0.0,0.0,0.0,0.0,0.0,3.0,0.0,0.0,0.0,2.0,4.0,1.0,2.0,2.0,20.0,17.0,8.0,0.0,0.0,0.0,0.0,0.0,0.0,0.0,0.0,0.0,4.0,0.0,0.0,4.0,0.0,0.0,0.0,0.0,0.0,4.0,0.0,0.0,0.0,2.0,7.0,1.0,2.0,3.0,30.0,21.0,10.0
499,1.0,499.0,London_141,cons,151,453,1092.0,70.0,2.0,150396.0,0.7916600769385695,789.0,88.0,1.0,87.0,164.0,10.0,154.0,137.0,332.0,32.0,6.0,46.0,4.0,27.0,2.0,4.0,2.0,67.0,146.0,238.0,22.0,4.0,4.0,0.0,0.0,0.0,0.0,0.0,0.0,0.0,29.0,0.0,14.0,2.0,13.0,0.0,0.0,0.0,0.0,1.0,28.0,0.0,0.0,0.0,0.0,0.0,0.0,0.0,0.0,0.0,0.0,0.0,0.0,0.0,0.0,0.0,0.0,0.0,0.0,5.0,9.0,6.0,1.0,7.0,8.0,12.0,9.0,13.0,22.0,15.0,23.0,0.0,0.0,0.0,0.0,0.0,0.0,0.0,0.0,0.0,0.0,0.0,0.0,0.0,0.0,0.0,0.0,0.0,0.0,5.0,15.0,7.0,1.0,7.0,12.0,19.0,16.0,18.0,26.0,24.0,26.0
500,1.0,500.0,London_141,cons,151,453,1092.0,70.0,2.0,149943.0,0.776134458836168,788.0,86.0,1.0,85.0,151.0,7.0,144.0,114.0,333.0,42.0,6.0,41.0,5.0,19.0,3.0,4.0,4.0,66.0,157.0,226.0,19.0,8.0,8.0,0.0,0.0,0.0,0.0,0.0,0.0,0.0,27.0,0.0,0.0,9.0,13.0,5.0,0.0,0.0,0.0,1.0,26.0,0.0,0.0,0.0,0.0,0.0,0.0,0.0,0.0,0.0,0.0,0.0,0.0,0.0,0.0,0.0,0.0,0.0,0.0,8.0,9.0,5.0,3.0,8.0,11.0,13.0,11.0,16.0,7.0,16.0,20.0,0.0,0.0,0.0,0.0,0.0,0.0,0.0,0.0,0.0,0.0,0.0,0.0,0.0,0.0,0.0,0.0,0.0,0.0,14.0,12.0,6.0,5.0,8.0,17.0,14.0,16.0,20.0,9.0,21.0,27.0
501,1.0,501.0,London_141,cons,151,453,1092.0,70.0,2.0,144054.0,1.0765356542542577,775.0,24.0,0.0,24.0,33.0,0.0,33.0,118.0,341.0,50.0,6.0,39.0,1.0,15.0,0.0,1.0,3.0,77.0,147.0,226.0,23.0,5.0,5.0,0.0,0.0,0.0,0.0,0.0,0.0,0.0,0.0,0.0,0.0,0.0,0.0,0.0,0.0,0.0,0.0,0.0,0.0,0.0,0.0,0.0,0.0,0.0,0.0,0.0,0.0,0.0,0.0,0.0,0.0,0.0,0.0,0.0,0.0,0.0,0.0,3.0,1.0,0.0,1.0,2.0,3.0,3.0,3.0,2.0,6.0,2.0,5.0,0.0,0.0,0.0,0.0,0.0,0.0,0.0,0.0,0.0,0.0,0.0,0.0,0.0,0.0,0.0,0.0,0.0,0.0,4.0,1.0,0.0,2.0,2.0,4.0,4.0,4.0,2.0,7.0,2.0,6.0
502,1.0,502.0,London_141,cons,151,453,1092.0,70.0,2.0,185277.0,1.0940061751753092,866.0,130.0,2.0,128.0,242.0,19.0,223.0,38.0,342.0,47.0,7.0,38.0,2.0,17.0,0.0,0.0,7.0,79.0,147.0,220.0,26.0,2.0,2.0,0.0,0.0,0.0,0.0,0.0,0.0,0.0,61.0,0.0,18.0,9.0,28.0,2.0,1.0,0.0,3.0,1.0,60.0,0.0,0.0,0.0,0.0,0.0,0.0,0.0,0.0,1.0,0.0,0.0,0.0,0.0,0.0,0.0,0.0,0.0,0.0,4.0,1.0,1.0,1.0,1.0,4.0,1.0,0.0,2.0,14.0,20.0,7.0,0.0,0.0,0.0,0.0,0.0,0.0,0.0,0.0,3.0,0.0,0.0,0.0,0.0,0.0,0.0,0.0,0.0,0.0,5.0,1.0,2.0,3.0,1.0,6.0,1.0,0.0,2.0,17.0,29.0,8.0
503,1.0,503.0,London_141,cons,151,453,1092.0,70.0,2.0,163986.0,0.8244713060557842,819.0,71.0,0.0,71.0,128.0,0.0,128.0,141.0,326.0,60.0,13.0,39.0,3.0,10.0,1.0,1.0,7.0,66.0,147.0,233.0,23.0,2.0,2.0,0.0,0.0,0.0,0.0,0.0,0.0,0.0,6.0,0.0,0.0,0.0,6.0,0.0,0.0,0.0,0.0,0.0,6.0,0.0,0.0,0.0,0.0,0.0,0.0,0.0,0.0,0.0,0.0,0.0,0.0,0.0,0.0,0.0,0.0,0.0,0.0,8.0,8.0,9.0,0.0,4.0,14.0,7.0,14.0,11.0,12.0,10.0,27.0,0.0,0.0,0.0,0.0,0.0,0.0,0.0,0.0,0.0,0.0,0.0,0.0,0.0,0.0,0.0,0.0,0.0,0.0,10.0,11.0,11.0,0.0,4.0,19.0,9.0,21.0,19.0,23.0,13.0,43.0
504,1.0,504.0,London_141,cons,151,453,1092.0,70.0,2.0,171687.0,0.9175097378902137,836.0,95.0,0.0,95.0,161.0,0.0,161.0,122.0,333.0,53.0,12.0,33.0,5.0,12.0,1.0,4.0,3.0,67.0,146.0,237.0,13.0,1.0,1.0,0.0,0.0,0.0,0.0,0.0,0.0,0.0,29.0,0.0,5.0,3.0,21.0,0.0,0.0,0.0,0.0,0.0,29.0,0.0,0.0,0.0,0.0,0.0,0.0,0.0,0.0,0.0,0.0,0.0,0.0,0.0,0.0,0.0,0.0,0.0,0.0,7.0,10.0,2.0,2.0,3.0,14.0,16.0,20.0,20.0,16.0,18.0,20.0,0.0,0.0,0.0,0.0,0.0,0.0,0.0,0.0,0.0,0.0,0.0,0.0,0.0,0.0,0.0,0.0,0.0,0.0,7.0,13.0,2.0,2.0,3.0,20.0,23.0,27.0,27.0,23.0,25.0,30.0
505,1.0,505.0,London_141,cons,151,453,1092.0,70.0,2.0,163986.0,1.231146594043821,819.0,105.0,0.0,105.0,199.0,0.0,199.0,126.0,338.0,45.0,11.0,34.0,5.0,14.0,1.0,5.0,3.0,77.0,155.0,218.0,14.0,0.0,0.0,0.0,0.0,0.0,0.0,0.0,0.0,0.0,47.0,0.0,23.0,3.0,16.0,0.0,3.0,1.0,1.0,0.0,47.0,0.0,0.0,0.0,0.0,0.0,0.0,0.0,0.0,0.0,0.0,0.0,0.0,0.0,0.0,0.0,0.0,0.0,0.0,3.0,7.0,12.0,1.0,4.0,21.0,10.0,15.0,19.0,19.0,23.0,23.0,0.0,0.0,0.0,0.0,0.0,0.0,0.0,0.0,0.0,0.0,0.0,0.0,0.0,0.0,0.0,0.0,0.0,0.0,3.0,11.0,13.0,1.0,4.0,27.0,16.0,18.0,34.0,27.0,31.0,33.0
506,1.0,506.0,London_141,cons,151,453,1092.0,70.0,2.0,152208.0,0.8522128108888865,793.0,114.0,2.0,112.0,205.0,17.0,188.0,134.0,335.0,51.0,8.0,45.0,3.0,8.0,1.0,2.0,4.0,74.0,151.0,224.0,13.0,1.0,1.0,0.0,0.0,0.0,0.0,0.0,0.0,0.0,45.0,0.0,11.0,2.0,30.0,0.0,1.0,1.0,0.0,2.0,43.0,0.0,0.0,0.0,0.0,0.0,0.0,0.0,0.0,0.0,0.0,0.0,0.0,1.0,0.0,0.0,0.0,0.0,0.0,10.0,9.0,8.0,3.0,7.0,19.0,10.0,11.0,11.0,14.0,22.0,16.0,0.0,0.0,0.0,0.0,0.0,0.0,0.0,0.0,0.0,0.0,0.0,0.0,1.0,0.0,0.0,0.0,0.0,0.0,12.0,13.0,8.0,3.0,7.0,25.0,17.0,16.0,12.0,20.0,30.0,21.0
507,1.0,507.0,London_141,cons,151,453,1092.0,70.0,2.0,134088.0,0.6943584056571126,753.0,79.0,2.0,77.0,161.0,18.0,143.0,129.0,339.0,53.0,9.0,35.0,0.0,12.0,0.0,5.0,3.0,78.0,151.0,221.0,17.0,0.0,0.0,0.0,0.0,0.0,0.0,0.0,0.0,0.0,23.0,0.0,0.0,0.0,20.0,1.0,0.0,1.0,1.0,2.0,21.0,0.0,0.0,0.0,0.0,0.0,0.0,0.0,0.0,0.0,0.0,0.0,0.0,0.0,0.0,0.0,0.0,0.0,0.0,5.0,5.0,9.0,3.0,6.0,7.0,11.0,9.0,16.0,17.0,16.0,14.0,0.0,0.0,0.0,0.0,0.0,0.0,0.0,0.0,0.0,0.0,0.0,0.0,0.0,0.0,0.0,0.0,0.0,0.0,6.0,5.0,12.0,3.0,6.0,10.0,15.0,14.0,21.0,24.0,23.0,18.0
508,1.0,508.0,London_141,cons,151,453,1092.0,70.0,2.0,136806.0,0.7224480076692998,759.0,112.0,0.0,112.0,198.0,0.0,198.0,110.0,341.0,49.0,17.0,36.0,1.0,6.0,0.0,3.0,5.0,79.0,153.0,216.0,18.0,6.0,6.0,0.0,0.0,0.0,0.0,0.0,0.0,0.0,55.0,0.0,28.0,4.0,16.0,0.0,5.0,2.0,0.0,0.0,55.0,0.0,0.0,0.0,0.0,0.0,0.0,0.0,0.0,0.0,0.0,0.0,0.0,0.0,0.0,0.0,0.0,0.0,0.0,6.0,9.0,11.0,1.0,5.0,13.0,11.0,16.0,13.0,12.0,22.0,22.0,0.0,0.0,0.0,0.0,0.0,0.0,0.0,0.0,0.0,0.0,0.0,0.0,0.0,0.0,0.0,0.0,0.0,0.0,6.0,13.0,12.0,1.0,5.0,16.0,16.0,23.0,16.0,18.0,32.0,32.0
509,1.0,509.0,London_141,cons,151,453,1092.0,70.0,2.0,106908.0,0.5556308040395379,693.0,28.0,2.0,26.0,68.0,19.0,49.0,132.0,335.0,58.0,9.0,33.0,1.0,13.0,2.0,2.0,6.0,69.0,161.0,217.0,14.0,0.0,0.0,0.0,0.0,0.0,0.0,0.0,0.0,0.0,2.0,0.0,0.0,0.0,0.0,1.0,1.0,0.0,0.0,2.0,0.0,0.0,0.0,0.0,0.0,0.0,0.0,0.0,0.0,0.0,0.0,0.0,1.0,0.0,1.0,2.0,0.0,0.0,0.0,3.0,3.0,1.0,0.0,0.0,5.0,3.0,3.0,5.0,7.0,9.0,9.0,0.0,0.0,0.0,0.0,0.0,0.0,0.0,0.0,0.0,0.0,0.0,2.0,0.0,1.0,2.0,0.0,0.0,0.0,4.0,7.0,2.0,0.0,0.0,8.0,5.0,7.0,8.0,12.0,15.0,16.0
510,1.0,510.0,London_141,cons,151,453,1092.0,70.0,2.0,129105.0,0.6700884029269218,742.0,36.0,1.0,35.0,71.0,9.0,62.0,55.0,335.0,56.0,6.0,34.0,1.0,17.0,2.0,2.0,6.0,76.0,158.0,213.0,12.0,5.0,5.0,0.0,0.0,0.0,0.0,0.0,0.0,0.0,2.0,0.0,0.0,0.0,0.0,1.0,1.0,0.0,0.0,1.0,1.0,0.0,0.0,0.0,0.0,0.0,0.0,0.0,0.0,1.0,0.0,0.0,0.0,0.0,1.0,1.0,0.0,0.0,0.0,1.0,4.0,2.0,0.0,0.0,2.0,1.0,5.0,2.0,9.0,9.0,5.0,0.0,0.0,0.0,0.0,0.0,0.0,0.0,0.0,3.0,0.0,0.0,0.0,0.0,6.0,2.0,0.0,0.0,0.0,1.0,4.0,3.0,0.0,0.0,4.0,1.0,8.0,2.0,14.0,17.0,5.0
511,1.0,511.0,London_141,cons,151,453,1092.0,70.0,2.0,151755.0,0.8134390213526785,792.0,127.0,0.0,127.0,207.0,0.0,207.0,73.0,331.0,73.0,5.0,25.0,0.0,14.0,2.0,3.0,5.0,74.0,148.0,226.0,18.0,3.0,3.0,0.0,0.0,0.0,0.0,0.0,0.0,0.0,45.0,0.0,5.0,7.0,30.0,0.0,0.0,0.0,3.0,0.0,45.0,0.0,0.0,0.0,0.0,0.0,0.0,0.0,0.0,0.0,0.0,0.0,0.0,0.0,0.0,0.0,0.0,0.0,0.0,7.0,12.0,8.0,1.0,4.0,23.0,10.0,22.0,14.0,13.0,26.0,25.0,0.0,0.0,0.0,0.0,0.0,0.0,0.0,0.0,0.0,0.0,0.0,0.0,0.0,0.0,0.0,0.0,0.0,0.0,7.0,16.0,8.0,1.0,4.0,32.0,11.0,24.0,16.0,18.0,40.0,35.0
512,1.0,512.0,London_141,cons,151,453,1092.0,70.0,2.0,125028.0,0.5814329050481319,733.0,87.0,0.0,87.0,141.0,0.0,141.0,148.0,318.0,52.0,20.0,44.0,8.0,9.0,1.0,1.0,7.0,70.0,156.0,220.0,19.0,3.0,3.0,0.0,0.0,0.0,0.0,0.0,0.0,0.0,10.0,0.0,0.0,0.0,8.0,0.0,2.0,0.0,0.0,0.0,10.0,0.0,0.0,0.0,0.0,0.0,0.0,0.0,0.0,0.0,0.0,0.0,0.0,0.0,0.0,0.0,0.0,0.0,0.0,8.0,7.0,2.0,0.0,3.0,17.0,9.0,6.0,12.0,18.0,14.0,30.0,0.0,0.0,0.0,0.0,0.0,0.0,0.0,0.0,0.0,0.0,0.0,0.0,0.0,0.0,0.0,0.0,0.0,0.0,8.0,8.0,2.0,0.0,3.0,26.0,15.0,8.0,16.0,29.0,19.0,36.0
513,1.0,513.0,London_141,cons,151,453,1092.0,70.0,2.0,127746.0,0.6991507839411497,739.0,58.0,1.0,57.0,108.0,10.0,98.0,132.0,322.0,58.0,18.0,37.0,5.0,10.0,1.0,2.0,6.0,75.0,159.0,213.0,23.0,6.0,6.0,0.0,0.0,0.0,0.0,0.0,0.0,0.0,1.0,0.0,0.0,0.0,0.0,0.0,0.0,0.0,1.0,0.0,1.0,0.0,0.0,0.0,0.0,0.0,0.0,0.0,0.0,0.0,1.0,0.0,0.0,0.0,1.0,0.0,0.0,0.0,0.0,1.0,7.0,0.0,2.0,2.0,5.0,4.0,6.0,4.0,12.0,10.0,9.0,0.0,0.0,0.0,0.0,0.0,0.0,0.0,0.0,0.0,4.0,0.0,0.0,0.0,10.0,0.0,0.0,0.0,0.0,1.0,11.0,0.0,3.0,2.0,7.0,4.0,6.0,6.0,17.0,15.0,10.0
514,1.0,514.0,London_141,cons,151,453,1092.0,70.0,2.0,142695.0,0.8053768877871335,772.0,30.0,0.0,30.0,57.0,0.0,57.0,114.0,315.0,68.0,15.0,33.0,5.0,15.0,1.0,1.0,4.0,66.0,168.0,215.0,18.0,0.0,0.0,0.0,0.0,0.0,0.0,0.0,0.0,0.0,0.0,0.0,0.0,0.0,0.0,0.0,0.0,0.0,0.0,0.0,0.0,0.0,0.0,0.0,0.0,0.0,0.0,0.0,0.0,0.0,0.0,0.0,0.0,0.0,0.0,0.0,0.0,0.0,0.0,4.0,8.0,5.0,0.0,4.0,3.0,9.0,2.0,5.0,4.0,6.0,11.0,0.0,0.0,0.0,0.0,0.0,0.0,0.0,0.0,0.0,0.0,0.0,0.0,0.0,0.0,0.0,0.0,0.0,0.0,5.0,14.0,6.0,0.0,4.0,4.0,17.0,2.0,6.0,8.0,10.0,15.0
515,1.0,515.0,London_141,cons,151,453,1092.0,70.0,2.0,177123.0,1.141716258134693,848.0,56.0,2.0,54.0,110.0,17.0,93.0,57.0,320.0,74.0,21.0,16.0,5.0,15.0,1.0,1.0,5.0,66.0,161.0,221.0,18.0,3.0,3.0,0.0,0.0,0.0,0.0,0.0,0.0,0.0,11.0,0.0,2.0,0.0,8.0,0.0,0.0,0.0,1.0,2.0,9.0,0.0,0.0,0.0,0.0,0.0,0.0,0.0,0.0,1.0,0.0,0.0,0.0,0.0,0.0,0.0,0.0,0.0,0.0,0.0,0.0,0.0,2.0,0.0,5.0,6.0,1.0,3.0,8.0,15.0,3.0,0.0,0.0,0.0,0.0,0.0,0.0,0.0,0.0,3.0,0.0,0.0,0.0,0.0,0.0,0.0,0.0,0.0,0.0,0.0,0.0,0.0,5.0,0.0,8.0,8.0,1.0,3.0,11.0,20.0,4.0
516,1.0,516.0,London_141,cons,151,453,1092.0,70.0,2.0,198867.0,1.3307608901523054,896.0,116.0,1.0,115.0,210.0,12.0,198.0,87.0,315.0,65.0,17.0,26.0,3.0,23.0,0.0,4.0,4.0,61.0,155.0,233.0,23.0,3.0,3.0,0.0,0.0,0.0,0.0,0.0,0.0,0.0,37.0,0.0,0.0,0.0,33.0,3.0,1.0,0.0,0.0,1.0,36.0,0.0,0.0,0.0,0.0,0.0,0.0,0.0,0.0,1.0,0.0,0.0,1.0,0.0,0.0,1.0,0.0,0.0,0.0,4.0,5.0,0.0,0.0,2.0,11.0,6.0,6.0,5.0,13.0,27.0,13.0,0.0,0.0,0.0,0.0,0.0,0.0,0.0,0.0,2.0,0.0,0.0,2.0,0.0,0.0,1.0,0.0,0.0,0.0,8.0,9.0,0.0,0.0,2.0,14.0,10.0,7.0,8.0,19.0,37.0,16.0
517,1.0,517.0,London_141,cons,151,453,1092.0,70.0,2.0,185730.0,1.3164910557679832,867.0,123.0,2.0,121.0,224.0,19.0,205.0,145.0,318.0,63.0,11.0,41.0,0.0,16.0,0.0,4.0,9.0,56.0,171.0,217.0,34.0,4.0,4.0,0.0,0.0,0.0,0.0,0.0,0.0,0.0,37.0,0.0,3.0,3.0,24.0,1.0,3.0,2.0,1.0,2.0,35.0,0.0,0.0,0.0,0.0,0.0,0.0,0.0,0.0,0.0,0.0,0.0,0.0,0.0,0.0,0.0,0.0,0.0,0.0,5.0,11.0,3.0,0.0,9.0,15.0,9.0,13.0,13.0,23.0,16.0,15.0,0.0,0.0,0.0,0.0,0.0,0.0,0.0,0.0,0.0,0.0,0.0,0.0,0.0,0.0,0.0,0.0,0.0,0.0,7.0,15.0,3.0,0.0,9.0,21.0,12.0,21.0,16.0,34.0,22.0,21.0
518,1.0,518.0,London_141,cons,151,453,1092.0,70.0,2.0,171687.0,1.404712175950408,836.0,28.0,0.0,28.0,55.0,0.0,55.0,157.0,318.0,53.0,15.0,42.0,2.0,18.0,1.0,4.0,6.0,66.0,165.0,216.0,20.0,1.0,1.0,0.0,0.0,0.0,0.0,0.0,0.0,0.0,0.0,0.0,0.0,0.0,0.0,0.0,0.0,0.0,0.0,0.0,0.0,0.0,0.0,0.0,0.0,0.0,0.0,0.0,0.0,0.0,0.0,0.0,0.0,0.0,0.0,0.0,0.0,0.0,0.0,5.0,4.0,2.0,1.0,0.0,11.0,2.0,0.0,4.0,8.0,5.0,7.0,0.0,0.0,0.0,0.0,0.0,0.0,0.0,0.0,0.0,0.0,0.0,0.0,0.0,0.0,0.0,0.0,0.0,0.0,9.0,7.0,2.0,2.0,0.0,14.0,3.0,0.0,7.0,14.0,8.0,12.0
519,1.0,519.0,London_141,cons,151,453,1092.0,70.0,2.0,199773.0,1.1918442668393254,898.0,177.0,0.0,177.0,310.0,0.0,310.0,56.0,327.0,70.0,8.0,21.0,2.0,18.0,1.0,6.0,7.0,72.0,164.0,210.0,25.0,7.0,7.0,0.0,0.0,0.0,0.0,0.0,0.0,0.0,91.0,0.0,19.0,6.0,52.0,3.0,5.0,2.0,4.0,0.0,91.0,0.0,0.0,0.0,0.0,0.0,0.0,0.0,0.0,0.0,0.0,0.0,0.0,0.0,0.0,0.0,0.0,0.0,0.0,5.0,12.0,2.0,0.0,10.0,19.0,10.0,10.0,21.0,10.0,25.0,21.0,0.0,0.0,0.0,0.0,0.0,0.0,0.0,0.0,0.0,0.0,0.0,0.0,0.0,0.0,0.0,0.0,0.0,0.0,5.0,16.0,2.0,0.0,11.0,27.0,15.0,12.0,27.0,15.0,31.0,29.0
520,1.0,520.0,London_141,cons,151,453,1092.0,70.0,2.0,147225.0,0.8058717506937683,782.0,168.0,1.0,167.0,306.0,9.0,297.0,170.0,311.0,50.0,12.0,59.0,4.0,14.0,1.0,2.0,5.0,75.0,158.0,215.0,15.0,5.0,5.0,0.0,0.0,0.0,0.0,0.0,0.0,0.0,79.0,0.0,42.0,4.0,20.0,0.0,6.0,1.0,6.0,1.0,78.0,0.0,0.0,0.0,0.0,0.0,0.0,0.0,0.0,1.0,0.0,0.0,0.0,0.0,0.0,0.0,0.0,0.0,0.0,2.0,5.0,10.0,2.0,6.0,18.0,9.0,13.0,21.0,19.0,27.0,31.0,0.0,0.0,0.0,0.0,0.0,0.0,0.0,0.0,1.0,0.0,0.0,0.0,0.0,0.0,0.0,0.0,0.0,0.0,5.0,6.0,11.0,4.0,6.0,24.0,16.0,15.0,30.0,29.0,36.0,47.0
521,1.0,521.0,London_141,cons,151,453,1092.0,70.0,2.0,95130.0,0.4446572749875486,667.0,69.0,0.0,69.0,124.0,0.0,124.0,179.0,296.0,70.0,17.0,49.0,1.0,14.0,0.0,6.0,7.0,63.0,164.0,219.0,19.0,9.0,9.0,0.0,0.0,0.0,0.0,0.0,0.0,0.0,7.0,0.0,0.0,0.0,6.0,0.0,0.0,1.0,0.0,0.0,7.0,0.0,0.0,0.0,0.0,0.0,0.0,0.0,0.0,0.0,0.0,0.0,0.0,0.0,0.0,0.0,0.0,0.0,0.0,5.0,4.0,5.0,3.0,0.0,7.0,9.0,11.0,9.0,14.0,20.0,19.0,0.0,0.0,0.0,0.0,0.0,0.0,0.0,0.0,0.0,0.0,0.0,0.0,0.0,0.0,0.0,0.0,0.0,0.0,6.0,4.0,6.0,5.0,0.0,8.0,14.0,13.0,14.0,23.0,29.0,30.0
522,1.0,522.0,London_141,cons,151,453,1092.0,70.0,2.0,96036.0,0.7919505187310278,669.0,18.0,2.0,16.0,44.0,20.0,24.0,123.0,291.0,82.0,14.0,34.0,4.0,23.0,0.0,5.0,7.0,71.0,161.0,214.0,24.0,0.0,0.0,0.0,0.0,0.0,0.0,0.0,0.0,0.0,2.0,0.0,0.0,0.0,0.0,0.0,1.0,0.0,1.0,2.0,0.0,0.0,0.0,0.0,0.0,0.0,0.0,0.0,0.0,0.0,1.0,0.0,2.0,0.0,1.0,1.0,0.0,0.0,0.0,0.0,0.0,0.0,0.0,0.0,0.0,1.0,1.0,0.0,4.0,4.0,1.0,0.0,0.0,0.0,0.0,0.0,0.0,0.0,0.0,0.0,1.0,0.0,2.0,0.0,1.0,2.0,0.0,0.0,0.0,0.0,0.0,0.0,0.0,0.0,0.0,1.0,2.0,0.0,8.0,5.0,1.0
523,1.0,523.0,London_141,cons,151,453,1092.0,70.0,2.0,117327.0,0.6003581169061363,716.0,54.0,2.0,52.0,107.0,20.0,87.0,27.0,294.0,88.0,11.0,32.0,3.0,21.0,0.0,4.0,6.0,72.0,159.0,216.0,22.0,3.0,3.0,0.0,0.0,0.0,0.0,0.0,0.0,0.0,6.0,0.0,0.0,0.0,4.0,0.0,2.0,0.0,0.0,2.0,4.0,0.0,0.0,0.0,0.0,0.0,0.0,0.0,0.0,1.0,0.0,0.0,0.0,1.0,0.0,2.0,0.0,0.0,0.0,1.0,0.0,5.0,0.0,2.0,5.0,5.0,3.0,6.0,10.0,13.0,6.0,0.0,0.0,0.0,0.0,0.0,0.0,0.0,0.0,1.0,0.0,0.0,0.0,1.0,0.0,2.0,0.0,0.0,0.0,1.0,0.0,5.0,0.0,2.0,7.0,9.0,6.0,8.0,18.0,19.0,7.0
524,1.0,524.0,London_141,cons,151,453,1092.0,70.0,2.0,124575.0,0.6607428719289601,732.0,58.0,1.0,57.0,112.0,10.0,102.0,87.0,300.0,98.0,10.0,25.0,2.0,11.0,1.0,6.0,6.0,77.0,155.0,215.0,18.0,0.0,0.0,0.0,0.0,0.0,0.0,0.0,0.0,0.0,13.0,0.0,0.0,0.0,13.0,0.0,0.0,0.0,0.0,1.0,12.0,0.0,0.0,0.0,0.0,0.0,0.0,0.0,0.0,0.0,0.0,0.0,0.0,0.0,0.0,0.0,0.0,0.0,0.0,3.0,7.0,7.0,0.0,3.0,6.0,5.0,15.0,10.0,10.0,11.0,17.0,0.0,0.0,0.0,0.0,0.0,0.0,0.0,0.0,0.0,0.0,0.0,0.0,0.0,0.0,0.0,0.0,0.0,0.0,4.0,8.0,7.0,0.0,3.0,7.0,10.0,23.0,15.0,16.0,16.0,24.0
525,1.0,525.0,London_141,cons,151,453,1092.0,70.0,2.0,141336.0,0.7754203733056784,769.0,46.0,2.0,44.0,95.0,18.0,77.0,79.0,303.0,97.0,6.0,22.0,4.0,14.0,1.0,6.0,7.0,79.0,152.0,215.0,27.0,4.0,4.0,0.0,0.0,0.0,0.0,0.0,0.0,0.0,7.0,0.0,0.0,0.0,5.0,0.0,1.0,0.0,1.0,2.0,5.0,0.0,0.0,0.0,0.0,0.0,0.0,0.0,0.0,2.0,0.0,0.0,1.0,0.0,1.0,1.0,0.0,0.0,0.0,0.0,0.0,0.0,0.0,2.0,5.0,3.0,0.0,4.0,5.0,10.0,1.0,0.0,0.0,0.0,0.0,0.0,0.0,0.0,0.0,2.0,0.0,0.0,2.0,0.0,3.0,2.0,0.0,0.0,0.0,0.0,0.0,0.0,0.0,2.0,5.0,6.0,0.0,6.0,8.0,16.0,1.0
526,1.0,526.0,London_141,cons,151,453,1092.0,70.0,2.0,177576.0,0.9372866852208972,849.0,92.0,0.0,92.0,160.0,0.0,160.0,79.0,305.0,99.0,6.0,22.0,6.0,7.0,1.0,7.0,6.0,78.0,149.0,220.0,17.0,2.0,2.0,0.0,0.0,0.0,0.0,0.0,0.0,0.0,29.0,0.0,0.0,3.0,25.0,0.0,0.0,1.0,0.0,0.0,29.0,0.0,0.0,0.0,0.0,0.0,0.0,0.0,0.0,0.0,0.0,0.0,0.0,0.0,0.0,0.0,0.0,0.0,0.0,8.0,5.0,2.0,1.0,5.0,14.0,11.0,12.0,17.0,18.0,10.0,24.0,0.0,0.0,0.0,0.0,0.0,0.0,0.0,0.0,0.0,0.0,0.0,0.0,0.0,0.0,0.0,0.0,0.0,0.0,10.0,8.0,2.0,1.0,5.0,19.0,17.0,16.0,26.0,30.0,15.0,33.0
527,1.0,527.0,London_141,cons,151,453,1092.0,70.0,2.0,177576.0,1.0671812132932246,849.0,59.0,2.0,57.0,124.0,20.0,104.0,119.0,310.0,82.0,5.0,34.0,4.0,13.0,0.0,5.0,9.0,72.0,163.0,209.0,25.0,4.0,4.0,0.0,0.0,0.0,0.0,0.0,0.0,0.0,3.0,0.0,0.0,1.0,1.0,0.0,1.0,0.0,0.0,2.0,1.0,0.0,0.0,0.0,0.0,0.0,0.0,0.0,0.0,1.0,0.0,0.0,0.0,0.0,1.0,1.0,0.0,0.0,0.0,3.0,1.0,1.0,0.0,0.0,8.0,4.0,5.0,4.0,8.0,15.0,14.0,0.0,0.0,0.0,0.0,0.0,0.0,0.0,0.0,2.0,0.0,0.0,0.0,0.0,3.0,2.0,0.0,0.0,0.0,4.0,1.0,1.0,0.0,0.0,12.0,4.0,7.0,5.0,12.0,20.0,20.0
528,1.0,528.0,London_141,cons,151,453,1092.0,70.0,2.0,203850.0,1.280051443260163,907.0,127.0,0.0,127.0,220.0,0.0,220.0,114.0,305.0,79.0,2.0,43.0,1.0,20.0,1.0,2.0,7.0,73.0,172.0,201.0,21.0,2.0,2.0,0.0,0.0,0.0,0.0,0.0,0.0,0.0,45.0,0.0,12.0,8.0,19.0,0.0,0.0,5.0,1.0,0.0,45.0,0.0,0.0,0.0,0.0,0.0,0.0,0.0,0.0,0.0,0.0,0.0,0.0,0.0,0.0,0.0,0.0,0.0,0.0,7.0,5.0,7.0,0.0,7.0,18.0,17.0,10.0,13.0,19.0,22.0,17.0,0.0,0.0,0.0,0.0,0.0,0.0,0.0,0.0,0.0,0.0,0.0,0.0,0.0,0.0,0.0,0.0,0.0,0.0,7.0,6.0,8.0,0.0,7.0,21.0,22.0,11.0,20.0,29.0,29.0,25.0
529,1.0,529.0,London_141,cons,151,453,1092.0,70.0,2.0,187995.0,1.1639061528258026,872.0,80.0,0.0,80.0,141.0,0.0,141.0,151.0,308.0,52.0,16.0,43.0,8.0,19.0,0.0,7.0,8.0,66.0,162.0,217.0,17.0,1.0,1.0,0.0,0.0,0.0,0.0,0.0,0.0,0.0,11.0,0.0,0.0,0.0,10.0,0.0,0.0,1.0,0.0,0.0,11.0,0.0,0.0,0.0,0.0,0.0,0.0,0.0,0.0,0.0,0.0,0.0,0.0,0.0,0.0,0.0,0.0,0.0,0.0,4.0,12.0,5.0,3.0,6.0,13.0,7.0,9.0,13.0,19.0,16.0,17.0,0.0,0.0,0.0,0.0,0.0,0.0,0.0,0.0,0.0,0.0,0.0,0.0,0.0,0.0,0.0,0.0,0.0,0.0,5.0,17.0,5.0,4.0,6.0,15.0,10.0,14.0,14.0,31.0,23.0,23.0
530,1.0,530.0,London_141,cons,151,453,1092.0,70.0,2.0,196602.0,1.2401262787170708,891.0,101.0,2.0,99.0,192.0,17.0,175.0,129.0,314.0,57.0,17.0,35.0,7.0,17.0,0.0,6.0,11.0,72.0,165.0,205.0,22.0,3.0,3.0,0.0,0.0,0.0,0.0,0.0,0.0,0.0,30.0,0.0,8.0,0.0,18.0,0.0,1.0,2.0,1.0,2.0,28.0,0.0,0.0,0.0,0.0,0.0,0.0,0.0,0.0,1.0,0.0,0.0,0.0,0.0,0.0,0.0,0.0,0.0,0.0,6.0,1.0,2.0,1.0,2.0,4.0,0.0,1.0,12.0,12.0,20.0,14.0,0.0,0.0,0.0,0.0,0.0,0.0,0.0,0.0,3.0,0.0,0.0,0.0,0.0,0.0,0.0,0.0,0.0,0.0,7.0,1.0,2.0,2.0,2.0,4.0,0.0,1.0,14.0,19.0,27.0,17.0
531,1.0,531.0,London_141,cons,151,453,1092.0,70.0,2.0,196602.0,1.0918065616860986,891.0,66.0,0.0,66.0,122.0,0.0,122.0,138.0,313.0,51.0,19.0,39.0,11.0,16.0,1.0,3.0,8.0,70.0,165.0,210.0,19.0,4.0,4.0,0.0,0.0,0.0,0.0,0.0,0.0,0.0,7.0,0.0,0.0,0.0,7.0,0.0,0.0,0.0,0.0,0.0,7.0,0.0,0.0,0.0,0.0,0.0,0.0,0.0,0.0,0.0,0.0,0.0,0.0,0.0,0.0,0.0,0.0,0.0,0.0,8.0,1.0,8.0,1.0,5.0,12.0,5.0,9.0,14.0,14.0,14.0,27.0,0.0,0.0,0.0,0.0,0.0,0.0,0.0,0.0,0.0,0.0,0.0,0.0,0.0,0.0,0.0,0.0,0.0,0.0,8.0,1.0,9.0,2.0,5.0,15.0,8.0,11.0,21.0,16.0,25.0,34.0
532,1.0,532.0,London_141,cons,151,453,1092.0,70.0,2.0,198867.0,1.063942878972739,896.0,262.0,2.0,260.0,458.0,17.0,441.0,116.0,320.0,40.0,28.0,27.0,11.0,22.0,1.0,4.0,6.0,74.0,161.0,212.0,12.0,3.0,3.0,0.0,0.0,0.0,0.0,0.0,0.0,0.0,176.0,0.0,75.0,3.0,91.0,0.0,1.0,0.0,6.0,2.0,174.0,0.0,0.0,0.0,0.0,0.0,0.0,0.0,0.0,1.0,0.0,0.0,0.0,0.0,0.0,0.0,0.0,0.0,0.0,5.0,8.0,2.0,1.0,2.0,14.0,15.0,16.0,18.0,28.0,26.0,28.0,0.0,0.0,0.0,0.0,0.0,0.0,0.0,0.0,1.0,0.0,0.0,0.0,0.0,0.0,0.0,0.0,0.0,0.0,5.0,13.0,2.0,1.0,2.0,19.0,16.0,21.0,23.0,39.0,39.0,38.0
533,1.0,533.0,London_141,cons,151,453,1092.0,70.0,2.0,112797.0,0.7714841263368726,706.0,8.0,0.0,8.0,14.0,0.0,14.0,179.0,306.0,57.0,11.0,55.0,5.0,10.0,2.0,7.0,8.0,71.0,158.0,216.0,22.0,7.0,7.0,0.0,0.0,0.0,0.0,0.0,0.0,0.0,0.0,0.0,0.0,0.0,0.0,0.0,0.0,0.0,0.0,0.0,0.0,0.0,0.0,0.0,0.0,0.0,0.0,0.0,0.0,0.0,0.0,0.0,0.0,0.0,0.0,0.0,0.0,0.0,0.0,0.0,2.0,0.0,0.0,1.0,2.0,1.0,0.0,4.0,4.0,0.0,6.0,0.0,0.0,0.0,0.0,0.0,0.0,0.0,0.0,0.0,0.0,0.0,0.0,0.0,0.0,0.0,0.0,0.0,0.0,0.0,3.0,0.0,0.0,1.0,3.0,2.0,0.0,5.0,6.0,0.0,8.0
534,1.0,534.0,London_141,cons,151,453,1092.0,70.0,2.0,148131.0,0.883828820195049,784.0,125.0,1.0,124.0,234.0,8.0,226.0,21.0,302.0,60.0,12.0,51.0,6.0,13.0,2.0,7.0,9.0,69.0,158.0,217.0,25.0,2.0,2.0,0.0,0.0,0.0,0.0,0.0,0.0,0.0,40.0,0.0,13.0,3.0,17.0,0.0,5.0,0.0,2.0,1.0,39.0,0.0,0.0,0.0,0.0,0.0,0.0,0.0,0.0,0.0,0.0,0.0,0.0,0.0,1.0,0.0,0.0,0.0,0.0,5.0,12.0,7.0,1.0,5.0,17.0,17.0,20.0,18.0,21.0,21.0,23.0,0.0,0.0,0.0,0.0,0.0,0.0,0.0,0.0,0.0,0.0,0.0,0.0,0.0,1.0,0.0,0.0,0.0,0.0,7.0,17.0,7.0,1.0,5.0,24.0,22.0,29.0,30.0,29.0,36.0,31.0
535,1.0,535.0,London_141,cons,151,453,1092.0,70.0,2.0,131823.0,0.7365161557681859,748.0,36.0,2.0,34.0,77.0,18.0,59.0,173.0,300.0,59.0,8.0,51.0,4.0,26.0,0.0,5.0,12.0,75.0,153.0,213.0,26.0,3.0,3.0,0.0,0.0,0.0,0.0,0.0,0.0,0.0,3.0,1.0,0.0,0.0,2.0,0.0,0.0,0.0,0.0,2.0,1.0,0.0,0.0,0.0,0.0,0.0,0.0,0.0,0.0,0.0,0.0,0.0,1.0,1.0,1.0,1.0,0.0,0.0,0.0,0.0,5.0,1.0,2.0,0.0,4.0,2.0,4.0,0.0,6.0,6.0,5.0,0.0,0.0,0.0,0.0,0.0,0.0,0.0,0.0,0.0,0.0,0.0,4.0,2.0,4.0,1.0,0.0,0.0,0.0,0.0,8.0,1.0,4.0,0.0,5.0,2.0,6.0,0.0,9.0,10.0,9.0
536,1.0,536.0,London_141,cons,151,453,1092.0,70.0,2.0,154926.0,0.829525182954967,799.0,63.0,0.0,63.0,109.0,0.0,109.0,70.0,305.0,64.0,7.0,43.0,5.0,25.0,0.0,4.0,7.0,68.0,153.0,225.0,19.0,0.0,0.0,0.0,0.0,0.0,0.0,0.0,0.0,0.0,2.0,0.0,0.0,0.0,0.0,0.0,0.0,1.0,1.0,0.0,2.0,0.0,0.0,0.0,0.0,0.0,0.0,0.0,0.0,0.0,0.0,0.0,0.0,0.0,0.0,0.0,0.0,0.0,0.0,6.0,2.0,5.0,1.0,5.0,5.0,8.0,4.0,10.0,9.0,12.0,17.0,0.0,0.0,0.0,0.0,0.0,0.0,0.0,0.0,0.0,0.0,0.0,0.0,0.0,0.0,0.0,0.0,0.0,0.0,6.0,5.0,7.0,2.0,5.0,6.0,14.0,6.0,13.0,10.0,14.0,21.0
537,1.0,537.0,London_141,cons,151,453,1092.0,70.0,2.0,165798.0,0.9106460460461676,823.0,65.0,2.0,63.0,141.0,19.0,122.0,108.0,301.0,66.0,4.0,36.0,10.0,35.0,0.0,1.0,7.0,76.0,147.0,223.0,24.0,6.0,6.0,0.0,0.0,0.0,0.0,0.0,0.0,0.0,6.0,0.0,1.0,2.0,0.0,0.0,0.0,0.0,3.0,1.0,5.0,0.0,0.0,0.0,0.0,0.0,0.0,0.0,0.0,2.0,0.0,0.0,0.0,0.0,0.0,2.0,0.0,0.0,0.0,2.0,0.0,1.0,2.0,0.0,4.0,6.0,5.0,11.0,6.0,14.0,14.0,0.0,0.0,0.0,0.0,0.0,0.0,0.0,0.0,2.0,0.0,0.0,0.0,0.0,0.0,5.0,0.0,0.0,0.0,2.0,0.0,1.0,3.0,0.0,6.0,6.0,5.0,16.0,9.0,22.0,23.0
538,1.0,538.0,London_141,cons,151,453,1092.0,70.0,2.0,175311.0,0.9233061540871859,844.0,16.0,0.0,16.0,29.0,0.0,29.0,134.0,305.0,44.0,4.0,48.0,7.0,41.0,0.0,4.0,8.0,65.0,149.0,231.0,19.0,2.0,2.0,0.0,0.0,0.0,0.0,0.0,0.0,0.0,1.0,0.0,0.0,0.0,0.0,0.0,0.0,1.0,0.0,0.0,1.0,0.0,0.0,0.0,0.0,0.0,0.0,0.0,0.0,0.0,0.0,0.0,0.0,0.0,0.0,0.0,0.0,0.0,0.0,2.0,1.0,3.0,0.0,2.0,4.0,2.0,2.0,5.0,0.0,7.0,6.0,0.0,0.0,0.0,0.0,0.0,0.0,0.0,0.0,0.0,0.0,0.0,0.0,0.0,0.0,0.0,0.0,0.0,0.0,3.0,2.0,3.0,0.0,2.0,5.0,3.0,3.0,9.0,0.0,9.0,8.0
539,1.0,539.0,London_141,cons,151,453,1092.0,70.0,2.0,201585.0,1.1103045246563852,902.0,159.0,0.0,159.0,269.0,0.0,269.0,30.0,303.0,40.0,5.0,51.0,8.0,41.0,0.0,5.0,6.0,64.0,144.0,239.0,20.0,4.0,4.0,0.0,0.0,0.0,0.0,0.0,0.0,0.0,83.0,0.0,29.0,15.0,37.0,0.0,0.0,2.0,0.0,0.0,83.0,0.0,0.0,0.0,0.0,0.0,0.0,0.0,0.0,0.0,0.0,0.0,0.0,0.0,0.0,0.0,0.0,0.0,0.0,6.0,8.0,5.0,1.0,8.0,15.0,9.0,11.0,14.0,17.0,19.0,20.0,0.0,0.0,0.0,0.0,0.0,0.0,0.0,0.0,0.0,0.0,0.0,0.0,0.0,0.0,0.0,0.0,0.0,0.0,7.0,8.0,5.0,2.0,8.0,19.0,14.0,11.0,16.0,20.0,24.0,24.0
540,1.0,540.0,London_141,cons,151,453,1092.0,70.0,2.0,163080.0,0.8391120517626405,817.0,136.0,3.0,133.0,259.0,25.0,234.0,149.0,307.0,55.0,6.0,39.0,3.0,39.0,1.0,3.0,6.0,67.0,160.0,220.0,19.0,3.0,3.0,0.0,0.0,0.0,0.0,0.0,0.0,0.0,61.0,0.0,21.0,5.0,28.0,1.0,2.0,0.0,4.0,3.0,58.0,0.0,0.0,0.0,0.0,0.0,0.0,0.0,0.0,0.0,1.0,0.0,0.0,1.0,0.0,0.0,0.0,0.0,0.0,1.0,0.0,0.0,0.0,1.0,5.0,0.0,8.0,7.0,18.0,21.0,8.0,0.0,0.0,0.0,0.0,0.0,0.0,0.0,0.0,0.0,5.0,0.0,0.0,7.0,0.0,0.0,0.0,0.0,0.0,1.0,0.0,0.0,0.0,1.0,7.0,0.0,10.0,7.0,21.0,30.0,8.0
541,1.0,541.0,London_141,cons,151,453,1092.0,70.0,2.0,130464.0,0.6384661789052188,745.0,144.0,1.0,143.0,252.0,10.0,242.0,155.0,295.0,69.0,14.0,41.0,8.0,23.0,1.0,2.0,6.0,70.0,164.0,213.0,24.0,1.0,1.0,0.0,0.0,0.0,0.0,0.0,0.0,0.0,53.0,0.0,9.0,4.0,37.0,0.0,0.0,0.0,3.0,1.0,52.0,0.0,0.0,0.0,0.0,0.0,0.0,0.0,0.0,0.0,0.0,0.0,0.0,0.0,0.0,0.0,0.0,0.0,0.0,8.0,9.0,7.0,3.0,7.0,16.0,13.0,16.0,18.0,23.0,23.0,28.0,0.0,0.0,0.0,0.0,0.0,0.0,0.0,0.0,0.0,0.0,0.0,0.0,0.0,0.0,0.0,0.0,0.0,0.0,9.0,9.0,7.0,4.0,8.0,20.0,18.0,23.0,23.0,31.0,28.0,40.0
542,1.0,542.0,London_141,cons,151,453,1092.0,70.0,2.0,98754.0,0.5059371278621256,675.0,30.0,1.0,29.0,59.0,7.0,52.0,163.0,299.0,70.0,13.0,39.0,11.0,18.0,0.0,3.0,6.0,55.0,178.0,214.0,19.0,6.0,6.0,0.0,0.0,0.0,0.0,0.0,0.0,0.0,2.0,0.0,0.0,0.0,1.0,0.0,0.0,0.0,1.0,1.0,1.0,0.0,0.0,0.0,0.0,0.0,0.0,0.0,0.0,0.0,0.0,0.0,0.0,0.0,0.0,1.0,0.0,0.0,0.0,1.0,6.0,1.0,0.0,2.0,8.0,2.0,3.0,6.0,4.0,4.0,12.0,0.0,0.0,0.0,0.0,0.0,0.0,0.0,0.0,0.0,0.0,0.0,0.0,0.0,0.0,1.0,0.0,0.0,0.0,2.0,10.0,1.0,0.0,2.0,9.0,3.0,6.0,10.0,5.0,5.0,19.0
543,1.0,543.0,London_141,cons,151,453,1092.0,70.0,2.0,114156.0,0.5688319769687951,709.0,103.0,0.0,103.0,166.0,0.0,166.0,59.0,302.0,72.0,11.0,41.0,11.0,14.0,0.0,2.0,2.0,56.0,172.0,223.0,18.0,2.0,2.0,0.0,0.0,0.0,0.0,0.0,0.0,0.0,27.0,0.0,0.0,0.0,20.0,0.0,0.0,2.0,5.0,0.0,27.0,0.0,0.0,0.0,0.0,0.0,0.0,0.0,0.0,0.0,0.0,0.0,0.0,0.0,0.0,0.0,0.0,0.0,0.0,5.0,10.0,5.0,0.0,4.0,17.0,14.0,7.0,18.0,22.0,16.0,15.0,0.0,0.0,0.0,0.0,0.0,0.0,0.0,0.0,0.0,0.0,0.0,0.0,0.0,0.0,0.0,0.0,0.0,0.0,5.0,14.0,5.0,0.0,4.0,24.0,20.0,10.0,24.0,29.0,24.0,22.0
544,1.0,544.0,London_141,cons,151,453,1092.0,70.0,2.0,88788.0,0.4550164151005447,653.0,20.0,2.0,18.0,55.0,19.0,36.0,134.0,303.0,66.0,16.0,41.0,9.0,16.0,0.0,2.0,5.0,69.0,165.0,214.0,20.0,0.0,0.0,0.0,0.0,0.0,0.0,0.0,0.0,0.0,1.0,0.0,0.0,0.0,0.0,0.0,1.0,0.0,0.0,1.0,0.0,0.0,0.0,0.0,0.0,0.0,0.0,0.0,0.0,1.0,0.0,0.0,0.0,0.0,0.0,0.0,0.0,0.0,0.0,1.0,0.0,0.0,0.0,0.0,1.0,1.0,0.0,1.0,4.0,5.0,5.0,0.0,0.0,0.0,0.0,0.0,0.0,0.0,0.0,3.0,0.0,0.0,0.0,0.0,0.0,0.0,0.0,0.0,0.0,2.0,0.0,0.0,0.0,0.0,1.0,1.0,0.0,1.0,8.0,9.0,7.0
545,1.0,545.0,London_141,cons,151,453,1092.0,70.0,2.0,111891.0,0.6102683236822486,704.0,0.0,0.0,0.0,0.0,0.0,0.0,51.0,297.0,73.0,14.0,42.0,7.0,17.0,1.0,2.0,4.0,61.0,160.0,228.0,20.0,0.0,0.0,0.0,0.0,0.0,0.0,0.0,0.0,0.0,0.0,0.0,0.0,0.0,0.0,0.0,0.0,0.0,0.0,0.0,0.0,0.0,0.0,0.0,0.0,0.0,0.0,0.0,0.0,0.0,0.0,0.0,0.0,0.0,0.0,0.0,0.0,0.0,0.0,0.0,0.0,0.0,0.0,0.0,0.0,0.0,0.0,0.0,0.0,0.0,0.0,0.0,0.0,0.0,0.0,0.0,0.0,0.0,0.0,0.0,0.0,0.0,0.0,0.0,0.0,0.0,0.0,0.0,0.0,0.0,0.0,0.0,0.0,0.0,0.0,0.0,0.0,0.0,0.0,0.0,0.0
546,1.0,546.0,London_141,cons,151,453,1092.0,70.0,2.0,146772.0,0.8672334630973637,781.0,44.0,0.0,44.0,73.0,0.0,73.0,0.0,297.0,73.0,14.0,42.0,7.0,17.0,1.0,2.0,4.0,61.0,160.0,228.0,20.0,6.0,6.0,0.0,0.0,0.0,0.0,0.0,0.0,0.0,0.0,0.0,0.0,0.0,0.0,0.0,0.0,0.0,0.0,0.0,0.0,0.0,0.0,0.0,0.0,0.0,0.0,0.0,0.0,0.0,0.0,0.0,0.0,0.0,0.0,0.0,0.0,0.0,0.0,6.0,8.0,6.0,0.0,4.0,6.0,9.0,6.0,8.0,9.0,12.0,9.0,0.0,0.0,0.0,0.0,0.0,0.0,0.0,0.0,0.0,0.0,0.0,0.0,0.0,0.0,0.0,0.0,0.0,0.0,9.0,10.0,8.0,0.0,4.0,8.0,14.0,8.0,13.0,13.0,16.0,13.0
547,1.0,547.0,London_141,cons,151,453,1092.0,70.0,2.0,163533.0,0.992214382160455,818.0,121.0,0.0,121.0,212.0,0.0,212.0,79.0,297.0,74.0,13.0,30.0,10.0,25.0,0.0,4.0,3.0,67.0,161.0,222.0,23.0,5.0,5.0,0.0,0.0,0.0,0.0,0.0,0.0,0.0,44.0,0.0,5.0,0.0,39.0,0.0,0.0,0.0,0.0,0.0,44.0,0.0,0.0,0.0,0.0,0.0,0.0,0.0,0.0,0.0,0.0,0.0,0.0,0.0,0.0,0.0,0.0,0.0,0.0,4.0,6.0,2.0,3.0,0.0,7.0,13.0,4.0,11.0,15.0,28.0,18.0,0.0,0.0,0.0,0.0,0.0,0.0,0.0,0.0,0.0,0.0,0.0,0.0,0.0,0.0,0.0,0.0,0.0,0.0,7.0,8.0,2.0,5.0,0.0,8.0,20.0,6.0,14.0,19.0,38.0,21.0
548,1.0,548.0,London_141,cons,151,453,1092.0,70.0,2.0,145413.0,0.7658931291662157,778.0,123.0,2.0,121.0,233.0,17.0,216.0,149.0,301.0,54.0,12.0,47.0,10.0,24.0,0.0,5.0,3.0,67.0,168.0,215.0,27.0,3.0,3.0,0.0,0.0,0.0,0.0,0.0,0.0,0.0,53.0,0.0,26.0,0.0,26.0,0.0,0.0,0.0,1.0,2.0,51.0,0.0,0.0,0.0,0.0,0.0,0.0,0.0,0.0,0.0,0.0,0.0,0.0,1.0,0.0,0.0,0.0,0.0,0.0,6.0,3.0,0.0,0.0,0.0,3.0,3.0,2.0,4.0,12.0,24.0,14.0,0.0,0.0,0.0,0.0,0.0,0.0,0.0,0.0,0.0,0.0,0.0,0.0,4.0,0.0,0.0,0.0,0.0,0.0,7.0,6.0,0.0,0.0,0.0,4.0,3.0,3.0,6.0,17.0,36.0,16.0
549,1.0,549.0,London_141,cons,151,453,1092.0,70.0,2.0,117780.0,0.5858389972709119,717.0,8.0,2.0,6.0,29.0,18.0,11.0,155.0,304.0,51.0,16.0,47.0,11.0,20.0,1.0,3.0,4.0,66.0,164.0,219.0,14.0,2.0,2.0,0.0,0.0,0.0,0.0,0.0,0.0,0.0,2.0,0.0,0.0,0.0,2.0,0.0,0.0,0.0,0.0,2.0,0.0,0.0,0.0,0.0,0.0,0.0,0.0,0.0,0.0,0.0,0.0,0.0,1.0,0.0,0.0,0.0,0.0,0.0,0.0,0.0,1.0,0.0,0.0,0.0,3.0,0.0,2.0,0.0,2.0,2.0,1.0,0.0,0.0,0.0,0.0,0.0,0.0,0.0,0.0,0.0,0.0,0.0,4.0,0.0,0.0,0.0,0.0,0.0,0.0,0.0,1.0,0.0,0.0,0.0,6.0,0.0,2.0,0.0,3.0,4.0,1.0
550,1.0,550.0,London_141,cons,151,453,1092.0,70.0,2.0,150849.0,0.83306521223858,790.0,78.0,0.0,78.0,135.0,0.0,135.0,21.0,305.0,51.0,18.0,42.0,11.0,22.0,1.0,3.0,3.0,66.0,165.0,219.0,14.0,2.0,2.0,0.0,0.0,0.0,0.0,0.0,0.0,0.0,10.0,0.0,0.0,2.0,8.0,0.0,0.0,0.0,0.0,0.0,10.0,0.0,0.0,0.0,0.0,0.0,0.0,0.0,0.0,0.0,0.0,0.0,0.0,0.0,0.0,0.0,0.0,0.0,0.0,3.0,7.0,1.0,0.0,0.0,4.0,7.0,4.0,6.0,8.0,24.0,11.0,0.0,0.0,0.0,0.0,0.0,0.0,0.0,0.0,0.0,0.0,0.0,0.0,0.0,0.0,0.0,0.0,0.0,0.0,4.0,9.0,1.0,0.0,0.0,8.0,8.0,7.0,9.0,17.0,32.0,17.0
551,1.0,551.0,London_141,cons,151,453,1092.0,70.0,2.0,148584.0,0.783734065014869,785.0,116.0,2.0,114.0,206.0,19.0,187.0,121.0,314.0,51.0,9.0,29.0,16.0,32.0,1.0,1.0,3.0,72.0,168.0,210.0,16.0,8.0,8.0,0.0,0.0,0.0,0.0,0.0,0.0,0.0,52.0,0.0,24.0,4.0,22.0,1.0,1.0,0.0,0.0,2.0,50.0,0.0,0.0,0.0,0.0,0.0,0.0,0.0,0.0,0.0,0.0,0.0,2.0,0.0,1.0,1.0,0.0,0.0,0.0,0.0,2.0,0.0,1.0,0.0,4.0,3.0,3.0,1.0,12.0,14.0,9.0,0.0,0.0,0.0,0.0,0.0,0.0,0.0,0.0,0.0,0.0,0.0,4.0,0.0,3.0,3.0,0.0,0.0,0.0,0.0,3.0,0.0,1.0,0.0,6.0,4.0,5.0,2.0,21.0,17.0,12.0
552,1.0,552.0,London_141,cons,151,453,1092.0,70.0,2.0,129105.0,0.6473074960522354,742.0,99.0,1.0,98.0,175.0,9.0,166.0,131.0,314.0,38.0,11.0,48.0,17.0,23.0,0.0,2.0,11.0,67.0,160.0,215.0,21.0,6.0,6.0,0.0,0.0,0.0,0.0,0.0,0.0,0.0,32.0,0.0,22.0,6.0,0.0,0.0,0.0,1.0,3.0,0.0,32.0,0.0,0.0,0.0,0.0,0.0,0.0,0.0,0.0,1.0,0.0,0.0,0.0,0.0,1.0,1.0,0.0,0.0,0.0,1.0,2.0,4.0,0.0,3.0,9.0,10.0,7.0,9.0,22.0,11.0,20.0,0.0,0.0,0.0,0.0,0.0,0.0,0.0,0.0,1.0,0.0,0.0,0.0,0.0,7.0,4.0,0.0,0.0,0.0,1.0,3.0,5.0,0.0,3.0,9.0,15.0,10.0,13.0,30.0,16.0,27.0
553,1.0,553.0,London_141,cons,151,453,1092.0,70.0,2.0,120951.0,0.6161956652067602,724.0,47.0,0.0,47.0,76.0,0.0,76.0,135.0,319.0,52.0,2.0,45.0,18.0,16.0,0.0,1.0,5.0,68.0,156.0,224.0,19.0,0.0,0.0,0.0,0.0,0.0,0.0,0.0,0.0,0.0,3.0,0.0,0.0,2.0,0.0,0.0,0.0,0.0,1.0,0.0,3.0,0.0,0.0,0.0,0.0,0.0,0.0,0.0,0.0,0.0,0.0,0.0,0.0,0.0,0.0,0.0,0.0,0.0,0.0,2.0,3.0,3.0,0.0,3.0,9.0,7.0,13.0,7.0,14.0,6.0,14.0,0.0,0.0,0.0,0.0,0.0,0.0,0.0,0.0,0.0,0.0,0.0,0.0,0.0,0.0,0.0,0.0,0.0,0.0,2.0,5.0,3.0,0.0,3.0,12.0,10.0,19.0,8.0,20.0,10.0,19.0
554,1.0,554.0,London_141,cons,151,453,1092.0,70.0,2.0,138165.0,0.6769049102440476,762.0,11.0,0.0,11.0,18.0,0.0,18.0,73.0,324.0,53.0,7.0,33.0,17.0,19.0,0.0,0.0,6.0,74.0,160.0,213.0,24.0,8.0,8.0,0.0,0.0,0.0,0.0,0.0,0.0,0.0,0.0,0.0,0.0,0.0,0.0,0.0,0.0,0.0,0.0,0.0,0.0,0.0,0.0,0.0,0.0,0.0,0.0,0.0,0.0,0.0,0.0,0.0,0.0,0.0,0.0,0.0,0.0,0.0,0.0,2.0,1.0,3.0,0.0,1.0,4.0,1.0,3.0,3.0,3.0,2.0,2.0,0.0,0.0,0.0,0.0,0.0,0.0,0.0,0.0,0.0,0.0,0.0,0.0,0.0,0.0,0.0,0.0,0.0,0.0,3.0,2.0,4.0,0.0,1.0,6.0,2.0,4.0,4.0,5.0,2.0,3.0
555,1.0,555.0,London_141,cons,151,453,1092.0,70.0,2.0,176670.0,1.020752388983965,847.0,143.0,1.0,142.0,265.0,10.0,255.0,27.0,316.0,60.0,6.0,36.0,18.0,15.0,0.0,2.0,6.0,77.0,157.0,213.0,29.0,4.0,4.0,0.0,0.0,0.0,0.0,0.0,0.0,0.0,72.0,0.0,28.0,12.0,28.0,0.0,0.0,1.0,3.0,1.0,71.0,0.0,0.0,0.0,0.0,0.0,0.0,0.0,0.0,0.0,0.0,0.0,0.0,0.0,0.0,0.0,0.0,0.0,0.0,6.0,8.0,8.0,1.0,4.0,23.0,10.0,12.0,18.0,18.0,29.0,23.0,0.0,0.0,0.0,0.0,0.0,0.0,0.0,0.0,0.0,0.0,0.0,0.0,0.0,0.0,0.0,0.0,0.0,0.0,7.0,10.0,9.0,2.0,4.0,28.0,15.0,17.0,26.0,24.0,36.0,32.0
556,1.0,556.0,London_141,cons,151,453,1092.0,70.0,2.0,149943.0,0.8349590180441737,788.0,17.0,0.0,17.0,25.0,0.0,25.0,143.0,324.0,54.0,7.0,41.0,19.0,4.0,0.0,4.0,7.0,68.0,158.0,220.0,19.0,0.0,0.0,0.0,0.0,0.0,0.0,0.0,0.0,0.0,0.0,0.0,0.0,0.0,0.0,0.0,0.0,0.0,0.0,0.0,0.0,0.0,0.0,0.0,0.0,0.0,0.0,0.0,0.0,0.0,0.0,0.0,0.0,0.0,0.0,0.0,0.0,0.0,0.0,0.0,2.0,1.0,0.0,1.0,3.0,0.0,2.0,4.0,1.0,6.0,4.0,0.0,0.0,0.0,0.0,0.0,0.0,0.0,0.0,0.0,0.0,0.0,0.0,0.0,0.0,0.0,0.0,0.0,0.0,0.0,2.0,1.0,0.0,1.0,3.0,0.0,3.0,5.0,1.0,8.0,4.0
557,1.0,557.0,London_141,cons,151,453,1092.0,70.0,2.0,183465.0,1.0946271331049502,862.0,105.0,2.0,103.0,198.0,17.0,181.0,25.0,323.0,53.0,5.0,44.0,19.0,5.0,0.0,4.0,6.0,72.0,160.0,215.0,14.0,3.0,3.0,0.0,0.0,0.0,0.0,0.0,0.0,0.0,33.0,0.0,11.0,4.0,17.0,0.0,0.0,1.0,0.0,2.0,31.0,0.0,0.0,0.0,0.0,0.0,0.0,0.0,0.0,0.0,0.0,0.0,0.0,0.0,0.0,0.0,0.0,0.0,0.0,8.0,6.0,3.0,2.0,7.0,14.0,11.0,8.0,17.0,18.0,11.0,22.0,0.0,0.0,0.0,0.0,0.0,0.0,0.0,0.0,0.0,0.0,0.0,0.0,0.0,0.0,0.0,0.0,0.0,0.0,8.0,7.0,4.0,3.0,9.0,17.0,16.0,10.0,20.0,26.0,13.0,30.0
558,1.0,558.0,London_141,cons,151,453,1092.0,70.0,2.0,181200.0,1.2025051382370293,857.0,84.0,1.0,83.0,155.0,12.0,143.0,138.0,331.0,44.0,9.0,49.0,6.0,10.0,0.0,4.0,8.0,76.0,155.0,214.0,12.0,4.0,4.0,0.0,0.0,0.0,0.0,0.0,0.0,0.0,14.0,0.0,4.0,1.0,0.0,0.0,4.0,0.0,5.0,1.0,13.0,0.0,0.0,0.0,0.0,0.0,0.0,0.0,0.0,0.0,0.0,0.0,0.0,0.0,0.0,0.0,0.0,0.0,0.0,5.0,5.0,8.0,1.0,10.0,12.0,8.0,4.0,7.0,12.0,18.0,12.0,0.0,0.0,0.0,0.0,0.0,0.0,0.0,0.0,0.0,0.0,0.0,0.0,0.0,0.0,0.0,0.0,0.0,0.0,5.0,5.0,11.0,1.0,10.0,14.0,12.0,4.0,10.0,16.0,26.0,15.0
559,1.0,559.0,London_141,cons,151,453,1092.0,70.0,2.0,185277.0,1.2082842732779682,866.0,182.0,2.0,180.0,321.0,19.0,302.0,127.0,333.0,50.0,8.0,43.0,6.0,10.0,0.0,3.0,7.0,81.0,147.0,218.0,19.0,4.0,4.0,0.0,0.0,0.0,0.0,0.0,0.0,0.0,98.0,0.0,42.0,4.0,38.0,0.0,8.0,2.0,4.0,2.0,96.0,0.0,0.0,0.0,0.0,0.0,0.0,0.0,0.0,0.0,0.0,0.0,0.0,0.0,1.0,0.0,0.0,0.0,0.0,5.0,13.0,6.0,2.0,7.0,26.0,10.0,13.0,17.0,15.0,27.0,26.0,0.0,0.0,0.0,0.0,0.0,0.0,0.0,0.0,0.0,0.0,0.0,0.0,0.0,2.0,0.0,0.0,0.0,0.0,7.0,14.0,6.0,3.0,7.0,30.0,13.0,17.0,24.0,19.0,33.0,33.0
560,1.0,560.0,London_141,cons,151,453,1092.0,70.0,2.0,139524.0,0.8373428378254175,765.0,99.0,0.0,99.0,175.0,0.0,175.0,157.0,318.0,64.0,7.0,45.0,2.0,11.0,3.0,3.0,10.0,64.0,152.0,227.0,17.0,3.0,3.0,0.0,0.0,0.0,0.0,0.0,0.0,0.0,19.0,0.0,0.0,8.0,5.0,1.0,1.0,0.0,4.0,0.0,19.0,0.0,0.0,0.0,0.0,0.0,0.0,0.0,0.0,0.0,0.0,0.0,0.0,0.0,0.0,0.0,0.0,0.0,0.0,5.0,2.0,0.0,4.0,10.0,18.0,10.0,13.0,10.0,24.0,23.0,16.0,0.0,0.0,0.0,0.0,0.0,0.0,0.0,0.0,0.0,0.0,0.0,0.0,0.0,0.0,0.0,0.0,0.0,0.0,6.0,4.0,0.0,5.0,11.0,23.0,17.0,13.0,13.0,41.0,35.0,24.0
561,1.0,561.0,London_141,cons,151,453,1092.0,70.0,2.0,130011.0,0.7039162400178611,744.0,35.0,0.0,35.0,66.0,0.0,66.0,151.0,317.0,61.0,6.0,50.0,5.0,12.0,1.0,1.0,9.0,73.0,140.0,231.0,21.0,5.0,5.0,0.0,0.0,0.0,0.0,0.0,0.0,0.0,0.0,0.0,0.0,0.0,0.0,0.0,0.0,0.0,0.0,0.0,0.0,0.0,0.0,0.0,0.0,0.0,0.0,0.0,0.0,0.0,0.0,0.0,0.0,0.0,0.0,0.0,0.0,0.0,0.0,6.0,7.0,6.0,0.0,1.0,10.0,2.0,6.0,5.0,9.0,8.0,7.0,0.0,0.0,0.0,0.0,0.0,0.0,0.0,0.0,0.0,0.0,0.0,0.0,0.0,0.0,0.0,0.0,0.0,0.0,7.0,13.0,7.0,0.0,1.0,13.0,4.0,7.0,9.0,15.0,9.0,10.0
562,1.0,562.0,London_141,cons,151,453,1092.0,70.0,2.0,154473.0,1.1848865477368236,798.0,41.0,1.0,40.0,84.0,9.0,75.0,71.0,323.0,68.0,5.0,38.0,8.0,8.0,2.0,1.0,7.0,79.0,139.0,228.0,23.0,3.0,3.0,0.0,0.0,0.0,0.0,0.0,0.0,0.0,2.0,0.0,0.0,0.0,0.0,0.0,1.0,0.0,1.0,1.0,1.0,0.0,0.0,0.0,0.0,0.0,0.0,0.0,0.0,1.0,0.0,0.0,0.0,0.0,0.0,0.0,0.0,0.0,0.0,1.0,6.0,2.0,1.0,1.0,12.0,4.0,8.0,6.0,5.0,8.0,10.0,0.0,0.0,0.0,0.0,0.0,0.0,0.0,0.0,1.0,0.0,0.0,0.0,0.0,0.0,0.0,0.0,0.0,0.0,2.0,9.0,3.0,2.0,1.0,19.0,7.0,14.0,9.0,10.0,12.0,15.0
563,1.0,563.0,London_141,cons,151,453,1092.0,70.0,2.0,185730.0,1.4363634078763425,867.0,98.0,0.0,98.0,170.0,0.0,170.0,77.0,324.0,70.0,8.0,27.0,9.0,13.0,1.0,1.0,9.0,74.0,149.0,221.0,25.0,6.0,6.0,0.0,0.0,0.0,0.0,0.0,0.0,0.0,29.0,0.0,0.0,2.0,22.0,0.0,1.0,0.0,4.0,0.0,29.0,0.0,0.0,0.0,0.0,0.0,0.0,0.0,0.0,0.0,0.0,0.0,0.0,0.0,0.0,0.0,0.0,0.0,0.0,1.0,7.0,3.0,0.0,3.0,12.0,6.0,8.0,12.0,23.0,14.0,20.0,0.0,0.0,0.0,0.0,0.0,0.0,0.0,0.0,0.0,0.0,0.0,0.0,0.0,0.0,0.0,0.0,0.0,0.0,2.0,8.0,3.0,0.0,3.0,15.0,8.0,12.0,16.0,33.0,21.0,26.0
564,1.0,564.0,London_141,cons,151,453,1092.0,70.0,2.0,183918.0,1.0507187508046627,863.0,107.0,2.0,105.0,196.0,20.0,176.0,139.0,322.0,61.0,11.0,38.0,8.0,11.0,1.0,1.0,7.0,76.0,151.0,219.0,20.0,2.0,2.0,0.0,0.0,0.0,0.0,0.0,0.0,0.0,27.0,0.0,2.0,3.0,13.0,0.0,3.0,0.0,6.0,2.0,25.0,0.0,0.0,0.0,0.0,0.0,0.0,0.0,0.0,0.0,1.0,0.0,1.0,0.0,1.0,1.0,0.0,0.0,0.0,2.0,11.0,2.0,1.0,1.0,12.0,9.0,5.0,18.0,14.0,23.0,23.0,0.0,0.0,0.0,0.0,0.0,0.0,0.0,0.0,0.0,2.0,0.0,1.0,0.0,1.0,1.0,0.0,0.0,0.0,2.0,13.0,2.0,2.0,1.0,14.0,13.0,5.0,32.0,20.0,33.0,29.0
565,1.0,565.0,London_141,cons,151,453,1092.0,70.0,2.0,173046.0,1.1458009080961347,839.0,81.0,2.0,79.0,155.0,20.0,135.0,144.0,329.0,61.0,11.0,39.0,1.0,8.0,1.0,3.0,9.0,76.0,158.0,210.0,20.0,1.0,1.0,0.0,0.0,0.0,0.0,0.0,0.0,0.0,14.0,0.0,0.0,2.0,2.0,0.0,8.0,0.0,2.0,2.0,12.0,0.0,0.0,0.0,0.0,0.0,0.0,0.0,0.0,0.0,0.0,0.0,0.0,0.0,0.0,0.0,0.0,0.0,0.0,8.0,7.0,5.0,0.0,7.0,26.0,6.0,14.0,13.0,19.0,14.0,21.0,0.0,0.0,0.0,0.0,0.0,0.0,0.0,0.0,0.0,0.0,0.0,0.0,0.0,0.0,0.0,0.0,0.0,0.0,11.0,8.0,5.0,0.0,7.0,31.0,11.0,20.0,20.0,30.0,20.0,25.0
566,1.0,566.0,London_141,cons,151,453,1092.0,70.0,2.0,173499.0,0.9305657930672169,840.0,113.0,1.0,112.0,213.0,10.0,203.0,126.0,327.0,67.0,10.0,31.0,3.0,12.0,1.0,2.0,9.0,81.0,162.0,201.0,22.0,1.0,1.0,0.0,0.0,0.0,0.0,0.0,0.0,0.0,48.0,0.0,10.0,0.0,28.0,2.0,2.0,1.0,5.0,1.0,47.0,0.0,0.0,0.0,0.0,0.0,0.0,0.0,0.0,0.0,0.0,0.0,0.0,0.0,0.0,0.0,0.0,0.0,0.0,6.0,6.0,9.0,1.0,5.0,18.0,11.0,9.0,15.0,9.0,23.0,22.0,0.0,0.0,0.0,0.0,0.0,0.0,0.0,0.0,0.0,0.0,0.0,0.0,0.0,0.0,0.0,0.0,0.0,0.0,8.0,8.0,11.0,1.0,5.0,22.0,14.0,13.0,21.0,15.0,40.0,31.0
567,1.0,567.0,London_141,cons,151,453,1092.0,70.0,2.0,157644.0,0.901142193004489,805.0,91.0,2.0,89.0,181.0,18.0,163.0,140.0,330.0,53.0,12.0,36.0,6.0,11.0,1.0,4.0,8.0,87.0,156.0,202.0,16.0,12.0,12.0,0.0,0.0,0.0,0.0,0.0,0.0,0.0,28.0,0.0,0.0,2.0,21.0,0.0,1.0,0.0,4.0,2.0,26.0,0.0,0.0,0.0,0.0,0.0,0.0,0.0,0.0,1.0,0.0,0.0,1.0,0.0,1.0,1.0,0.0,0.0,0.0,1.0,1.0,0.0,0.0,3.0,3.0,8.0,2.0,7.0,13.0,19.0,11.0,0.0,0.0,0.0,0.0,0.0,0.0,0.0,0.0,2.0,0.0,0.0,1.0,0.0,1.0,2.0,0.0,0.0,0.0,1.0,1.0,0.0,0.0,3.0,4.0,10.0,2.0,9.0,23.0,33.0,14.0
568,1.0,568.0,London_141,cons,151,453,1092.0,70.0,2.0,154020.0,0.7843306912109256,797.0,96.0,0.0,96.0,167.0,0.0,167.0,137.0,319.0,60.0,11.0,39.0,8.0,14.0,1.0,1.0,11.0,81.0,164.0,197.0,20.0,0.0,0.0,0.0,0.0,0.0,0.0,0.0,0.0,0.0,16.0,0.0,1.0,0.0,10.0,0.0,0.0,0.0,5.0,0.0,16.0,0.0,0.0,0.0,0.0,0.0,0.0,0.0,0.0,0.0,0.0,0.0,0.0,0.0,0.0,0.0,0.0,0.0,0.0,6.0,12.0,3.0,2.0,3.0,13.0,14.0,16.0,11.0,15.0,23.0,19.0,0.0,0.0,0.0,0.0,0.0,0.0,0.0,0.0,0.0,0.0,0.0,0.0,0.0,0.0,0.0,0.0,0.0,0.0,9.0,15.0,4.0,4.0,3.0,16.0,20.0,19.0,15.0,24.0,30.0,27.0
569,1.0,569.0,London_141,cons,151,453,1092.0,70.0,2.0,146319.0,0.7932843882590532,780.0,77.0,2.0,75.0,145.0,20.0,125.0,141.0,321.0,57.0,8.0,40.0,12.0,7.0,2.0,6.0,7.0,77.0,155.0,214.0,16.0,4.0,4.0,0.0,0.0,0.0,0.0,0.0,0.0,0.0,11.0,0.0,0.0,7.0,3.0,0.0,1.0,0.0,0.0,2.0,9.0,0.0,0.0,0.0,0.0,0.0,0.0,0.0,0.0,1.0,0.0,0.0,0.0,0.0,1.0,1.0,0.0,0.0,0.0,4.0,5.0,2.0,1.0,0.0,5.0,9.0,4.0,2.0,14.0,17.0,10.0,0.0,0.0,0.0,0.0,0.0,0.0,0.0,0.0,2.0,0.0,0.0,0.0,0.0,3.0,2.0,0.0,0.0,0.0,5.0,7.0,2.0,2.0,0.0,6.0,11.0,4.0,2.0,19.0,23.0,11.0
570,1.0,570.0,London_141,cons,151,453,1092.0,70.0,2.0,139071.0,0.7219488369300961,764.0,108.0,0.0,108.0,185.0,0.0,185.0,123.0,313.0,55.0,10.0,30.0,12.0,25.0,0.0,8.0,9.0,74.0,157.0,213.0,18.0,4.0,4.0,0.0,0.0,0.0,0.0,0.0,0.0,0.0,39.0,0.0,16.0,4.0,18.0,0.0,0.0,1.0,0.0,0.0,39.0,0.0,0.0,0.0,0.0,0.0,0.0,0.0,0.0,0.0,0.0,0.0,0.0,0.0,0.0,0.0,0.0,0.0,0.0,8.0,10.0,4.0,0.0,5.0,14.0,16.0,16.0,8.0,11.0,17.0,18.0,0.0,0.0,0.0,0.0,0.0,0.0,0.0,0.0,0.0,0.0,0.0,0.0,0.0,0.0,0.0,0.0,0.0,0.0,10.0,13.0,4.0,0.0,5.0,19.0,22.0,19.0,15.0,18.0,22.0,24.0
571,1.0,571.0,London_141,cons,151,453,1092.0,70.0,2.0,125028.0,0.7449878151528537,733.0,66.0,0.0,66.0,115.0,0.0,115.0,128.0,315.0,42.0,6.0,53.0,11.0,22.0,2.0,2.0,7.0,85.0,163.0,198.0,19.0,1.0,1.0,0.0,0.0,0.0,0.0,0.0,0.0,0.0,1.0,0.0,0.0,0.0,0.0,0.0,0.0,0.0,1.0,0.0,1.0,0.0,0.0,0.0,0.0,0.0,0.0,0.0,0.0,0.0,0.0,0.0,0.0,0.0,0.0,0.0,0.0,0.0,0.0,7.0,8.0,2.0,1.0,2.0,14.0,8.0,11.0,12.0,10.0,21.0,20.0,0.0,0.0,0.0,0.0,0.0,0.0,0.0,0.0,0.0,0.0,0.0,0.0,0.0,0.0,0.0,0.0,0.0,0.0,10.0,10.0,2.0,2.0,2.0,18.0,14.0,16.0,17.0,14.0,34.0,28.0
572,1.0,572.0,London_141,cons,151,453,1092.0,70.0,2.0,128199.0,0.6698542721569538,740.0,52.0,2.0,50.0,95.0,17.0,78.0,115.0,316.0,45.0,16.0,32.0,14.0,28.0,1.0,1.0,7.0,73.0,176.0,197.0,16.0,10.0,10.0,0.0,0.0,0.0,0.0,0.0,0.0,0.0,4.0,0.0,1.0,0.0,0.0,0.0,1.0,1.0,1.0,2.0,2.0,0.0,0.0,0.0,0.0,0.0,0.0,0.0,0.0,2.0,0.0,0.0,1.0,0.0,0.0,1.0,0.0,0.0,0.0,2.0,5.0,0.0,0.0,0.0,2.0,4.0,0.0,5.0,7.0,15.0,5.0,0.0,0.0,0.0,0.0,0.0,0.0,0.0,0.0,2.0,0.0,0.0,1.0,0.0,0.0,4.0,0.0,0.0,0.0,3.0,7.0,0.0,0.0,0.0,3.0,4.0,0.0,6.0,10.0,20.0,5.0
573,1.0,573.0,London_141,cons,151,453,1092.0,70.0,2.0,145866.0,0.7826249240897596,779.0,93.0,0.0,93.0,166.0,0.0,166.0,96.0,309.0,44.0,16.0,33.0,10.0,39.0,0.0,2.0,7.0,76.0,176.0,194.0,10.0,0.0,0.0,0.0,0.0,0.0,0.0,0.0,0.0,0.0,35.0,0.0,5.0,0.0,26.0,0.0,0.0,3.0,1.0,0.0,35.0,0.0,0.0,0.0,0.0,0.0,0.0,0.0,0.0,0.0,0.0,0.0,0.0,0.0,0.0,0.0,0.0,0.0,0.0,7.0,4.0,7.0,1.0,4.0,13.0,11.0,6.0,12.0,20.0,13.0,11.0,0.0,0.0,0.0,0.0,0.0,0.0,0.0,0.0,0.0,0.0,0.0,0.0,0.0,0.0,0.0,0.0,0.0,0.0,9.0,5.0,8.0,1.0,5.0,19.0,16.0,9.0,20.0,28.0,20.0,17.0
574,1.0,574.0,London_141,cons,151,453,1092.0,70.0,2.0,139977.0,0.7050518901087344,766.0,75.0,2.0,73.0,145.0,17.0,128.0,119.0,311.0,36.0,18.0,39.0,6.0,39.0,1.0,3.0,8.0,84.0,180.0,181.0,16.0,12.0,12.0,0.0,0.0,0.0,0.0,0.0,0.0,0.0,15.0,0.0,10.0,0.0,3.0,0.0,1.0,0.0,1.0,2.0,13.0,0.0,0.0,0.0,0.0,0.0,0.0,0.0,0.0,1.0,0.0,1.0,0.0,1.0,0.0,0.0,0.0,0.0,0.0,3.0,0.0,0.0,0.0,2.0,2.0,6.0,6.0,3.0,12.0,22.0,17.0,0.0,0.0,0.0,0.0,0.0,0.0,0.0,0.0,1.0,0.0,1.0,0.0,1.0,0.0,0.0,0.0,0.0,0.0,4.0,0.0,0.0,0.0,2.0,2.0,10.0,9.0,5.0,21.0,33.0,25.0
575,1.0,575.0,London_141,cons,151,453,1092.0,70.0,2.0,148584.0,0.7418954889290035,785.0,8.0,0.0,8.0,10.0,0.0,10.0,124.0,306.0,49.0,16.0,30.0,7.0,41.0,1.0,3.0,10.0,83.0,170.0,190.0,23.0,3.0,3.0,0.0,0.0,0.0,0.0,0.0,0.0,0.0,0.0,0.0,0.0,0.0,0.0,0.0,0.0,0.0,0.0,0.0,0.0,0.0,0.0,0.0,0.0,0.0,0.0,0.0,0.0,0.0,0.0,0.0,0.0,0.0,0.0,0.0,0.0,0.0,0.0,0.0,0.0,0.0,0.0,0.0,1.0,1.0,1.0,1.0,3.0,1.0,3.0,0.0,0.0,0.0,0.0,0.0,0.0,0.0,0.0,0.0,0.0,0.0,0.0,0.0,0.0,0.0,0.0,0.0,0.0,0.0,0.0,0.0,0.0,0.0,1.0,1.0,1.0,1.0,3.0,2.0,3.0
576,1.0,576.0,London_141,cons,151,453,1092.0,70.0,2.0,195696.0,1.1025994238443673,889.0,93.0,1.0,92.0,158.0,8.0,150.0,13.0,305.0,49.0,16.0,28.0,8.0,43.0,1.0,3.0,10.0,82.0,164.0,197.0,23.0,5.0,5.0,0.0,0.0,0.0,0.0,0.0,0.0,0.0,27.0,0.0,0.0,0.0,25.0,0.0,0.0,0.0,2.0,0.0,27.0,0.0,0.0,0.0,0.0,0.0,0.0,0.0,0.0,0.0,0.0,0.0,0.0,0.0,1.0,0.0,0.0,0.0,0.0,8.0,3.0,1.0,2.0,3.0,17.0,4.0,14.0,10.0,11.0,17.0,22.0,0.0,0.0,0.0,0.0,0.0,0.0,0.0,0.0,0.0,0.0,0.0,0.0,0.0,4.0,0.0,0.0,0.0,0.0,10.0,4.0,1.0,3.0,3.0,24.0,6.0,16.0,17.0,19.0,22.0,30.0
577,1.0,577.0,London_141,cons,151,453,1092.0,70.0,2.0,196149.0,1.0463713388890028,890.0,181.0,2.0,179.0,319.0,18.0,301.0,119.0,308.0,43.0,19.0,40.0,8.0,33.0,0.0,2.0,14.0,84.0,165.0,190.0,20.0,0.0,0.0,0.0,0.0,0.0,0.0,0.0,0.0,0.0,102.0,0.0,49.0,0.0,51.0,2.0,0.0,0.0,0.0,2.0,100.0,0.0,0.0,0.0,0.0,0.0,0.0,0.0,0.0,0.0,0.0,0.0,0.0,0.0,0.0,0.0,0.0,0.0,0.0,6.0,8.0,9.0,0.0,2.0,16.0,17.0,14.0,18.0,21.0,19.0,19.0,0.0,0.0,0.0,0.0,0.0,0.0,0.0,0.0,0.0,0.0,0.0,0.0,0.0,0.0,0.0,0.0,0.0,0.0,8.0,13.0,11.0,0.0,2.0,20.0,25.0,20.0,23.0,31.0,25.0,29.0
578,1.0,578.0,London_141,cons,151,453,1092.0,70.0,2.0,152208.0,0.7814605869352818,793.0,12.0,0.0,12.0,21.0,0.0,21.0,149.0,302.0,52.0,17.0,49.0,2.0,25.0,1.0,5.0,10.0,92.0,152.0,199.0,25.0,4.0,4.0,0.0,0.0,0.0,0.0,0.0,0.0,0.0,1.0,0.0,0.0,0.0,0.0,0.0,0.0,1.0,0.0,0.0,1.0,0.0,0.0,0.0,0.0,0.0,0.0,0.0,0.0,0.0,0.0,0.0,0.0,0.0,0.0,0.0,0.0,0.0,0.0,1.0,0.0,0.0,0.0,1.0,2.0,1.0,2.0,3.0,3.0,2.0,4.0,0.0,0.0,0.0,0.0,0.0,0.0,0.0,0.0,0.0,0.0,0.0,0.0,0.0,0.0,0.0,0.0,0.0,0.0,1.0,0.0,0.0,0.0,1.0,6.0,1.0,3.0,5.0,5.0,3.0,7.0
579,1.0,579.0,London_141,cons,151,453,1092.0,70.0,2.0,192525.0,1.830522630829364,882.0,144.0,2.0,142.0,265.0,19.0,246.0,24.0,299.0,47.0,16.0,56.0,3.0,26.0,0.0,6.0,10.0,86.0,158.0,199.0,27.0,1.0,1.0,0.0,0.0,0.0,0.0,0.0,0.0,0.0,73.0,0.0,35.0,0.0,33.0,0.0,1.0,2.0,2.0,2.0,71.0,0.0,0.0,0.0,0.0,0.0,0.0,0.0,0.0,1.0,0.0,0.0,0.0,0.0,0.0,1.0,0.0,0.0,0.0,2.0,2.0,3.0,0.0,0.0,0.0,7.0,0.0,0.0,13.0,17.0,5.0,0.0,0.0,0.0,0.0,0.0,0.0,0.0,0.0,2.0,0.0,0.0,0.0,0.0,0.0,4.0,0.0,0.0,0.0,2.0,3.0,3.0,0.0,0.0,0.0,9.0,0.0,0.0,18.0,26.0,6.0
580,1.0,580.0,London_141,cons,151,453,1092.0,70.0,2.0,166251.0,0.9091990976594388,824.0,87.0,0.0,87.0,143.0,0.0,143.0,142.0,309.0,41.0,24.0,43.0,6.0,28.0,1.0,1.0,8.0,92.0,154.0,199.0,16.0,0.0,0.0,0.0,0.0,0.0,0.0,0.0,0.0,0.0,13.0,0.0,4.0,0.0,6.0,0.0,0.0,0.0,3.0,0.0,13.0,0.0,0.0,0.0,0.0,0.0,0.0,0.0,0.0,0.0,0.0,0.0,0.0,0.0,0.0,0.0,0.0,0.0,0.0,8.0,10.0,1.0,0.0,7.0,16.0,9.0,12.0,15.0,16.0,13.0,20.0,0.0,0.0,0.0,0.0,0.0,0.0,0.0,0.0,0.0,0.0,0.0,0.0,0.0,0.0,0.0,0.0,0.0,0.0,11.0,12.0,1.0,0.0,7.0,18.0,13.0,13.0,23.0,20.0,17.0,27.0
581,1.0,581.0,London_141,cons,151,453,1092.0,70.0,2.0,163986.0,0.9581616097129881,819.0,76.0,0.0,76.0,141.0,0.0,141.0,127.0,310.0,54.0,20.0,30.0,5.0,31.0,3.0,0.0,11.0,96.0,137.0,209.0,19.0,2.0,2.0,0.0,0.0,0.0,0.0,0.0,0.0,0.0,14.0,0.0,5.0,0.0,9.0,0.0,0.0,0.0,0.0,0.0,14.0,0.0,0.0,0.0,0.0,0.0,0.0,0.0,0.0,0.0,0.0,0.0,0.0,0.0,0.0,0.0,0.0,0.0,0.0,6.0,9.0,3.0,2.0,3.0,15.0,8.0,11.0,14.0,11.0,20.0,15.0,0.0,0.0,0.0,0.0,0.0,0.0,0.0,0.0,0.0,0.0,0.0,0.0,0.0,0.0,0.0,0.0,0.0,0.0,6.0,12.0,3.0,2.0,4.0,22.0,11.0,17.0,19.0,14.0,25.0,20.0
582,1.0,582.0,London_141,cons,151,453,1092.0,70.0,2.0,170781.0,0.9656398952938616,834.0,95.0,3.0,92.0,184.0,25.0,159.0,118.0,307.0,39.0,21.0,37.0,9.0,33.0,3.0,4.0,11.0,95.0,142.0,205.0,17.0,4.0,4.0,0.0,0.0,0.0,0.0,0.0,0.0,0.0,25.0,0.0,6.0,0.0,16.0,1.0,2.0,0.0,0.0,3.0,22.0,0.0,0.0,0.0,0.0,0.0,0.0,0.0,0.0,0.0,2.0,0.0,0.0,1.0,0.0,0.0,0.0,0.0,0.0,2.0,4.0,1.0,0.0,0.0,2.0,9.0,7.0,8.0,16.0,20.0,17.0,0.0,0.0,0.0,0.0,0.0,0.0,0.0,0.0,0.0,4.0,0.0,0.0,1.0,0.0,0.0,0.0,0.0,0.0,2.0,6.0,1.0,0.0,0.0,2.0,11.0,11.0,13.0,22.0,28.0,23.0
583,1.0,583.0,London_141,cons,151,453,1092.0,70.0,2.0,163533.0,0.8839295040816069,818.0,110.0,1.0,109.0,196.0,10.0,186.0,140.0,314.0,59.0,13.0,31.0,3.0,27.0,3.0,3.0,13.0,93.0,142.0,205.0,16.0,8.0,8.0,0.0,0.0,0.0,0.0,0.0,0.0,0.0,37.0,0.0,8.0,0.0,27.0,0.0,0.0,0.0,2.0,1.0,36.0,0.0,0.0,0.0,0.0,0.0,0.0,0.0,0.0,0.0,0.0,0.0,0.0,0.0,0.0,0.0,0.0,0.0,0.0,9.0,3.0,3.0,1.0,8.0,17.0,8.0,12.0,13.0,15.0,17.0,25.0,0.0,0.0,0.0,0.0,0.0,0.0,0.0,0.0,0.0,0.0,0.0,0.0,0.0,0.0,0.0,0.0,0.0,0.0,9.0,3.0,3.0,1.0,8.0,24.0,9.0,16.0,18.0,23.0,25.0,30.0
584,1.0,584.0,London_141,cons,151,453,1092.0,70.0,2.0,143601.0,0.7471419218927622,774.0,87.0,1.0,86.0,153.0,7.0,146.0,140.0,309.0,63.0,14.0,32.0,5.0,27.0,0.0,3.0,12.0,88.0,146.0,207.0,16.0,0.0,0.0,0.0,0.0,0.0,0.0,0.0,0.0,0.0,25.0,0.0,0.0,0.0,25.0,0.0,0.0,0.0,0.0,1.0,24.0,0.0,0.0,0.0,0.0,0.0,0.0,0.0,0.0,0.0,0.0,0.0,0.0,0.0,0.0,0.0,0.0,0.0,0.0,7.0,5.0,2.0,2.0,3.0,18.0,6.0,11.0,12.0,13.0,17.0,22.0,0.0,0.0,0.0,0.0,0.0,0.0,0.0,0.0,0.0,0.0,0.0,0.0,0.0,0.0,0.0,0.0,0.0,0.0,8.0,6.0,2.0,3.0,3.0,26.0,8.0,19.0,16.0,18.0,24.0,27.0
585,1.0,585.0,London_141,cons,151,453,1092.0,70.0,2.0,139524.0,0.7370213130488992,765.0,68.0,0.0,68.0,111.0,0.0,111.0,108.0,308.0,57.0,10.0,39.0,6.0,30.0,0.0,3.0,13.0,83.0,153.0,204.0,23.0,2.0,2.0,0.0,0.0,0.0,0.0,0.0,0.0,0.0,3.0,0.0,0.0,0.0,0.0,0.0,0.0,0.0,3.0,0.0,3.0,0.0,0.0,0.0,0.0,0.0,0.0,0.0,0.0,0.0,0.0,0.0,0.0,0.0,0.0,0.0,0.0,0.0,0.0,6.0,4.0,3.0,2.0,6.0,12.0,5.0,6.0,12.0,11.0,15.0,11.0,0.0,0.0,0.0,0.0,0.0,0.0,0.0,0.0,0.0,0.0,0.0,0.0,0.0,0.0,0.0,0.0,0.0,0.0,8.0,5.0,4.0,3.0,6.0,18.0,7.0,6.0,17.0,15.0,22.0,14.0
586,1.0,586.0,London_141,cons,151,453,1092.0,70.0,2.0,151755.0,0.759639578871429,792.0,91.0,2.0,89.0,173.0,19.0,154.0,109.0,316.0,51.0,11.0,36.0,8.0,29.0,1.0,1.0,13.0,85.0,149.0,206.0,27.0,6.0,6.0,0.0,0.0,0.0,0.0,0.0,0.0,0.0,19.0,0.0,2.0,5.0,9.0,0.0,1.0,0.0,2.0,1.0,18.0,0.0,0.0,0.0,0.0,0.0,0.0,0.0,0.0,1.0,0.0,0.0,0.0,0.0,0.0,0.0,0.0,0.0,0.0,2.0,3.0,0.0,1.0,3.0,5.0,7.0,3.0,1.0,16.0,15.0,12.0,0.0,0.0,0.0,0.0,0.0,0.0,0.0,0.0,2.0,0.0,0.0,0.0,0.0,0.0,0.0,0.0,0.0,0.0,2.0,3.0,0.0,1.0,3.0,5.0,11.0,5.0,1.0,23.0,20.0,17.0
587,1.0,587.0,London_141,cons,151,453,1092.0,70.0,2.0,147678.0,0.7911241301335394,783.0,63.0,0.0,63.0,103.0,0.0,103.0,149.0,308.0,62.0,11.0,38.0,14.0,16.0,0.0,4.0,15.0,85.0,144.0,209.0,27.0,9.0,9.0,0.0,0.0,0.0,0.0,0.0,0.0,0.0,1.0,0.0,0.0,0.0,0.0,0.0,0.0,0.0,1.0,0.0,1.0,0.0,0.0,0.0,0.0,0.0,0.0,0.0,0.0,0.0,0.0,0.0,0.0,0.0,0.0,0.0,0.0,0.0,0.0,6.0,11.0,3.0,1.0,2.0,13.0,12.0,10.0,14.0,12.0,18.0,14.0,0.0,0.0,0.0,0.0,0.0,0.0,0.0,0.0,0.0,0.0,0.0,0.0,0.0,0.0,0.0,0.0,0.0,0.0,8.0,14.0,3.0,1.0,3.0,18.0,20.0,13.0,23.0,18.0,24.0,19.0
588,1.0,588.0,London_141,cons,151,453,1092.0,70.0,2.0,156738.0,0.8643740271218121,803.0,76.0,0.0,76.0,129.0,0.0,129.0,112.0,308.0,62.0,11.0,42.0,14.0,13.0,0.0,3.0,12.0,83.0,153.0,205.0,17.0,3.0,3.0,0.0,0.0,0.0,0.0,0.0,0.0,0.0,7.0,0.0,0.0,1.0,5.0,0.0,0.0,0.0,1.0,0.0,7.0,0.0,0.0,0.0,0.0,0.0,0.0,0.0,0.0,0.0,0.0,0.0,0.0,0.0,0.0,0.0,0.0,0.0,0.0,2.0,5.0,0.0,0.0,3.0,7.0,6.0,4.0,1.0,10.0,18.0,10.0,0.0,0.0,0.0,0.0,0.0,0.0,0.0,0.0,0.0,0.0,0.0,0.0,0.0,0.0,0.0,0.0,0.0,0.0,3.0,6.0,0.0,0.0,4.0,9.0,7.0,4.0,2.0,13.0,27.0,12.0
589,1.0,589.0,London_141,cons,151,453,1092.0,70.0,2.0,160362.0,0.8726398721337318,811.0,49.0,0.0,49.0,81.0,0.0,81.0,122.0,314.0,76.0,5.0,35.0,16.0,5.0,0.0,2.0,15.0,84.0,157.0,197.0,12.0,0.0,0.0,0.0,0.0,0.0,0.0,0.0,0.0,0.0,3.0,0.0,0.0,2.0,1.0,0.0,0.0,0.0,0.0,0.0,3.0,0.0,0.0,0.0,0.0,0.0,0.0,0.0,0.0,0.0,0.0,0.0,0.0,0.0,0.0,0.0,0.0,0.0,0.0,0.0,0.0,4.0,0.0,0.0,3.0,5.0,1.0,4.0,6.0,8.0,2.0,0.0,0.0,0.0,0.0,0.0,0.0,0.0,0.0,0.0,0.0,0.0,0.0,0.0,0.0,0.0,0.0,0.0,0.0,0.0,0.0,5.0,0.0,0.0,3.0,11.0,1.0,4.0,10.0,11.0,2.0
590,1.0,590.0,London_141,cons,151,453,1092.0,70.0,2.0,173952.0,0.9960627071559429,841.0,110.0,2.0,108.0,198.0,17.0,181.0,76.0,320.0,76.0,4.0,19.0,18.0,9.0,0.0,7.0,10.0,85.0,164.0,194.0,17.0,6.0,6.0,0.0,0.0,0.0,0.0,0.0,0.0,0.0,40.0,0.0,0.0,4.0,30.0,0.0,0.0,1.0,5.0,1.0,39.0,0.0,0.0,0.0,0.0,0.0,0.0,0.0,0.0,0.0,0.0,0.0,0.0,1.0,0.0,0.0,0.0,0.0,0.0,5.0,5.0,3.0,0.0,10.0,1.0,6.0,1.0,15.0,14.0,21.0,12.0,0.0,0.0,0.0,0.0,0.0,0.0,0.0,0.0,0.0,0.0,0.0,0.0,1.0,0.0,0.0,0.0,0.0,0.0,6.0,6.0,4.0,0.0,10.0,2.0,7.0,1.0,19.0,23.0,30.0,15.0
591,1.0,591.0,London_141,cons,151,453,1092.0,70.0,2.0,162627.0,0.8986940002068877,816.0,101.0,2.0,99.0,175.0,18.0,157.0,138.0,324.0,47.0,8.0,43.0,13.0,11.0,2.0,5.0,10.0,90.0,143.0,210.0,16.0,1.0,1.0,0.0,0.0,0.0,0.0,0.0,0.0,0.0,30.0,0.0,0.0,2.0,28.0,0.0,0.0,0.0,0.0,2.0,28.0,0.0,0.0,0.0,0.0,0.0,0.0,0.0,0.0,0.0,0.0,0.0,0.0,0.0,1.0,0.0,0.0,0.0,0.0,6.0,3.0,0.0,3.0,4.0,10.0,5.0,6.0,3.0,15.0,18.0,18.0,0.0,0.0,0.0,0.0,0.0,0.0,0.0,0.0,0.0,0.0,0.0,0.0,0.0,1.0,0.0,0.0,0.0,0.0,7.0,4.0,0.0,4.0,4.0,14.0,5.0,6.0,6.0,22.0,23.0,18.0
592,1.0,592.0,London_141,cons,151,453,1092.0,70.0,2.0,154473.0,1.0310593736357987,798.0,87.0,0.0,87.0,150.0,0.0,150.0,120.0,328.0,54.0,7.0,36.0,12.0,11.0,2.0,3.0,9.0,86.0,149.0,209.0,19.0,4.0,4.0,0.0,0.0,0.0,0.0,0.0,0.0,0.0,25.0,0.0,0.0,4.0,21.0,0.0,0.0,0.0,0.0,0.0,25.0,0.0,0.0,0.0,0.0,0.0,0.0,0.0,0.0,0.0,0.0,0.0,0.0,0.0,0.0,0.0,0.0,0.0,0.0,4.0,9.0,3.0,2.0,10.0,15.0,14.0,9.0,11.0,13.0,15.0,22.0,0.0,0.0,0.0,0.0,0.0,0.0,0.0,0.0,0.0,0.0,0.0,0.0,0.0,0.0,0.0,0.0,0.0,0.0,5.0,11.0,3.0,3.0,11.0,17.0,22.0,12.0,13.0,21.0,20.0,31.0
593,1.0,593.0,London_141,cons,151,453,1092.0,70.0,2.0,153114.0,0.8722334327176213,795.0,96.0,2.0,94.0,183.0,19.0,164.0,124.0,335.0,52.0,9.0,40.0,3.0,6.0,3.0,5.0,9.0,81.0,144.0,219.0,14.0,3.0,3.0,0.0,0.0,0.0,0.0,0.0,0.0,0.0,27.0,0.0,0.0,6.0,8.0,1.0,10.0,0.0,2.0,2.0,25.0,0.0,0.0,0.0,0.0,0.0,0.0,0.0,0.0,1.0,0.0,0.0,0.0,0.0,1.0,1.0,0.0,0.0,0.0,7.0,6.0,3.0,0.0,2.0,17.0,21.0,9.0,13.0,19.0,20.0,23.0,0.0,0.0,0.0,0.0,0.0,0.0,0.0,0.0,1.0,0.0,0.0,0.0,0.0,1.0,1.0,0.0,0.0,0.0,7.0,9.0,4.0,0.0,2.0,28.0,26.0,15.0,16.0,24.0,31.0,31.0
594,1.0,594.0,London_141,cons,151,453,1092.0,70.0,2.0,143601.0,0.7713938509114087,774.0,84.0,1.0,83.0,147.0,9.0,138.0,134.0,322.0,57.0,10.0,41.0,7.0,13.0,1.0,2.0,9.0,99.0,146.0,199.0,17.0,9.0,9.0,0.0,0.0,0.0,0.0,0.0,0.0,0.0,13.0,0.0,0.0,0.0,11.0,0.0,1.0,0.0,1.0,1.0,12.0,0.0,0.0,0.0,0.0,0.0,0.0,0.0,0.0,1.0,0.0,0.0,0.0,0.0,1.0,1.0,0.0,0.0,0.0,3.0,2.0,1.0,2.0,1.0,6.0,1.0,4.0,6.0,15.0,13.0,16.0,0.0,0.0,0.0,0.0,0.0,0.0,0.0,0.0,2.0,0.0,0.0,0.0,0.0,4.0,4.0,0.0,0.0,0.0,3.0,2.0,1.0,2.0,1.0,9.0,1.0,4.0,7.0,19.0,17.0,21.0
595,1.0,595.0,London_141,cons,151,453,1092.0,70.0,2.0,139071.0,0.7557433252222836,764.0,105.0,0.0,105.0,182.0,0.0,182.0,135.0,319.0,64.0,12.0,33.0,2.0,22.0,0.0,1.0,7.0,94.0,137.0,215.0,16.0,4.0,4.0,0.0,0.0,0.0,0.0,0.0,0.0,0.0,23.0,0.0,2.0,0.0,17.0,0.0,0.0,0.0,4.0,0.0,23.0,0.0,0.0,0.0,0.0,0.0,0.0,0.0,0.0,0.0,0.0,0.0,0.0,0.0,0.0,0.0,0.0,0.0,0.0,11.0,8.0,8.0,3.0,6.0,21.0,11.0,17.0,18.0,16.0,21.0,26.0,0.0,0.0,0.0,0.0,0.0,0.0,0.0,0.0,0.0,0.0,0.0,0.0,0.0,0.0,0.0,0.0,0.0,0.0,15.0,11.0,9.0,6.0,6.0,24.0,20.0,25.0,25.0,24.0,35.0,37.0
596,1.0,596.0,London_141,cons,151,453,1092.0,70.0,2.0,134088.0,0.7632503020577133,753.0,26.0,0.0,26.0,44.0,0.0,44.0,151.0,319.0,56.0,15.0,46.0,1.0,13.0,1.0,2.0,5.0,85.0,148.0,215.0,21.0,3.0,3.0,0.0,0.0,0.0,0.0,0.0,0.0,0.0,0.0,0.0,0.0,0.0,0.0,0.0,0.0,0.0,0.0,0.0,0.0,0.0,0.0,0.0,0.0,0.0,0.0,0.0,0.0,0.0,0.0,0.0,0.0,0.0,0.0,0.0,0.0,0.0,0.0,5.0,3.0,2.0,0.0,2.0,6.0,6.0,1.0,6.0,7.0,5.0,7.0,0.0,0.0,0.0,0.0,0.0,0.0,0.0,0.0,0.0,0.0,0.0,0.0,0.0,0.0,0.0,0.0,0.0,0.0,8.0,4.0,2.0,0.0,2.0,8.0,11.0,1.0,7.0,10.0,9.0,9.0
597,1.0,597.0,London_141,cons,151,453,1092.0,70.0,2.0,163986.0,1.0242690118029714,819.0,69.0,1.0,68.0,122.0,10.0,112.0,48.0,320.0,54.0,21.0,39.0,3.0,12.0,2.0,2.0,5.0,88.0,155.0,205.0,19.0,4.0,4.0,0.0,0.0,0.0,0.0,0.0,0.0,0.0,15.0,0.0,1.0,0.0,10.0,1.0,0.0,1.0,2.0,1.0,14.0,0.0,0.0,0.0,0.0,0.0,0.0,0.0,0.0,0.0,1.0,0.0,0.0,0.0,1.0,0.0,0.0,0.0,0.0,1.0,1.0,0.0,0.0,0.0,6.0,3.0,2.0,6.0,8.0,12.0,7.0,0.0,0.0,0.0,0.0,0.0,0.0,0.0,0.0,0.0,5.0,0.0,0.0,0.0,9.0,0.0,0.0,0.0,0.0,1.0,1.0,0.0,0.0,0.0,6.0,4.0,2.0,9.0,12.0,17.0,9.0
598,1.0,598.0,London_141,cons,151,453,1092.0,70.0,2.0,174405.0,1.0132096437737346,842.0,93.0,0.0,93.0,168.0,0.0,168.0,108.0,325.0,56.0,24.0,28.0,1.0,14.0,3.0,2.0,7.0,83.0,156.0,207.0,10.0,6.0,6.0,0.0,0.0,0.0,0.0,0.0,0.0,0.0,31.0,0.0,3.0,0.0,19.0,2.0,4.0,0.0,3.0,0.0,31.0,0.0,0.0,0.0,0.0,0.0,0.0,0.0,0.0,0.0,0.0,0.0,0.0,0.0,0.0,0.0,0.0,0.0,0.0,9.0,10.0,3.0,0.0,7.0,19.0,5.0,14.0,8.0,22.0,23.0,20.0,0.0,0.0,0.0,0.0,0.0,0.0,0.0,0.0,0.0,0.0,0.0,0.0,0.0,0.0,0.0,0.0,0.0,0.0,11.0,19.0,3.0,0.0,7.0,26.0,5.0,19.0,12.0,35.0,31.0,28.0
599,1.0,599.0,London_141,cons,151,453,1092.0,70.0,2.0,175764.0,1.026678100693971,845.0,113.0,2.0,111.0,209.0,17.0,192.0,128.0,323.0,54.0,29.0,32.0,3.0,9.0,0.0,3.0,8.0,84.0,158.0,203.0,11.0,6.0,6.0,0.0,0.0,0.0,0.0,0.0,0.0,0.0,42.0,0.0,13.0,0.0,20.0,0.0,5.0,1.0,3.0,2.0,40.0,0.0,0.0,0.0,0.0,0.0,0.0,0.0,0.0,0.0,0.0,0.0,0.0,0.0,0.0,1.0,0.0,0.0,0.0,8.0,6.0,9.0,1.0,1.0,17.0,13.0,18.0,14.0,14.0,21.0,24.0,0.0,0.0,0.0,0.0,0.0,0.0,0.0,0.0,0.0,0.0,0.0,0.0,0.0,0.0,2.0,0.0,0.0,0.0,8.0,8.0,9.0,1.0,1.0,25.0,19.0,29.0,21.0,20.0,30.0,28.0
600,1.0,600.0,London_141,cons,151,453,1092.0,70.0,2.0,156285.0,0.8871927298605442,802.0,78.0,1.0,77.0,141.0,12.0,129.0,146.0,318.0,46.0,26.0,38.0,4.0,19.0,2.0,0.0,8.0,90.0,159.0,196.0,14.0,2.0,2.0,0.0,0.0,0.0,0.0,0.0,0.0,0.0,15.0,0.0,0.0,0.0,11.0,0.0,1.0,0.0,3.0,1.0,14.0,0.0,0.0,0.0,0.0,0.0,0.0,0.0,0.0,1.0,0.0,0.0,1.0,0.0,0.0,1.0,0.0,0.0,0.0,2.0,7.0,0.0,0.0,0.0,6.0,11.0,14.0,12.0,14.0,19.0,16.0,0.0,0.0,0.0,0.0,0.0,0.0,0.0,0.0,1.0,0.0,0.0,2.0,0.0,0.0,1.0,0.0,0.0,0.0,2.0,8.0,0.0,0.0,0.0,8.0,14.0,16.0,16.0,20.0,28.0,18.0
601,1.0,601.0,London_141,cons,151,453,1092.0,70.0,2.0,159456.0,0.8795763091184199,809.0,107.0,2.0,105.0,191.0,19.0,172.0,115.0,314.0,42.0,22.0,41.0,8.0,22.0,0.0,4.0,10.0,90.0,156.0,197.0,17.0,5.0,5.0,0.0,0.0,0.0,0.0,0.0,0.0,0.0,32.0,0.0,21.0,0.0,5.0,0.0,1.0,1.0,4.0,2.0,30.0,0.0,0.0,0.0,0.0,0.0,0.0,0.0,0.0,1.0,0.0,0.0,0.0,0.0,1.0,1.0,0.0,0.0,0.0,2.0,0.0,2.0,0.0,0.0,4.0,2.0,5.0,2.0,12.0,20.0,17.0,0.0,0.0,0.0,0.0,0.0,0.0,0.0,0.0,3.0,0.0,0.0,0.0,0.0,4.0,2.0,0.0,0.0,0.0,2.0,0.0,2.0,0.0,0.0,6.0,2.0,6.0,4.0,16.0,23.0,21.0
602,1.0,602.0,London_141,cons,151,453,1092.0,70.0,2.0,146319.0,0.7721787909977138,780.0,139.0,0.0,139.0,233.0,0.0,233.0,138.0,302.0,49.0,27.0,43.0,6.0,19.0,1.0,6.0,6.0,94.0,153.0,200.0,21.0,5.0,5.0,0.0,0.0,0.0,0.0,0.0,0.0,0.0,39.0,0.0,22.0,0.0,10.0,1.0,5.0,0.0,1.0,0.0,39.0,0.0,0.0,0.0,0.0,0.0,0.0,0.0,0.0,0.0,0.0,0.0,0.0,0.0,0.0,0.0,0.0,0.0,0.0,6.0,8.0,8.0,3.0,5.0,24.0,16.0,20.0,15.0,23.0,33.0,23.0,0.0,0.0,0.0,0.0,0.0,0.0,0.0,0.0,0.0,0.0,0.0,0.0,0.0,0.0,0.0,0.0,0.0,0.0,6.0,12.0,9.0,3.0,6.0,30.0,24.0,25.0,20.0,30.0,45.0,28.0
603,1.0,603.0,London_141,cons,151,453,1092.0,70.0,2.0,116874.0,0.6685134130530059,715.0,54.0,0.0,54.0,86.0,0.0,86.0,176.0,286.0,64.0,26.0,52.0,6.0,15.0,0.0,4.0,9.0,75.0,168.0,201.0,22.0,4.0,4.0,0.0,0.0,0.0,0.0,0.0,0.0,0.0,2.0,0.0,0.0,0.0,1.0,0.0,0.0,0.0,1.0,0.0,2.0,0.0,0.0,0.0,0.0,0.0,0.0,0.0,0.0,0.0,0.0,0.0,0.0,0.0,0.0,0.0,0.0,0.0,0.0,1.0,7.0,7.0,0.0,4.0,9.0,11.0,6.0,11.0,12.0,11.0,16.0,0.0,0.0,0.0,0.0,0.0,0.0,0.0,0.0,0.0,0.0,0.0,0.0,0.0,0.0,0.0,0.0,0.0,0.0,1.0,11.0,9.0,0.0,4.0,13.0,14.0,8.0,16.0,18.0,16.0,21.0
604,1.0,604.0,London_141,cons,151,453,1092.0,70.0,2.0,141336.0,0.7940032389014959,769.0,47.0,1.0,46.0,80.0,9.0,71.0,90.0,291.0,70.0,30.0,35.0,3.0,23.0,0.0,1.0,10.0,76.0,170.0,197.0,23.0,2.0,2.0,0.0,0.0,0.0,0.0,0.0,0.0,0.0,7.0,0.0,0.0,0.0,0.0,2.0,1.0,0.0,4.0,1.0,6.0,0.0,0.0,0.0,0.0,0.0,0.0,0.0,0.0,1.0,0.0,0.0,0.0,0.0,0.0,1.0,0.0,0.0,0.0,1.0,3.0,1.0,0.0,1.0,9.0,5.0,3.0,11.0,5.0,8.0,13.0,0.0,0.0,0.0,0.0,0.0,0.0,0.0,0.0,1.0,0.0,0.0,0.0,0.0,0.0,1.0,0.0,0.0,0.0,1.0,5.0,1.0,0.0,1.0,12.0,8.0,5.0,14.0,5.0,11.0,16.0
605,1.0,605.0,London_141,cons,151,453,1092.0,70.0,2.0,160815.0,0.9413880561478436,812.0,61.0,0.0,61.0,116.0,0.0,116.0,68.0,300.0,65.0,33.0,31.0,0.0,23.0,0.0,1.0,7.0,78.0,173.0,195.0,18.0,2.0,2.0,0.0,0.0,0.0,0.0,0.0,0.0,0.0,11.0,0.0,0.0,0.0,8.0,0.0,0.0,2.0,1.0,0.0,11.0,0.0,0.0,0.0,0.0,0.0,0.0,0.0,0.0,0.0,0.0,0.0,0.0,0.0,0.0,0.0,0.0,0.0,0.0,6.0,1.0,3.0,2.0,9.0,7.0,7.0,9.0,8.0,10.0,11.0,15.0,0.0,0.0,0.0,0.0,0.0,0.0,0.0,0.0,0.0,0.0,0.0,0.0,0.0,0.0,0.0,0.0,0.0,0.0,9.0,1.0,4.0,4.0,10.0,7.0,17.0,10.0,12.0,19.0,18.0,20.0
606,1.0,606.0,London_141,cons,151,453,1092.0,70.0,2.0,171234.0,0.8878240049816668,835.0,68.0,2.0,66.0,127.0,20.0,107.0,107.0,313.0,51.0,35.0,30.0,1.0,22.0,1.0,0.0,5.0,83.0,167.0,198.0,16.0,2.0,2.0,0.0,0.0,0.0,0.0,0.0,0.0,0.0,13.0,0.0,0.0,0.0,6.0,1.0,1.0,0.0,5.0,2.0,11.0,0.0,0.0,0.0,0.0,0.0,0.0,0.0,0.0,0.0,1.0,0.0,1.0,0.0,1.0,1.0,0.0,0.0,0.0,2.0,6.0,2.0,1.0,1.0,5.0,3.0,7.0,7.0,10.0,16.0,3.0,0.0,0.0,0.0,0.0,0.0,0.0,0.0,0.0,0.0,1.0,0.0,3.0,0.0,3.0,1.0,0.0,0.0,0.0,3.0,8.0,3.0,1.0,1.0,5.0,3.0,7.0,9.0,14.0,21.0,4.0
607,1.0,607.0,London_141,cons,151,453,1092.0,70.0,2.0,183012.0,1.0285277478396893,861.0,99.0,2.0,97.0,192.0,20.0,172.0,96.0,322.0,49.0,36.0,30.0,3.0,11.0,0.0,2.0,7.0,78.0,155.0,213.0,6.0,0.0,0.0,0.0,0.0,0.0,0.0,0.0,0.0,0.0,34.0,0.0,10.0,0.0,18.0,0.0,2.0,0.0,4.0,2.0,32.0,0.0,0.0,0.0,0.0,0.0,0.0,0.0,0.0,2.0,0.0,0.0,0.0,1.0,0.0,1.0,0.0,0.0,0.0,3.0,1.0,1.0,2.0,4.0,5.0,4.0,8.0,8.0,16.0,19.0,18.0,0.0,0.0,0.0,0.0,0.0,0.0,0.0,0.0,2.0,0.0,0.0,0.0,2.0,0.0,1.0,0.0,0.0,0.0,3.0,1.0,2.0,4.0,5.0,7.0,5.0,9.0,10.0,22.0,26.0,25.0
608,1.0,608.0,London_141,cons,151,453,1092.0,70.0,2.0,177123.0,0.9407004602253437,848.0,124.0,1.0,123.0,224.0,10.0,214.0,124.0,336.0,43.0,26.0,37.0,2.0,9.0,0.0,0.0,6.0,71.0,155.0,221.0,9.0,6.0,6.0,0.0,0.0,0.0,0.0,0.0,0.0,0.0,54.0,0.0,24.0,3.0,22.0,0.0,0.0,1.0,4.0,1.0,53.0,0.0,0.0,0.0,0.0,0.0,0.0,0.0,0.0,0.0,0.0,0.0,0.0,0.0,0.0,0.0,0.0,0.0,0.0,8.0,4.0,9.0,2.0,4.0,19.0,11.0,16.0,17.0,22.0,18.0,22.0,0.0,0.0,0.0,0.0,0.0,0.0,0.0,0.0,0.0,0.0,0.0,0.0,0.0,0.0,0.0,0.0,0.0,0.0,12.0,4.0,9.0,3.0,4.0,26.0,13.0,21.0,25.0,29.0,26.0,28.0
609,1.0,609.0,London_141,cons,151,453,1092.0,70.0,2.0,155379.0,0.9173687361180782,800.0,102.0,2.0,100.0,191.0,18.0,173.0,141.0,326.0,57.0,7.0,42.0,3.0,15.0,0.0,3.0,11.0,71.0,155.0,216.0,26.0,1.0,1.0,0.0,0.0,0.0,0.0,0.0,0.0,0.0,30.0,0.0,3.0,0.0,23.0,2.0,1.0,0.0,1.0,2.0,28.0,0.0,0.0,0.0,0.0,0.0,0.0,0.0,0.0,1.0,0.0,0.0,1.0,0.0,1.0,1.0,0.0,0.0,0.0,0.0,7.0,0.0,0.0,0.0,1.0,3.0,10.0,9.0,25.0,9.0,16.0,0.0,0.0,0.0,0.0,0.0,0.0,0.0,0.0,1.0,0.0,0.0,2.0,0.0,2.0,2.0,0.0,0.0,0.0,0.0,13.0,0.0,0.0,0.0,1.0,5.0,16.0,9.0,33.0,11.0,21.0
610,1.0,610.0,London_141,cons,151,453,1092.0,70.0,2.0,143601.0,0.7201643739826977,774.0,169.0,0.0,169.0,287.0,0.0,287.0,126.0,334.0,48.0,11.0,35.0,4.0,15.0,1.0,5.0,8.0,73.0,152.0,220.0,14.0,0.0,0.0,0.0,0.0,0.0,0.0,0.0,0.0,0.0,99.0,0.0,33.0,4.0,47.0,2.0,4.0,0.0,9.0,0.0,99.0,0.0,0.0,0.0,0.0,0.0,0.0,0.0,0.0,0.0,0.0,0.0,0.0,0.0,0.0,0.0,0.0,0.0,0.0,7.0,16.0,6.0,2.0,3.0,30.0,9.0,17.0,14.0,20.0,26.0,24.0,0.0,0.0,0.0,0.0,0.0,0.0,0.0,0.0,0.0,0.0,0.0,0.0,0.0,0.0,0.0,0.0,0.0,0.0,9.0,20.0,6.0,3.0,3.0,41.0,15.0,23.0,17.0,26.0,32.0,30.0
611,1.0,611.0,London_141,cons,151,453,1092.0,70.0,2.0,102831.0,0.46200207294896245,684.0,5.0,2.0,3.0,25.0,20.0,5.0,141.0,334.0,56.0,10.0,35.0,3.0,13.0,1.0,1.0,8.0,76.0,153.0,216.0,18.0,6.0,6.0,0.0,0.0,0.0,0.0,0.0,0.0,0.0,2.0,0.0,0.0,0.0,1.0,0.0,1.0,0.0,0.0,2.0,0.0,0.0,0.0,0.0,0.0,0.0,0.0,0.0,0.0,0.0,0.0,0.0,1.0,0.0,1.0,1.0,0.0,0.0,0.0,0.0,0.0,0.0,0.0,0.0,1.0,0.0,0.0,0.0,1.0,1.0,1.0,0.0,0.0,0.0,0.0,0.0,0.0,0.0,0.0,0.0,0.0,0.0,5.0,0.0,3.0,2.0,0.0,0.0,0.0,0.0,0.0,0.0,0.0,0.0,1.0,0.0,0.0,0.0,1.0,2.0,1.0
612,1.0,612.0,London_141,cons,151,453,1092.0,70.0,2.0,135447.0,0.878105369862169,756.0,23.0,0.0,23.0,42.0,0.0,42.0,19.0,331.0,60.0,14.0,30.0,2.0,13.0,2.0,1.0,8.0,75.0,150.0,220.0,14.0,6.0,6.0,0.0,0.0,0.0,0.0,0.0,0.0,0.0,0.0,0.0,0.0,0.0,0.0,0.0,0.0,0.0,0.0,0.0,0.0,0.0,0.0,0.0,0.0,0.0,0.0,0.0,0.0,0.0,0.0,0.0,0.0,0.0,0.0,0.0,0.0,0.0,0.0,1.0,2.0,2.0,0.0,3.0,5.0,1.0,8.0,3.0,6.0,5.0,4.0,0.0,0.0,0.0,0.0,0.0,0.0,0.0,0.0,0.0,0.0,0.0,0.0,0.0,0.0,0.0,0.0,0.0,0.0,1.0,2.0,2.0,0.0,3.0,10.0,1.0,12.0,3.0,6.0,9.0,5.0
613,1.0,613.0,London_141,cons,151,453,1092.0,70.0,2.0,162627.0,1.2667418490163982,816.0,70.0,0.0,70.0,130.0,0.0,130.0,48.0,326.0,58.0,11.0,36.0,3.0,15.0,2.0,2.0,6.0,74.0,152.0,221.0,15.0,0.0,0.0,0.0,0.0,0.0,0.0,0.0,0.0,0.0,17.0,0.0,0.0,1.0,13.0,0.0,0.0,0.0,3.0,0.0,17.0,0.0,0.0,0.0,0.0,0.0,0.0,0.0,0.0,0.0,0.0,0.0,0.0,0.0,0.0,0.0,0.0,0.0,0.0,5.0,10.0,4.0,1.0,6.0,9.0,8.0,9.0,14.0,13.0,14.0,20.0,0.0,0.0,0.0,0.0,0.0,0.0,0.0,0.0,0.0,0.0,0.0,0.0,0.0,0.0,0.0,0.0,0.0,0.0,9.0,10.0,4.0,3.0,6.0,13.0,16.0,10.0,20.0,16.0,20.0,29.0
614,1.0,614.0,London_141,cons,151,453,1092.0,70.0,2.0,176217.0,1.023127983789891,846.0,126.0,2.0,124.0,234.0,17.0,217.0,106.0,337.0,54.0,8.0,32.0,6.0,16.0,0.0,0.0,6.0,77.0,145.0,225.0,16.0,3.0,3.0,0.0,0.0,0.0,0.0,0.0,0.0,0.0,60.0,0.0,13.0,5.0,32.0,0.0,2.0,2.0,6.0,2.0,58.0,0.0,0.0,0.0,0.0,0.0,0.0,0.0,0.0,0.0,0.0,0.0,0.0,0.0,0.0,0.0,0.0,0.0,0.0,6.0,9.0,5.0,0.0,10.0,23.0,7.0,15.0,13.0,16.0,17.0,22.0,0.0,0.0,0.0,0.0,0.0,0.0,0.0,0.0,0.0,0.0,0.0,0.0,0.0,0.0,0.0,0.0,0.0,0.0,7.0,11.0,5.0,0.0,10.0,32.0,7.0,19.0,17.0,24.0,26.0,28.0
615,1.0,615.0,London_141,cons,151,453,1092.0,70.0,2.0,159909.0,0.8154414212331176,810.0,86.0,0.0,86.0,146.0,0.0,146.0,133.0,335.0,53.0,10.0,35.0,4.0,13.0,1.0,2.0,7.0,73.0,150.0,223.0,21.0,6.0,6.0,0.0,0.0,0.0,0.0,0.0,0.0,0.0,23.0,0.0,0.0,0.0,21.0,0.0,0.0,0.0,2.0,0.0,23.0,0.0,0.0,0.0,0.0,0.0,0.0,0.0,0.0,0.0,0.0,0.0,0.0,0.0,0.0,0.0,0.0,0.0,0.0,6.0,6.0,5.0,1.0,7.0,15.0,3.0,6.0,16.0,14.0,8.0,15.0,0.0,0.0,0.0,0.0,0.0,0.0,0.0,0.0,0.0,0.0,0.0,0.0,0.0,0.0,0.0,0.0,0.0,0.0,7.0,11.0,5.0,1.0,7.0,21.0,7.0,8.0,21.0,21.0,14.0,22.0
616,1.0,616.0,London_141,cons,151,453,1092.0,70.0,2.0,157191.0,0.8460648199543357,804.0,116.0,2.0,114.0,202.0,17.0,185.0,119.0,337.0,51.0,13.0,32.0,7.0,10.0,1.0,2.0,6.0,74.0,150.0,223.0,18.0,1.0,1.0,0.0,0.0,0.0,0.0,0.0,0.0,0.0,53.0,0.0,12.0,0.0,35.0,0.0,1.0,0.0,5.0,2.0,51.0,0.0,0.0,0.0,0.0,0.0,0.0,0.0,0.0,0.0,0.0,1.0,0.0,1.0,0.0,0.0,0.0,0.0,0.0,0.0,2.0,3.0,1.0,3.0,2.0,3.0,1.0,6.0,12.0,25.0,10.0,0.0,0.0,0.0,0.0,0.0,0.0,0.0,0.0,0.0,0.0,1.0,0.0,1.0,0.0,0.0,0.0,0.0,0.0,0.0,3.0,3.0,4.0,3.0,3.0,4.0,1.0,9.0,19.0,34.0,12.0
617,1.0,617.0,London_141,cons,151,453,1092.0,70.0,2.0,143148.0,0.7457199948839843,773.0,131.0,0.0,131.0,228.0,0.0,228.0,115.0,329.0,51.0,22.0,30.0,7.0,11.0,0.0,3.0,10.0,71.0,144.0,228.0,23.0,7.0,7.0,0.0,0.0,0.0,0.0,0.0,0.0,0.0,63.0,0.0,20.0,0.0,35.0,0.0,0.0,0.0,8.0,0.0,63.0,0.0,0.0,0.0,0.0,0.0,0.0,0.0,0.0,0.0,0.0,0.0,0.0,0.0,0.0,0.0,0.0,0.0,0.0,3.0,6.0,4.0,0.0,8.0,20.0,15.0,20.0,11.0,15.0,21.0,22.0,0.0,0.0,0.0,0.0,0.0,0.0,0.0,0.0,0.0,0.0,0.0,0.0,0.0,0.0,0.0,0.0,0.0,0.0,3.0,9.0,6.0,0.0,8.0,27.0,20.0,25.0,16.0,17.0,30.0,31.0
618,1.0,618.0,London_141,cons,151,453,1092.0,70.0,2.0,111891.0,0.6135510997846723,704.0,1.0,1.0,0.0,8.0,8.0,0.0,135.0,327.0,51.0,16.0,38.0,6.0,13.0,1.0,1.0,4.0,63.0,149.0,237.0,9.0,5.0,5.0,0.0,0.0,0.0,0.0,0.0,0.0,0.0,1.0,0.0,0.0,0.0,0.0,0.0,1.0,0.0,0.0,1.0,0.0,0.0,0.0,0.0,0.0,0.0,0.0,0.0,0.0,1.0,0.0,0.0,0.0,0.0,1.0,0.0,0.0,0.0,0.0,0.0,0.0,0.0,0.0,0.0,0.0,0.0,0.0,0.0,0.0,0.0,0.0,0.0,0.0,0.0,0.0,0.0,0.0,0.0,0.0,3.0,0.0,0.0,0.0,0.0,3.0,0.0,0.0,0.0,0.0,0.0,0.0,0.0,0.0,0.0,0.0,0.0,0.0,0.0,0.0,0.0,0.0
619,1.0,619.0,London_141,cons,151,453,1092.0,70.0,2.0,154926.0,0.9279166469350457,799.0,98.0,2.0,96.0,190.0,18.0,172.0,11.0,324.0,52.0,17.0,41.0,5.0,9.0,2.0,3.0,3.0,64.0,150.0,236.0,8.0,4.0,4.0,0.0,0.0,0.0,0.0,0.0,0.0,0.0,27.0,0.0,0.0,0.0,26.0,0.0,0.0,1.0,0.0,2.0,25.0,0.0,0.0,0.0,0.0,0.0,0.0,0.0,0.0,0.0,0.0,0.0,0.0,1.0,0.0,0.0,0.0,0.0,0.0,6.0,8.0,6.0,1.0,4.0,16.0,13.0,13.0,17.0,15.0,22.0,16.0,0.0,0.0,0.0,0.0,0.0,0.0,0.0,0.0,0.0,0.0,0.0,0.0,2.0,0.0,0.0,0.0,0.0,0.0,8.0,11.0,7.0,2.0,5.0,24.0,18.0,20.0,25.0,23.0,32.0,25.0
620,1.0,620.0,London_141,cons,151,453,1092.0,70.0,2.0,142695.0,0.7392696999013424,772.0,107.0,0.0,107.0,196.0,0.0,196.0,136.0,323.0,61.0,19.0,30.0,4.0,15.0,0.0,1.0,5.0,59.0,149.0,240.0,21.0,6.0,6.0,0.0,0.0,0.0,0.0,0.0,0.0,0.0,33.0,0.0,3.0,0.0,25.0,1.0,3.0,0.0,1.0,0.0,33.0,0.0,0.0,0.0,0.0,0.0,0.0,0.0,0.0,0.0,0.0,0.0,0.0,0.0,0.0,0.0,0.0,0.0,0.0,4.0,8.0,5.0,0.0,3.0,21.0,6.0,8.0,17.0,17.0,15.0,26.0,0.0,0.0,0.0,0.0,0.0,0.0,0.0,0.0,0.0,0.0,0.0,0.0,0.0,0.0,0.0,0.0,0.0,0.0,4.0,13.0,6.0,0.0,3.0,26.0,7.0,9.0,22.0,23.0,25.0,34.0
621,1.0,621.0,London_141,cons,151,453,1092.0,70.0,2.0,131370.0,0.7171126836910844,747.0,89.0,2.0,87.0,165.0,19.0,146.0,149.0,324.0,52.0,20.0,38.0,1.0,15.0,0.0,3.0,5.0,60.0,175.0,213.0,12.0,2.0,2.0,0.0,0.0,0.0,0.0,0.0,0.0,0.0,17.0,0.0,1.0,0.0,12.0,0.0,4.0,0.0,0.0,2.0,15.0,0.0,0.0,0.0,0.0,0.0,0.0,0.0,0.0,1.0,0.0,0.0,0.0,0.0,0.0,1.0,0.0,0.0,0.0,3.0,1.0,0.0,0.0,0.0,3.0,10.0,1.0,7.0,19.0,13.0,22.0,0.0,0.0,0.0,0.0,0.0,0.0,0.0,0.0,3.0,0.0,0.0,0.0,0.0,0.0,4.0,0.0,0.0,0.0,4.0,1.0,0.0,0.0,0.0,4.0,17.0,1.0,9.0,25.0,19.0,30.0
622,1.0,622.0,London_141,cons,151,453,1092.0,70.0,2.0,123669.0,0.6375931482762098,730.0,38.0,0.0,38.0,73.0,0.0,73.0,139.0,324.0,48.0,18.0,53.0,4.0,5.0,0.0,1.0,6.0,68.0,161.0,218.0,11.0,1.0,1.0,0.0,0.0,0.0,0.0,0.0,0.0,0.0,3.0,0.0,0.0,0.0,0.0,0.0,0.0,1.0,2.0,0.0,3.0,0.0,0.0,0.0,0.0,0.0,0.0,0.0,0.0,0.0,0.0,0.0,0.0,0.0,0.0,0.0,0.0,0.0,0.0,3.0,4.0,5.0,0.0,3.0,7.0,4.0,10.0,12.0,5.0,9.0,12.0,0.0,0.0,0.0,0.0,0.0,0.0,0.0,0.0,0.0,0.0,0.0,0.0,0.0,0.0,0.0,0.0,0.0,0.0,3.0,6.0,6.0,0.0,3.0,10.0,6.0,14.0,19.0,9.0,16.0,20.0
623,1.0,623.0,London_141,cons,151,453,1092.0,70.0,2.0,143601.0,0.7317367224022746,774.0,62.0,0.0,62.0,104.0,0.0,104.0,69.0,331.0,36.0,18.0,51.0,5.0,11.0,0.0,1.0,8.0,69.0,156.0,220.0,12.0,4.0,4.0,0.0,0.0,0.0,0.0,0.0,0.0,0.0,2.0,0.0,0.0,0.0,0.0,0.0,0.0,0.0,2.0,0.0,2.0,0.0,0.0,0.0,0.0,0.0,0.0,0.0,0.0,0.0,0.0,0.0,0.0,0.0,0.0,0.0,0.0,0.0,0.0,7.0,6.0,4.0,0.0,2.0,13.0,6.0,10.0,11.0,7.0,17.0,15.0,0.0,0.0,0.0,0.0,0.0,0.0,0.0,0.0,0.0,0.0,0.0,0.0,0.0,0.0,0.0,0.0,0.0,0.0,10.0,7.0,5.0,0.0,2.0,15.0,9.0,12.0,14.0,9.0,29.0,20.0
624,1.0,624.0,London_141,cons,151,453,1092.0,70.0,2.0,153114.0,0.8032223950140178,795.0,60.0,3.0,57.0,123.0,25.0,98.0,105.0,331.0,45.0,8.0,44.0,5.0,18.0,0.0,2.0,7.0,62.0,168.0,216.0,16.0,0.0,0.0,0.0,0.0,0.0,0.0,0.0,0.0,0.0,6.0,0.0,3.0,0.0,0.0,1.0,2.0,0.0,0.0,3.0,3.0,0.0,0.0,0.0,0.0,0.0,0.0,0.0,0.0,0.0,2.0,0.0,0.0,1.0,0.0,0.0,0.0,0.0,0.0,0.0,1.0,3.0,1.0,0.0,1.0,1.0,0.0,6.0,15.0,17.0,5.0,0.0,0.0,0.0,0.0,0.0,0.0,0.0,0.0,0.0,5.0,0.0,0.0,4.0,0.0,0.0,0.0,0.0,0.0,0.0,1.0,3.0,1.0,0.0,1.0,2.0,0.0,9.0,19.0,23.0,6.0
625,1.0,625.0,London_141,cons,151,453,1092.0,70.0,2.0,169875.0,1.3561922861263156,832.0,141.0,1.0,140.0,255.0,10.0,245.0,99.0,340.0,31.0,14.0,46.0,4.0,13.0,0.0,5.0,5.0,65.0,156.0,227.0,13.0,4.0,4.0,0.0,0.0,0.0,0.0,0.0,0.0,0.0,80.0,0.0,32.0,4.0,36.0,1.0,6.0,1.0,0.0,1.0,79.0,0.0,0.0,0.0,0.0,0.0,0.0,0.0,0.0,0.0,0.0,0.0,0.0,0.0,0.0,0.0,0.0,0.0,0.0,11.0,8.0,7.0,3.0,7.0,22.0,6.0,11.0,15.0,14.0,21.0,20.0,0.0,0.0,0.0,0.0,0.0,0.0,0.0,0.0,0.0,0.0,0.0,0.0,0.0,0.0,0.0,0.0,0.0,0.0,12.0,10.0,8.0,4.0,7.0,29.0,6.0,16.0,22.0,21.0,28.0,26.0
626,1.0,626.0,London_141,cons,151,453,1092.0,70.0,2.0,139071.0,0.7266388358548284,764.0,11.0,1.0,10.0,22.0,7.0,15.0,132.0,335.0,53.0,6.0,39.0,5.0,12.0,1.0,2.0,7.0,60.0,151.0,235.0,18.0,5.0,5.0,0.0,0.0,0.0,0.0,0.0,0.0,0.0,1.0,0.0,0.0,0.0,1.0,0.0,0.0,0.0,0.0,1.0,0.0,0.0,0.0,0.0,0.0,0.0,0.0,0.0,0.0,1.0,0.0,0.0,0.0,0.0,0.0,1.0,0.0,0.0,0.0,0.0,0.0,0.0,0.0,0.0,0.0,0.0,1.0,1.0,1.0,1.0,1.0,0.0,0.0,0.0,0.0,0.0,0.0,0.0,0.0,2.0,0.0,0.0,0.0,0.0,0.0,3.0,0.0,0.0,0.0,0.0,0.0,0.0,0.0,0.0,0.0,0.0,1.0,1.0,1.0,1.0,1.0
627,1.0,627.0,London_141,cons,151,453,1092.0,70.0,2.0,188901.0,1.0561737841926515,874.0,108.0,0.0,108.0,177.0,0.0,177.0,27.0,334.0,54.0,8.0,35.0,5.0,13.0,1.0,3.0,7.0,59.0,154.0,233.0,16.0,3.0,3.0,0.0,0.0,0.0,0.0,0.0,0.0,0.0,40.0,0.0,0.0,2.0,36.0,0.0,2.0,0.0,0.0,0.0,40.0,0.0,0.0,0.0,0.0,0.0,0.0,0.0,0.0,0.0,0.0,0.0,0.0,0.0,0.0,0.0,0.0,0.0,0.0,8.0,4.0,5.0,2.0,8.0,16.0,9.0,9.0,18.0,11.0,19.0,17.0,0.0,0.0,0.0,0.0,0.0,0.0,0.0,0.0,0.0,0.0,0.0,0.0,0.0,0.0,0.0,0.0,0.0,0.0,10.0,7.0,7.0,3.0,8.0,21.0,14.0,15.0,22.0,14.0,25.0,21.0
628,1.0,628.0,London_141,cons,151,453,1092.0,70.0,2.0,179388.0,0.9934774837456644,853.0,66.0,2.0,64.0,128.0,19.0,109.0,124.0,334.0,57.0,5.0,40.0,1.0,11.0,2.0,3.0,7.0,57.0,161.0,228.0,20.0,3.0,3.0,0.0,0.0,0.0,0.0,0.0,0.0,0.0,8.0,0.0,0.0,0.0,0.0,2.0,1.0,1.0,4.0,1.0,7.0,0.0,0.0,0.0,0.0,0.0,0.0,0.0,0.0,1.0,0.0,0.0,0.0,0.0,0.0,0.0,0.0,0.0,0.0,1.0,0.0,1.0,1.0,0.0,9.0,8.0,3.0,15.0,6.0,13.0,16.0,0.0,0.0,0.0,0.0,0.0,0.0,0.0,0.0,2.0,0.0,0.0,0.0,0.0,0.0,0.0,0.0,0.0,0.0,1.0,0.0,1.0,1.0,0.0,12.0,12.0,3.0,21.0,8.0,18.0,18.0
629,1.0,629.0,London_141,cons,151,453,1092.0,70.0,2.0,192072.0,1.0508774812333286,881.0,144.0,0.0,144.0,253.0,0.0,253.0,112.0,332.0,47.0,9.0,45.0,4.0,13.0,1.0,2.0,7.0,65.0,140.0,241.0,18.0,6.0,6.0,0.0,0.0,0.0,0.0,0.0,0.0,0.0,75.0,0.0,27.0,4.0,38.0,3.0,0.0,1.0,2.0,0.0,75.0,0.0,0.0,0.0,0.0,0.0,0.0,0.0,0.0,0.0,0.0,0.0,0.0,0.0,0.0,0.0,0.0,0.0,0.0,7.0,13.0,10.0,1.0,3.0,22.0,11.0,14.0,17.0,14.0,23.0,18.0,0.0,0.0,0.0,0.0,0.0,0.0,0.0,0.0,0.0,0.0,0.0,0.0,0.0,0.0,0.0,0.0,0.0,0.0,8.0,17.0,12.0,1.0,3.0,30.0,13.0,19.0,22.0,19.0,34.0,18.0
630,1.0,630.0,London_141,cons,151,453,1092.0,70.0,2.0,167157.0,1.0119088157080114,826.0,106.0,0.0,106.0,183.0,0.0,183.0,147.0,321.0,50.0,19.0,45.0,3.0,9.0,0.0,6.0,6.0,66.0,143.0,238.0,23.0,3.0,3.0,0.0,0.0,0.0,0.0,0.0,0.0,0.0,35.0,0.0,16.0,0.0,18.0,0.0,0.0,1.0,0.0,0.0,35.0,0.0,0.0,0.0,0.0,0.0,0.0,0.0,0.0,0.0,0.0,0.0,0.0,0.0,0.0,0.0,0.0,0.0,0.0,11.0,12.0,8.0,1.0,5.0,19.0,9.0,16.0,14.0,20.0,19.0,30.0,0.0,0.0,0.0,0.0,0.0,0.0,0.0,0.0,0.0,0.0,0.0,0.0,0.0,0.0,0.0,0.0,0.0,0.0,13.0,16.0,9.0,1.0,5.0,28.0,10.0,21.0,21.0,29.0,28.0,34.0
631,1.0,631.0,London_141,cons,151,453,1092.0,70.0,2.0,149490.0,0.7783334190025926,787.0,46.0,0.0,46.0,81.0,0.0,81.0,135.0,328.0,54.0,18.0,33.0,9.0,8.0,1.0,2.0,3.0,72.0,146.0,232.0,13.0,2.0,2.0,0.0,0.0,0.0,0.0,0.0,0.0,0.0,0.0,0.0,0.0,0.0,0.0,0.0,0.0,0.0,0.0,0.0,0.0,0.0,0.0,0.0,0.0,0.0,0.0,0.0,0.0,0.0,0.0,0.0,0.0,0.0,0.0,0.0,0.0,0.0,0.0,6.0,6.0,7.0,0.0,4.0,6.0,3.0,9.0,9.0,4.0,15.0,15.0,0.0,0.0,0.0,0.0,0.0,0.0,0.0,0.0,0.0,0.0,0.0,0.0,0.0,0.0,0.0,0.0,0.0,0.0,8.0,11.0,8.0,0.0,4.0,7.0,3.0,14.0,11.0,6.0,21.0,19.0
632,1.0,632.0,London_141,cons,151,453,1092.0,70.0,2.0,157191.0,0.8836182481609285,804.0,135.0,2.0,133.0,251.0,17.0,234.0,83.0,331.0,61.0,12.0,29.0,9.0,6.0,1.0,4.0,5.0,69.0,142.0,237.0,21.0,3.0,3.0,0.0,0.0,0.0,0.0,0.0,0.0,0.0,72.0,0.0,17.0,12.0,40.0,0.0,2.0,0.0,1.0,2.0,70.0,0.0,0.0,0.0,0.0,0.0,0.0,0.0,0.0,0.0,0.0,0.0,0.0,0.0,0.0,0.0,0.0,0.0,0.0,6.0,13.0,6.0,2.0,6.0,20.0,12.0,13.0,18.0,16.0,25.0,18.0,0.0,0.0,0.0,0.0,0.0,0.0,0.0,0.0,0.0,0.0,0.0,0.0,0.0,0.0,0.0,0.0,0.0,0.0,7.0,19.0,6.0,2.0,6.0,27.0,16.0,19.0,24.0,16.0,39.0,25.0
633,1.0,633.0,London_141,cons,151,453,1092.0,70.0,2.0,128652.0,0.7837954917922616,741.0,101.0,2.0,99.0,180.0,18.0,162.0,133.0,344.0,54.0,5.0,38.0,4.0,6.0,0.0,2.0,9.0,72.0,146.0,226.0,21.0,5.0,5.0,0.0,0.0,0.0,0.0,0.0,0.0,0.0,38.0,0.0,14.0,0.0,20.0,0.0,0.0,0.0,4.0,2.0,36.0,0.0,0.0,0.0,0.0,0.0,0.0,0.0,0.0,0.0,0.0,0.0,0.0,0.0,0.0,0.0,0.0,0.0,0.0,5.0,10.0,8.0,0.0,7.0,7.0,7.0,11.0,17.0,6.0,14.0,16.0,0.0,0.0,0.0,0.0,0.0,0.0,0.0,0.0,0.0,0.0,0.0,0.0,0.0,0.0,0.0,0.0,0.0,0.0,5.0,14.0,8.0,0.0,8.0,9.0,11.0,13.0,19.0,8.0,17.0,17.0
634,1.0,634.0,London_141,cons,151,453,1092.0,70.0,2.0,113703.0,0.5824092258699238,708.0,111.0,0.0,111.0,189.0,0.0,189.0,116.0,345.0,45.0,13.0,34.0,4.0,11.0,0.0,1.0,6.0,67.0,144.0,236.0,18.0,12.0,12.0,0.0,0.0,0.0,0.0,0.0,0.0,0.0,60.0,0.0,26.0,0.0,21.0,0.0,6.0,3.0,4.0,0.0,60.0,0.0,0.0,0.0,0.0,0.0,0.0,0.0,0.0,0.0,0.0,0.0,0.0,0.0,0.0,0.0,0.0,0.0,0.0,11.0,8.0,6.0,3.0,8.0,21.0,3.0,10.0,14.0,15.0,13.0,18.0,0.0,0.0,0.0,0.0,0.0,0.0,0.0,0.0,0.0,0.0,0.0,0.0,0.0,0.0,0.0,0.0,0.0,0.0,15.0,10.0,6.0,5.0,8.0,27.0,5.0,14.0,17.0,22.0,14.0,23.0
635,1.0,635.0,London_141,cons,151,453,1092.0,70.0,2.0,94677.0,0.4552086968906224,666.0,33.0,2.0,31.0,65.0,19.0,46.0,112.0,344.0,40.0,20.0,33.0,2.0,11.0,1.0,2.0,7.0,61.0,159.0,226.0,17.0,2.0,2.0,0.0,0.0,0.0,0.0,0.0,0.0,0.0,2.0,0.0,0.0,0.0,0.0,1.0,1.0,0.0,0.0,2.0,0.0,0.0,0.0,0.0,0.0,0.0,0.0,0.0,0.0,1.0,0.0,0.0,1.0,0.0,1.0,1.0,0.0,0.0,0.0,1.0,0.0,0.0,1.0,0.0,2.0,2.0,5.0,0.0,3.0,5.0,5.0,0.0,0.0,0.0,0.0,0.0,0.0,0.0,0.0,2.0,0.0,0.0,2.0,0.0,1.0,1.0,0.0,0.0,0.0,1.0,0.0,0.0,1.0,0.0,2.0,3.0,5.0,0.0,5.0,8.0,6.0
636,1.0,636.0,London_141,cons,151,453,1092.0,70.0,2.0,117327.0,0.6331725842319429,716.0,63.0,1.0,62.0,113.0,9.0,104.0,50.0,341.0,51.0,21.0,23.0,1.0,11.0,3.0,2.0,3.0,67.0,161.0,222.0,15.0,4.0,4.0,0.0,0.0,0.0,0.0,0.0,0.0,0.0,8.0,0.0,0.0,0.0,4.0,1.0,2.0,0.0,1.0,1.0,7.0,0.0,0.0,0.0,0.0,0.0,0.0,0.0,0.0,1.0,0.0,0.0,0.0,0.0,1.0,1.0,0.0,0.0,0.0,4.0,7.0,1.0,1.0,4.0,6.0,11.0,9.0,8.0,14.0,12.0,15.0,0.0,0.0,0.0,0.0,0.0,0.0,0.0,0.0,2.0,0.0,0.0,0.0,0.0,2.0,1.0,0.0,0.0,0.0,4.0,7.0,1.0,2.0,4.0,6.0,17.0,11.0,13.0,21.0,18.0,17.0
637,1.0,637.0,London_141,cons,151,453,1092.0,70.0,2.0,125481.0,0.5519161559641361,734.0,8.0,0.0,8.0,13.0,0.0,13.0,100.0,347.0,48.0,23.0,26.0,2.0,5.0,0.0,2.0,4.0,63.0,160.0,226.0,12.0,10.0,10.0,0.0,0.0,0.0,0.0,0.0,0.0,0.0,0.0,0.0,0.0,0.0,0.0,0.0,0.0,0.0,0.0,0.0,0.0,0.0,0.0,0.0,0.0,0.0,0.0,0.0,0.0,0.0,0.0,0.0,0.0,0.0,0.0,0.0,0.0,0.0,0.0,2.0,0.0,1.0,0.0,0.0,2.0,1.0,1.0,2.0,0.0,3.0,2.0,0.0,0.0,0.0,0.0,0.0,0.0,0.0,0.0,0.0,0.0,0.0,0.0,0.0,0.0,0.0,0.0,0.0,0.0,2.0,0.0,2.0,0.0,0.0,3.0,2.0,1.0,3.0,0.0,4.0,4.0
638,1.0,638.0,London_141,cons,151,453,1092.0,70.0,2.0,167157.0,0.8793663866817951,826.0,18.0,0.0,18.0,34.0,0.0,34.0,23.0,340.0,54.0,23.0,25.0,2.0,7.0,0.0,2.0,4.0,66.0,161.0,222.0,13.0,4.0,4.0,0.0,0.0,0.0,0.0,0.0,0.0,0.0,1.0,0.0,0.0,0.0,0.0,0.0,0.0,1.0,0.0,0.0,1.0,0.0,0.0,0.0,0.0,0.0,0.0,0.0,0.0,0.0,0.0,0.0,0.0,0.0,0.0,0.0,0.0,0.0,0.0,1.0,3.0,5.0,0.0,1.0,2.0,1.0,3.0,4.0,3.0,6.0,5.0,0.0,0.0,0.0,0.0,0.0,0.0,0.0,0.0,0.0,0.0,0.0,0.0,0.0,0.0,0.0,0.0,0.0,0.0,1.0,5.0,5.0,0.0,1.0,2.0,1.0,5.0,6.0,6.0,7.0,6.0
639,1.0,639.0,London_141,cons,151,453,1092.0,70.0,2.0,209739.0,1.256578663829714,920.0,131.0,1.0,130.0,241.0,10.0,231.0,35.0,341.0,54.0,25.0,20.0,0.0,9.0,1.0,3.0,4.0,66.0,154.0,229.0,12.0,4.0,4.0,0.0,0.0,0.0,0.0,0.0,0.0,0.0,74.0,0.0,27.0,0.0,33.0,0.0,8.0,0.0,6.0,1.0,73.0,0.0,0.0,0.0,0.0,0.0,0.0,0.0,0.0,0.0,0.0,0.0,0.0,0.0,0.0,0.0,0.0,0.0,0.0,8.0,12.0,7.0,3.0,4.0,8.0,11.0,14.0,15.0,17.0,17.0,19.0,0.0,0.0,0.0,0.0,0.0,0.0,0.0,0.0,0.0,0.0,0.0,0.0,0.0,0.0,0.0,0.0,0.0,0.0,9.0,13.0,8.0,3.0,4.0,11.0,13.0,19.0,20.0,22.0,22.0,21.0
640,1.0,640.0,London_141,cons,151,453,1092.0,70.0,2.0,189807.0,1.1393802971579134,876.0,90.0,0.0,90.0,150.0,0.0,150.0,121.0,335.0,50.0,18.0,34.0,4.0,10.0,0.0,2.0,5.0,72.0,155.0,221.0,12.0,11.0,11.0,0.0,0.0,0.0,0.0,0.0,0.0,0.0,18.0,0.0,6.0,0.0,10.0,0.0,0.0,0.0,2.0,0.0,18.0,0.0,0.0,0.0,0.0,0.0,0.0,0.0,0.0,0.0,0.0,0.0,0.0,0.0,0.0,0.0,0.0,0.0,0.0,5.0,10.0,9.0,0.0,4.0,13.0,10.0,16.0,20.0,16.0,19.0,18.0,0.0,0.0,0.0,0.0,0.0,0.0,0.0,0.0,0.0,0.0,0.0,0.0,0.0,0.0,0.0,0.0,0.0,0.0,6.0,14.0,9.0,0.0,4.0,19.0,19.0,24.0,30.0,23.0,26.0,28.0
641,1.0,641.0,London_141,cons,151,453,1092.0,70.0,2.0,186183.0,1.3730516000650823,868.0,158.0,2.0,156.0,265.0,17.0,248.0,138.0,330.0,54.0,7.0,44.0,6.0,8.0,2.0,2.0,5.0,72.0,158.0,218.0,19.0,4.0,4.0,0.0,0.0,0.0,0.0,0.0,0.0,0.0,73.0,0.0,31.0,11.0,26.0,2.0,3.0,0.0,0.0,2.0,71.0,0.0,0.0,0.0,0.0,0.0,0.0,0.0,0.0,0.0,0.0,0.0,0.0,0.0,0.0,0.0,0.0,0.0,0.0,11.0,12.0,7.0,3.0,4.0,22.0,20.0,13.0,16.0,16.0,24.0,33.0,0.0,0.0,0.0,0.0,0.0,0.0,0.0,0.0,0.0,0.0,0.0,0.0,0.0,0.0,0.0,0.0,0.0,0.0,12.0,15.0,7.0,5.0,4.0,28.0,23.0,17.0,19.0,20.0,30.0,42.0
642,1.0,642.0,London_141,cons,151,453,1092.0,70.0,2.0,156738.0,1.0820762407965958,803.0,74.0,1.0,73.0,135.0,12.0,123.0,151.0,318.0,50.0,8.0,55.0,3.0,12.0,3.0,4.0,3.0,70.0,160.0,220.0,23.0,5.0,5.0,0.0,0.0,0.0,0.0,0.0,0.0,0.0,3.0,0.0,0.0,2.0,0.0,0.0,1.0,0.0,0.0,1.0,2.0,0.0,0.0,0.0,0.0,0.0,0.0,0.0,0.0,1.0,0.0,0.0,1.0,0.0,0.0,0.0,0.0,0.0,0.0,2.0,2.0,1.0,1.0,2.0,2.0,12.0,9.0,6.0,12.0,13.0,10.0,0.0,0.0,0.0,0.0,0.0,0.0,0.0,0.0,1.0,0.0,0.0,3.0,0.0,0.0,0.0,0.0,0.0,0.0,2.0,3.0,1.0,1.0,2.0,2.0,15.0,15.0,7.0,17.0,21.0,13.0
643,1.0,643.0,London_141,cons,151,453,1092.0,70.0,2.0,173046.0,1.019241760019213,839.0,127.0,2.0,125.0,220.0,19.0,201.0,130.0,315.0,48.0,16.0,50.0,6.0,13.0,3.0,2.0,3.0,79.0,159.0,212.0,14.0,2.0,2.0,0.0,0.0,0.0,0.0,0.0,0.0,0.0,50.0,0.0,24.0,0.0,17.0,0.0,1.0,0.0,8.0,2.0,48.0,0.0,0.0,0.0,0.0,0.0,0.0,0.0,0.0,1.0,0.0,0.0,0.0,0.0,1.0,1.0,0.0,0.0,0.0,4.0,2.0,1.0,2.0,2.0,8.0,9.0,4.0,8.0,20.0,19.0,9.0,0.0,0.0,0.0,0.0,0.0,0.0,0.0,0.0,2.0,0.0,0.0,0.0,0.0,3.0,2.0,0.0,0.0,0.0,5.0,3.0,1.0,3.0,2.0,9.0,10.0,4.0,9.0,26.0,26.0,10.0
644,1.0,644.0,London_141,cons,151,453,1092.0,70.0,2.0,153114.0,0.8726896182633936,795.0,34.0,0.0,34.0,60.0,0.0,60.0,138.0,330.0,49.0,10.0,41.0,3.0,12.0,2.0,6.0,7.0,86.0,153.0,207.0,20.0,7.0,7.0,0.0,0.0,0.0,0.0,0.0,0.0,0.0,1.0,0.0,0.0,0.0,0.0,1.0,0.0,0.0,0.0,0.0,1.0,0.0,0.0,0.0,0.0,0.0,0.0,0.0,0.0,0.0,0.0,0.0,0.0,0.0,0.0,0.0,0.0,0.0,0.0,3.0,4.0,5.0,0.0,4.0,5.0,9.0,6.0,8.0,5.0,11.0,7.0,0.0,0.0,0.0,0.0,0.0,0.0,0.0,0.0,0.0,0.0,0.0,0.0,0.0,0.0,0.0,0.0,0.0,0.0,5.0,5.0,6.0,0.0,4.0,5.0,15.0,11.0,13.0,10.0,13.0,10.0
645,1.0,645.0,London_141,cons,151,453,1092.0,70.0,2.0,168063.0,0.9291395372711122,828.0,137.0,0.0,137.0,232.0,0.0,232.0,67.0,319.0,40.0,11.0,56.0,2.0,17.0,0.0,8.0,5.0,93.0,145.0,210.0,22.0,5.0,5.0,0.0,0.0,0.0,0.0,0.0,0.0,0.0,44.0,0.0,21.0,4.0,13.0,2.0,0.0,0.0,4.0,0.0,44.0,0.0,0.0,0.0,0.0,0.0,0.0,0.0,0.0,0.0,0.0,0.0,0.0,0.0,0.0,0.0,0.0,0.0,0.0,7.0,10.0,1.0,4.0,8.0,22.0,13.0,17.0,17.0,17.0,20.0,30.0,0.0,0.0,0.0,0.0,0.0,0.0,0.0,0.0,0.0,0.0,0.0,0.0,0.0,0.0,0.0,0.0,0.0,0.0,8.0,13.0,1.0,6.0,8.0,26.0,20.0,24.0,21.0,22.0,28.0,36.0
646,1.0,646.0,London_141,cons,151,453,1092.0,70.0,2.0,144960.0,0.8976348950527608,777.0,28.0,1.0,27.0,58.0,9.0,49.0,161.0,317.0,60.0,13.0,43.0,2.0,16.0,0.0,2.0,3.0,79.0,164.0,207.0,25.0,1.0,1.0,0.0,0.0,0.0,0.0,0.0,0.0,0.0,2.0,0.0,0.0,0.0,0.0,0.0,1.0,1.0,0.0,1.0,1.0,0.0,0.0,0.0,0.0,0.0,0.0,0.0,0.0,1.0,0.0,0.0,0.0,0.0,0.0,1.0,0.0,0.0,0.0,3.0,3.0,0.0,1.0,0.0,0.0,3.0,1.0,3.0,7.0,4.0,6.0,0.0,0.0,0.0,0.0,0.0,0.0,0.0,0.0,2.0,0.0,0.0,0.0,0.0,0.0,1.0,0.0,0.0,0.0,3.0,4.0,0.0,2.0,0.0,0.0,4.0,1.0,6.0,10.0,7.0,9.0
647,1.0,647.0,London_141,cons,151,453,1092.0,70.0,2.0,164439.0,0.9297839999198914,820.0,80.0,0.0,80.0,149.0,0.0,149.0,53.0,317.0,59.0,14.0,44.0,2.0,15.0,1.0,1.0,2.0,78.0,154.0,219.0,20.0,0.0,0.0,0.0,0.0,0.0,0.0,0.0,0.0,0.0,9.0,0.0,2.0,0.0,2.0,0.0,0.0,1.0,4.0,0.0,9.0,0.0,0.0,0.0,0.0,0.0,0.0,0.0,0.0,0.0,0.0,0.0,0.0,0.0,0.0,0.0,0.0,0.0,0.0,4.0,5.0,3.0,1.0,3.0,19.0,15.0,12.0,12.0,13.0,12.0,21.0,0.0,0.0,0.0,0.0,0.0,0.0,0.0,0.0,0.0,0.0,0.0,0.0,0.0,0.0,0.0,0.0,0.0,0.0,7.0,7.0,3.0,2.0,3.0,24.0,27.0,21.0,17.0,30.0,17.0,28.0
648,1.0,648.0,London_141,cons,151,453,1092.0,70.0,2.0,166251.0,0.8441449361853302,824.0,140.0,2.0,138.0,268.0,20.0,248.0,135.0,327.0,48.0,10.0,41.0,6.0,17.0,0.0,4.0,4.0,80.0,167.0,202.0,23.0,3.0,3.0,0.0,0.0,0.0,0.0,0.0,0.0,0.0,68.0,0.0,29.0,3.0,28.0,0.0,4.0,1.0,3.0,2.0,66.0,0.0,0.0,0.0,0.0,0.0,0.0,0.0,0.0,0.0,0.0,0.0,0.0,0.0,0.0,0.0,0.0,0.0,0.0,5.0,4.0,8.0,4.0,7.0,17.0,13.0,18.0,11.0,16.0,21.0,15.0,0.0,0.0,0.0,0.0,0.0,0.0,0.0,0.0,0.0,0.0,0.0,0.0,0.0,0.0,0.0,0.0,0.0,0.0,6.0,7.0,8.0,7.0,7.0,19.0,17.0,24.0,20.0,22.0,31.0,19.0
649,1.0,649.0,London_141,cons,151,453,1092.0,70.0,2.0,139977.0,0.7980669341050088,766.0,143.0,2.0,141.0,266.0,20.0,246.0,155.0,323.0,59.0,6.0,44.0,2.0,14.0,0.0,5.0,3.0,87.0,148.0,215.0,16.0,7.0,7.0,0.0,0.0,0.0,0.0,0.0,0.0,0.0,63.0,0.0,20.0,7.0,17.0,0.0,16.0,1.0,2.0,2.0,61.0,0.0,0.0,0.0,0.0,0.0,0.0,0.0,0.0,0.0,0.0,0.0,0.0,0.0,0.0,0.0,0.0,0.0,0.0,6.0,10.0,10.0,2.0,5.0,19.0,18.0,8.0,22.0,22.0,14.0,26.0,0.0,0.0,0.0,0.0,0.0,0.0,0.0,0.0,0.0,0.0,0.0,0.0,0.0,0.0,0.0,0.0,0.0,0.0,8.0,12.0,10.0,3.0,5.0,25.0,22.0,9.0,31.0,30.0,19.0,33.0
650,1.0,650.0,London_141,cons,151,453,1092.0,70.0,2.0,106002.0,0.482617168687284,691.0,8.0,1.0,7.0,25.0,10.0,15.0,156.0,312.0,57.0,9.0,49.0,4.0,14.0,0.0,8.0,2.0,83.0,158.0,210.0,21.0,4.0,4.0,0.0,0.0,0.0,0.0,0.0,0.0,0.0,1.0,0.0,0.0,0.0,1.0,0.0,0.0,0.0,0.0,1.0,0.0,0.0,0.0,0.0,0.0,0.0,0.0,0.0,0.0,1.0,0.0,0.0,0.0,0.0,1.0,1.0,0.0,0.0,0.0,1.0,1.0,0.0,1.0,0.0,1.0,1.0,1.0,3.0,2.0,1.0,5.0,0.0,0.0,0.0,0.0,0.0,0.0,0.0,0.0,2.0,0.0,0.0,0.0,0.0,3.0,2.0,0.0,0.0,0.0,1.0,1.0,0.0,2.0,0.0,1.0,2.0,1.0,6.0,6.0,1.0,8.0
651,1.0,651.0,London_141,cons,151,453,1092.0,70.0,2.0,138618.0,0.7248151912353933,763.0,30.0,2.0,28.0,76.0,18.0,58.0,24.0,313.0,61.0,12.0,43.0,7.0,8.0,0.0,9.0,3.0,83.0,154.0,213.0,19.0,3.0,3.0,0.0,0.0,0.0,0.0,0.0,0.0,0.0,2.0,0.0,0.0,0.0,0.0,0.0,1.0,0.0,1.0,2.0,0.0,0.0,0.0,0.0,0.0,0.0,0.0,0.0,0.0,1.0,0.0,0.0,1.0,0.0,1.0,1.0,0.0,0.0,0.0,0.0,0.0,0.0,0.0,0.0,0.0,3.0,2.0,2.0,5.0,4.0,5.0,0.0,0.0,0.0,0.0,0.0,0.0,0.0,0.0,2.0,0.0,0.0,2.0,0.0,2.0,3.0,0.0,0.0,0.0,0.0,0.0,0.0,0.0,0.0,0.0,4.0,3.0,2.0,6.0,9.0,9.0
652,1.0,652.0,London_141,cons,151,453,1092.0,70.0,2.0,172140.0,0.9013976100832224,837.0,92.0,0.0,92.0,156.0,0.0,156.0,70.0,312.0,62.0,15.0,44.0,6.0,7.0,2.0,5.0,4.0,82.0,157.0,210.0,15.0,3.0,3.0,0.0,0.0,0.0,0.0,0.0,0.0,0.0,6.0,0.0,2.0,1.0,3.0,0.0,0.0,0.0,0.0,0.0,6.0,0.0,0.0,0.0,0.0,0.0,0.0,0.0,0.0,0.0,0.0,0.0,0.0,0.0,0.0,0.0,0.0,0.0,0.0,6.0,10.0,4.0,0.0,6.0,14.0,10.0,12.0,17.0,14.0,25.0,28.0,0.0,0.0,0.0,0.0,0.0,0.0,0.0,0.0,0.0,0.0,0.0,0.0,0.0,0.0,0.0,0.0,0.0,0.0,8.0,15.0,5.0,0.0,6.0,19.0,14.0,15.0,27.0,20.0,39.0,44.0
653,1.0,653.0,London_141,cons,151,453,1092.0,70.0,2.0,168516.0,0.904567205812782,829.0,27.0,2.0,25.0,59.0,20.0,39.0,154.0,319.0,58.0,5.0,47.0,6.0,15.0,0.0,3.0,6.0,78.0,161.0,208.0,17.0,0.0,0.0,0.0,0.0,0.0,0.0,0.0,0.0,0.0,2.0,0.0,0.0,0.0,1.0,0.0,1.0,0.0,0.0,2.0,0.0,0.0,0.0,0.0,0.0,0.0,0.0,0.0,0.0,1.0,0.0,0.0,1.0,0.0,1.0,0.0,0.0,0.0,0.0,2.0,0.0,0.0,0.0,0.0,0.0,0.0,0.0,0.0,1.0,7.0,1.0,0.0,0.0,0.0,0.0,0.0,0.0,0.0,0.0,2.0,0.0,0.0,3.0,0.0,1.0,0.0,0.0,0.0,0.0,2.0,0.0,0.0,0.0,0.0,0.0,0.0,0.0,0.0,1.0,8.0,2.0
654,1.0,654.0,London_141,cons,151,453,1092.0,70.0,2.0,202038.0,1.1640667309984565,903.0,176.0,0.0,176.0,305.0,0.0,305.0,44.0,325.0,61.0,6.0,35.0,7.0,16.0,0.0,3.0,4.0,80.0,160.0,209.0,9.0,1.0,1.0,0.0,0.0,0.0,0.0,0.0,0.0,0.0,100.0,0.0,38.0,10.0,43.0,0.0,7.0,2.0,0.0,0.0,100.0,0.0,0.0,0.0,0.0,0.0,0.0,0.0,0.0,0.0,0.0,0.0,0.0,0.0,0.0,0.0,0.0,0.0,0.0,11.0,8.0,3.0,2.0,9.0,17.0,13.0,9.0,15.0,19.0,20.0,23.0,0.0,0.0,0.0,0.0,0.0,0.0,0.0,0.0,0.0,0.0,0.0,0.0,0.0,0.0,0.0,0.0,0.0,0.0,13.0,11.0,3.0,2.0,9.0,24.0,18.0,11.0,20.0,26.0,24.0,29.0
655,1.0,655.0,London_141,cons,151,453,1092.0,70.0,2.0,162174.0,0.9085186463780701,815.0,164.0,0.0,164.0,284.0,0.0,284.0,151.0,320.0,55.0,10.0,41.0,5.0,18.0,1.0,3.0,4.0,94.0,155.0,200.0,25.0,5.0,5.0,0.0,0.0,0.0,0.0,0.0,0.0,0.0,81.0,0.0,21.0,3.0,46.0,0.0,3.0,2.0,6.0,0.0,81.0,0.0,0.0,0.0,0.0,0.0,0.0,0.0,0.0,0.0,0.0,0.0,0.0,0.0,0.0,0.0,0.0,0.0,0.0,6.0,15.0,8.0,1.0,7.0,19.0,12.0,10.0,20.0,16.0,25.0,33.0,0.0,0.0,0.0,0.0,0.0,0.0,0.0,0.0,0.0,0.0,0.0,0.0,0.0,0.0,0.0,0.0,0.0,0.0,8.0,18.0,8.0,1.0,7.0,23.0,18.0,14.0,30.0,21.0,34.0,40.0
656,1.0,656.0,London_141,cons,151,453,1092.0,70.0,2.0,120951.0,0.666733480989933,724.0,4.0,2.0,2.0,20.0,17.0,3.0,158.0,314.0,59.0,5.0,58.0,4.0,8.0,1.0,4.0,7.0,96.0,160.0,190.0,28.0,4.0,4.0,0.0,0.0,0.0,0.0,0.0,0.0,0.0,2.0,0.0,1.0,0.0,0.0,0.0,1.0,0.0,0.0,2.0,0.0,0.0,0.0,0.0,0.0,0.0,0.0,0.0,0.0,1.0,0.0,0.0,1.0,0.0,0.0,1.0,0.0,0.0,0.0,0.0,0.0,0.0,0.0,0.0,0.0,0.0,1.0,0.0,0.0,0.0,0.0,0.0,0.0,0.0,0.0,0.0,0.0,0.0,0.0,2.0,0.0,0.0,4.0,0.0,0.0,1.0,0.0,0.0,0.0,0.0,0.0,0.0,0.0,0.0,0.0,0.0,1.0,0.0,0.0,0.0,0.0
657,1.0,657.0,London_141,cons,151,453,1092.0,70.0,2.0,158097.0,0.8859611032530665,806.0,81.0,0.0,81.0,154.0,0.0,154.0,15.0,312.0,56.0,6.0,59.0,5.0,8.0,1.0,6.0,6.0,95.0,159.0,193.0,23.0,2.0,2.0,0.0,0.0,0.0,0.0,0.0,0.0,0.0,6.0,0.0,0.0,0.0,0.0,1.0,0.0,3.0,2.0,0.0,6.0,0.0,0.0,0.0,0.0,0.0,0.0,0.0,0.0,0.0,0.0,0.0,0.0,0.0,0.0,0.0,0.0,0.0,0.0,4.0,3.0,4.0,1.0,6.0,10.0,10.0,11.0,14.0,16.0,18.0,23.0,0.0,0.0,0.0,0.0,0.0,0.0,0.0,0.0,0.0,0.0,0.0,0.0,0.0,0.0,0.0,0.0,0.0,0.0,5.0,7.0,4.0,1.0,6.0,12.0,14.0,18.0,19.0,23.0,32.0,36.0
658,1.0,658.0,London_141,cons,151,453,1092.0,70.0,2.0,159456.0,0.8831639140844345,809.0,102.0,2.0,100.0,177.0,17.0,160.0,148.0,312.0,46.0,16.0,53.0,7.0,18.0,0.0,1.0,3.0,92.0,165.0,193.0,11.0,6.0,6.0,0.0,0.0,0.0,0.0,0.0,0.0,0.0,21.0,0.0,14.0,0.0,4.0,0.0,1.0,0.0,2.0,2.0,19.0,0.0,0.0,0.0,0.0,0.0,0.0,0.0,0.0,1.0,0.0,0.0,0.0,1.0,0.0,0.0,0.0,0.0,0.0,4.0,1.0,4.0,0.0,0.0,2.0,8.0,0.0,5.0,17.0,22.0,13.0,0.0,0.0,0.0,0.0,0.0,0.0,0.0,0.0,2.0,0.0,0.0,0.0,1.0,0.0,0.0,0.0,0.0,0.0,4.0,1.0,6.0,0.0,0.0,3.0,10.0,0.0,7.0,25.0,33.0,14.0
659,1.0,659.0,London_141,cons,151,453,1092.0,70.0,2.0,145866.0,0.773213995154947,779.0,71.0,0.0,71.0,122.0,0.0,122.0,141.0,319.0,51.0,14.0,45.0,6.0,16.0,1.0,1.0,6.0,90.0,156.0,201.0,12.0,4.0,4.0,0.0,0.0,0.0,0.0,0.0,0.0,0.0,7.0,0.0,0.0,0.0,5.0,0.0,0.0,0.0,2.0,0.0,7.0,0.0,0.0,0.0,0.0,0.0,0.0,0.0,0.0,0.0,0.0,0.0,0.0,0.0,0.0,0.0,0.0,0.0,0.0,13.0,10.0,4.0,3.0,3.0,10.0,8.0,11.0,12.0,15.0,13.0,13.0,0.0,0.0,0.0,0.0,0.0,0.0,0.0,0.0,0.0,0.0,0.0,0.0,0.0,0.0,0.0,0.0,0.0,0.0,16.0,14.0,4.0,4.0,3.0,11.0,10.0,18.0,15.0,21.0,19.0,19.0
660,1.0,660.0,London_141,cons,151,453,1092.0,70.0,2.0,145866.0,0.7779968879185617,779.0,34.0,1.0,33.0,66.0,8.0,58.0,118.0,323.0,59.0,14.0,33.0,6.0,17.0,0.0,1.0,8.0,81.0,156.0,208.0,17.0,4.0,4.0,0.0,0.0,0.0,0.0,0.0,0.0,0.0,1.0,0.0,0.0,0.0,0.0,0.0,0.0,0.0,1.0,0.0,1.0,0.0,0.0,0.0,0.0,0.0,0.0,0.0,0.0,1.0,0.0,0.0,0.0,0.0,1.0,0.0,0.0,0.0,0.0,3.0,5.0,1.0,2.0,2.0,10.0,4.0,4.0,3.0,2.0,8.0,5.0,0.0,0.0,0.0,0.0,0.0,0.0,0.0,0.0,1.0,0.0,0.0,0.0,0.0,5.0,0.0,0.0,0.0,0.0,4.0,7.0,1.0,3.0,2.0,15.0,5.0,5.0,3.0,3.0,11.0,7.0
661,1.0,661.0,London_141,cons,151,453,1092.0,70.0,2.0,160362.0,0.9670472890138626,811.0,124.0,2.0,122.0,241.0,18.0,223.0,69.0,322.0,80.0,7.0,29.0,9.0,5.0,0.0,1.0,8.0,86.0,149.0,210.0,20.0,3.0,3.0,0.0,0.0,0.0,0.0,0.0,0.0,0.0,53.0,0.0,5.0,4.0,30.0,0.0,7.0,0.0,7.0,2.0,51.0,0.0,0.0,0.0,0.0,0.0,0.0,0.0,0.0,0.0,0.0,0.0,0.0,0.0,0.0,0.0,0.0,0.0,0.0,5.0,12.0,4.0,0.0,7.0,18.0,13.0,16.0,17.0,14.0,18.0,20.0,0.0,0.0,0.0,0.0,0.0,0.0,0.0,0.0,0.0,0.0,0.0,0.0,0.0,0.0,0.0,0.0,0.0,0.0,9.0,18.0,4.0,0.0,7.0,23.0,19.0,24.0,23.0,23.0,29.0,29.0
662,1.0,662.0,London_141,cons,151,453,1092.0,70.0,2.0,137259.0,0.6936811017803848,760.0,167.0,0.0,167.0,294.0,0.0,294.0,151.0,317.0,60.0,8.0,46.0,5.0,14.0,0.0,3.0,7.0,86.0,150.0,210.0,30.0,2.0,2.0,0.0,0.0,0.0,0.0,0.0,0.0,0.0,84.0,0.0,25.0,4.0,45.0,0.0,6.0,4.0,0.0,0.0,84.0,0.0,0.0,0.0,0.0,0.0,0.0,0.0,0.0,0.0,0.0,0.0,0.0,0.0,0.0,0.0,0.0,0.0,0.0,5.0,7.0,1.0,2.0,10.0,19.0,12.0,20.0,9.0,21.0,19.0,27.0,0.0,0.0,0.0,0.0,0.0,0.0,0.0,0.0,0.0,0.0,0.0,0.0,0.0,0.0,0.0,0.0,0.0,0.0,6.0,9.0,1.0,3.0,10.0,28.0,16.0,28.0,12.0,31.0,27.0,38.0
663,1.0,663.0,London_141,cons,151,453,1092.0,70.0,2.0,86523.0,0.4306524023413658,648.0,82.0,2.0,80.0,156.0,19.0,137.0,166.0,311.0,54.0,7.0,48.0,6.0,19.0,1.0,7.0,3.0,79.0,162.0,209.0,16.0,4.0,4.0,0.0,0.0,0.0,0.0,0.0,0.0,0.0,11.0,0.0,1.0,1.0,8.0,0.0,1.0,0.0,0.0,2.0,9.0,0.0,0.0,0.0,0.0,0.0,0.0,0.0,0.0,2.0,0.0,0.0,0.0,0.0,0.0,1.0,0.0,0.0,0.0,8.0,1.0,0.0,2.0,0.0,3.0,6.0,3.0,4.0,15.0,15.0,14.0,0.0,0.0,0.0,0.0,0.0,0.0,0.0,0.0,2.0,0.0,0.0,0.0,0.0,0.0,3.0,0.0,0.0,0.0,10.0,1.0,0.0,2.0,0.0,3.0,10.0,3.0,5.0,20.0,24.0,18.0
664,1.0,664.0,London_141,cons,151,453,1092.0,70.0,2.0,78369.0,0.32249706611037254,630.0,4.0,0.0,4.0,5.0,0.0,5.0,133.0,309.0,60.0,10.0,40.0,8.0,17.0,1.0,8.0,5.0,83.0,151.0,214.0,19.0,8.0,8.0,0.0,0.0,0.0,0.0,0.0,0.0,0.0,0.0,0.0,0.0,0.0,0.0,0.0,0.0,0.0,0.0,0.0,0.0,0.0,0.0,0.0,0.0,0.0,0.0,0.0,0.0,0.0,0.0,0.0,0.0,0.0,0.0,0.0,0.0,0.0,0.0,0.0,1.0,0.0,0.0,0.0,0.0,2.0,1.0,2.0,1.0,0.0,0.0,0.0,0.0,0.0,0.0,0.0,0.0,0.0,0.0,0.0,0.0,0.0,0.0,0.0,0.0,0.0,0.0,0.0,0.0,0.0,1.0,0.0,0.0,0.0,0.0,2.0,1.0,2.0,1.0,0.0,0.0
665,1.0,665.0,London_141,cons,151,453,1092.0,70.0,2.0,108720.0,0.4841837240383029,697.0,20.0,0.0,20.0,40.0,0.0,40.0,13.0,302.0,64.0,11.0,41.0,8.0,18.0,1.0,8.0,5.0,81.0,151.0,216.0,21.0,5.0,5.0,0.0,0.0,0.0,0.0,0.0,0.0,0.0,0.0,0.0,0.0,0.0,0.0,0.0,0.0,0.0,0.0,0.0,0.0,0.0,0.0,0.0,0.0,0.0,0.0,0.0,0.0,0.0,0.0,0.0,0.0,0.0,0.0,0.0,0.0,0.0,0.0,3.0,2.0,0.0,0.0,1.0,5.0,0.0,1.0,2.0,6.0,2.0,6.0,0.0,0.0,0.0,0.0,0.0,0.0,0.0,0.0,0.0,0.0,0.0,0.0,0.0,0.0,0.0,0.0,0.0,0.0,5.0,4.0,0.0,0.0,1.0,9.0,0.0,3.0,3.0,11.0,3.0,12.0
666,1.0,666.0,London_141,cons,151,453,1092.0,70.0,2.0,142242.0,0.78083061799407,771.0,60.0,3.0,57.0,126.0,25.0,101.0,45.0,300.0,82.0,11.0,27.0,6.0,20.0,1.0,6.0,5.0,80.0,150.0,218.0,22.0,3.0,3.0,0.0,0.0,0.0,0.0,0.0,0.0,0.0,10.0,0.0,0.0,3.0,3.0,1.0,2.0,1.0,0.0,3.0,7.0,0.0,0.0,0.0,0.0,0.0,0.0,0.0,0.0,0.0,2.0,0.0,0.0,0.0,0.0,0.0,0.0,0.0,0.0,1.0,1.0,1.0,1.0,0.0,3.0,6.0,4.0,6.0,7.0,11.0,5.0,0.0,0.0,0.0,0.0,0.0,0.0,0.0,0.0,0.0,5.0,0.0,0.0,0.0,0.0,0.0,0.0,0.0,0.0,1.0,2.0,1.0,3.0,0.0,5.0,8.0,6.0,7.0,10.0,18.0,6.0
667,1.0,667.0,London_141,cons,151,453,1092.0,70.0,2.0,158550.0,0.8277599499560893,807.0,68.0,1.0,67.0,132.0,10.0,122.0,100.0,311.0,70.0,4.0,37.0,5.0,21.0,0.0,5.0,5.0,94.0,147.0,207.0,17.0,9.0,9.0,0.0,0.0,0.0,0.0,0.0,0.0,0.0,15.0,0.0,0.0,1.0,14.0,0.0,0.0,0.0,0.0,1.0,14.0,0.0,0.0,0.0,0.0,0.0,0.0,0.0,0.0,0.0,0.0,0.0,0.0,0.0,0.0,0.0,0.0,0.0,0.0,3.0,6.0,6.0,0.0,4.0,11.0,5.0,11.0,8.0,13.0,18.0,19.0,0.0,0.0,0.0,0.0,0.0,0.0,0.0,0.0,0.0,0.0,0.0,0.0,0.0,0.0,0.0,0.0,0.0,0.0,4.0,9.0,7.0,0.0,4.0,18.0,11.0,15.0,10.0,20.0,26.0,31.0
668,1.0,668.0,London_141,cons,151,453,1092.0,70.0,2.0,168516.0,0.8512629959732294,829.0,119.0,1.0,118.0,208.0,7.0,201.0,111.0,308.0,66.0,7.0,36.0,9.0,24.0,0.0,3.0,7.0,94.0,161.0,191.0,15.0,2.0,2.0,0.0,0.0,0.0,0.0,0.0,0.0,0.0,38.0,0.0,1.0,6.0,31.0,0.0,0.0,0.0,0.0,1.0,37.0,0.0,0.0,0.0,0.0,0.0,0.0,0.0,0.0,0.0,0.0,0.0,0.0,0.0,0.0,0.0,0.0,0.0,0.0,6.0,5.0,6.0,1.0,7.0,18.0,14.0,14.0,15.0,25.0,20.0,20.0,0.0,0.0,0.0,0.0,0.0,0.0,0.0,0.0,0.0,0.0,0.0,0.0,0.0,0.0,0.0,0.0,0.0,0.0,6.0,6.0,6.0,1.0,7.0,23.0,17.0,20.0,22.0,36.0,29.0,30.0
669,1.0,669.0,London_141,cons,151,453,1092.0,70.0,2.0,159003.0,0.8982208929955959,808.0,26.0,0.0,26.0,51.0,0.0,51.0,154.0,317.0,57.0,14.0,48.0,4.0,12.0,0.0,1.0,3.0,78.0,160.0,212.0,19.0,4.0,4.0,0.0,0.0,0.0,0.0,0.0,0.0,0.0,1.0,0.0,0.0,0.0,0.0,0.0,0.0,0.0,1.0,0.0,1.0,0.0,0.0,0.0,0.0,0.0,0.0,0.0,0.0,0.0,0.0,0.0,0.0,0.0,0.0,0.0,0.0,0.0,0.0,4.0,4.0,2.0,1.0,1.0,7.0,3.0,6.0,9.0,5.0,6.0,6.0,0.0,0.0,0.0,0.0,0.0,0.0,0.0,0.0,0.0,0.0,0.0,0.0,0.0,0.0,0.0,0.0,0.0,0.0,5.0,6.0,2.0,2.0,1.0,11.0,4.0,13.0,15.0,6.0,10.0,10.0
670,1.0,670.0,London_141,cons,151,453,1092.0,70.0,2.0,191619.0,1.1705022621899843,880.0,122.0,2.0,120.0,224.0,19.0,205.0,54.0,322.0,53.0,18.0,42.0,2.0,14.0,0.0,2.0,3.0,78.0,160.0,212.0,19.0,0.0,0.0,0.0,0.0,0.0,0.0,0.0,0.0,0.0,44.0,0.0,11.0,0.0,20.0,2.0,1.0,3.0,7.0,1.0,43.0,0.0,0.0,0.0,0.0,0.0,0.0,0.0,0.0,0.0,0.0,0.0,0.0,0.0,0.0,0.0,0.0,0.0,0.0,9.0,14.0,12.0,0.0,2.0,23.0,13.0,13.0,16.0,22.0,27.0,19.0,0.0,0.0,0.0,0.0,0.0,0.0,0.0,0.0,0.0,0.0,0.0,0.0,0.0,0.0,0.0,0.0,0.0,0.0,10.0,18.0,12.0,0.0,2.0,30.0,18.0,15.0,24.0,30.0,35.0,23.0
671,1.0,671.0,London_141,cons,151,453,1092.0,70.0,2.0,172140.0,0.9798720451071858,837.0,158.0,0.0,158.0,280.0,0.0,280.0,158.0,317.0,65.0,10.0,41.0,3.0,13.0,2.0,2.0,6.0,80.0,165.0,202.0,13.0,6.0,6.0,0.0,0.0,0.0,0.0,0.0,0.0,0.0,83.0,0.0,34.0,5.0,37.0,0.0,2.0,0.0,5.0,0.0,83.0,0.0,0.0,0.0,0.0,0.0,0.0,0.0,0.0,0.0,0.0,0.0,0.0,0.0,0.0,0.0,0.0,0.0,0.0,6.0,11.0,3.0,1.0,8.0,17.0,15.0,16.0,20.0,21.0,24.0,32.0,0.0,0.0,0.0,0.0,0.0,0.0,0.0,0.0,0.0,0.0,0.0,0.0,0.0,0.0,0.0,0.0,0.0,0.0,7.0,13.0,3.0,1.0,8.0,25.0,22.0,21.0,32.0,33.0,35.0,42.0
672,1.0,672.0,London_141,cons,151,453,1092.0,70.0,2.0,144960.0,0.7273068143986166,777.0,15.0,0.0,15.0,28.0,0.0,28.0,169.0,305.0,49.0,15.0,53.0,3.0,23.0,1.0,4.0,12.0,77.0,168.0,196.0,24.0,0.0,0.0,0.0,0.0,0.0,0.0,0.0,0.0,0.0,1.0,0.0,0.0,0.0,0.0,0.0,0.0,1.0,0.0,0.0,1.0,0.0,0.0,0.0,0.0,0.0,0.0,0.0,0.0,0.0,0.0,0.0,0.0,0.0,0.0,0.0,0.0,0.0,0.0,2.0,1.0,2.0,1.0,2.0,2.0,4.0,1.0,2.0,2.0,4.0,6.0,0.0,0.0,0.0,0.0,0.0,0.0,0.0,0.0,0.0,0.0,0.0,0.0,0.0,0.0,0.0,0.0,0.0,0.0,2.0,2.0,2.0,2.0,3.0,3.0,7.0,2.0,3.0,3.0,5.0,9.0
673,1.0,673.0,London_141,cons,151,453,1092.0,70.0,2.0,184371.0,1.0949675552546978,864.0,108.0,0.0,108.0,187.0,0.0,187.0,27.0,305.0,50.0,16.0,52.0,2.0,24.0,0.0,4.0,11.0,71.0,175.0,196.0,19.0,2.0,2.0,0.0,0.0,0.0,0.0,0.0,0.0,0.0,29.0,0.0,15.0,0.0,8.0,0.0,0.0,2.0,4.0,0.0,29.0,0.0,0.0,0.0,0.0,0.0,0.0,0.0,0.0,0.0,0.0,0.0,0.0,0.0,0.0,0.0,0.0,0.0,0.0,9.0,5.0,6.0,3.0,7.0,7.0,22.0,16.0,12.0,20.0,19.0,22.0,0.0,0.0,0.0,0.0,0.0,0.0,0.0,0.0,0.0,0.0,0.0,0.0,0.0,0.0,0.0,0.0,0.0,0.0,10.0,5.0,7.0,3.0,7.0,8.0,29.0,20.0,21.0,30.0,25.0,31.0
674,1.0,674.0,London_141,cons,151,453,1092.0,70.0,2.0,173046.0,1.0081674517132342,839.0,104.0,2.0,102.0,192.0,17.0,175.0,147.0,313.0,63.0,4.0,44.0,6.0,21.0,0.0,2.0,8.0,73.0,159.0,213.0,22.0,6.0,6.0,0.0,0.0,0.0,0.0,0.0,0.0,0.0,42.0,0.0,0.0,10.0,29.0,0.0,0.0,0.0,3.0,1.0,41.0,0.0,0.0,0.0,0.0,0.0,0.0,0.0,0.0,0.0,0.0,0.0,0.0,1.0,0.0,0.0,0.0,0.0,0.0,4.0,8.0,8.0,1.0,1.0,7.0,13.0,10.0,14.0,19.0,12.0,23.0,0.0,0.0,0.0,0.0,0.0,0.0,0.0,0.0,0.0,0.0,0.0,0.0,2.0,0.0,0.0,0.0,0.0,0.0,6.0,12.0,8.0,2.0,1.0,9.0,18.0,15.0,17.0,27.0,18.0,33.0
675,1.0,675.0,London_141,cons,151,453,1092.0,70.0,2.0,159003.0,0.879450130276382,808.0,102.0,2.0,100.0,172.0,18.0,154.0,126.0,317.0,57.0,14.0,37.0,9.0,18.0,0.0,1.0,10.0,83.0,155.0,205.0,19.0,3.0,3.0,0.0,0.0,0.0,0.0,0.0,0.0,0.0,29.0,0.0,0.0,0.0,25.0,0.0,0.0,0.0,4.0,2.0,27.0,0.0,0.0,0.0,0.0,0.0,0.0,0.0,0.0,0.0,0.0,0.0,0.0,0.0,0.0,0.0,0.0,0.0,0.0,7.0,8.0,8.0,0.0,3.0,21.0,5.0,13.0,19.0,19.0,22.0,12.0,0.0,0.0,0.0,0.0,0.0,0.0,0.0,0.0,0.0,0.0,0.0,0.0,0.0,0.0,0.0,0.0,0.0,0.0,8.0,9.0,8.0,0.0,3.0,24.0,8.0,19.0,28.0,23.0,30.0,16.0
676,1.0,676.0,London_141,cons,151,453,1092.0,70.0,2.0,148584.0,0.8624216457828879,785.0,115.0,0.0,115.0,201.0,0.0,201.0,124.0,318.0,64.0,9.0,31.0,11.0,14.0,4.0,2.0,9.0,84.0,152.0,208.0,15.0,7.0,7.0,0.0,0.0,0.0,0.0,0.0,0.0,0.0,46.0,0.0,3.0,7.0,36.0,0.0,0.0,0.0,0.0,0.0,46.0,0.0,0.0,0.0,0.0,0.0,0.0,0.0,0.0,0.0,0.0,0.0,0.0,0.0,0.0,0.0,0.0,0.0,0.0,8.0,1.0,0.0,2.0,5.0,8.0,3.0,9.0,4.0,19.0,17.0,15.0,0.0,0.0,0.0,0.0,0.0,0.0,0.0,0.0,0.0,0.0,0.0,0.0,0.0,0.0,0.0,0.0,0.0,0.0,10.0,1.0,0.0,2.0,5.0,9.0,4.0,12.0,5.0,26.0,22.0,18.0
677,1.0,677.0,London_141,cons,151,453,1092.0,70.0,2.0,134541.0,0.719943958800286,754.0,44.0,2.0,42.0,97.0,19.0,78.0,136.0,319.0,66.0,3.0,42.0,8.0,12.0,2.0,1.0,8.0,81.0,160.0,204.0,17.0,3.0,3.0,0.0,0.0,0.0,0.0,0.0,0.0,0.0,5.0,0.0,0.0,3.0,0.0,1.0,1.0,0.0,0.0,2.0,3.0,0.0,0.0,0.0,0.0,0.0,0.0,0.0,0.0,1.0,0.0,0.0,1.0,0.0,1.0,1.0,0.0,0.0,0.0,3.0,2.0,1.0,0.0,0.0,4.0,0.0,1.0,3.0,10.0,12.0,7.0,0.0,0.0,0.0,0.0,0.0,0.0,0.0,0.0,2.0,0.0,0.0,3.0,0.0,3.0,1.0,0.0,0.0,0.0,4.0,2.0,1.0,0.0,0.0,7.0,0.0,1.0,3.0,16.0,21.0,10.0
678,1.0,678.0,London_141,cons,151,453,1092.0,70.0,2.0,149037.0,0.7796008610166609,786.0,111.0,1.0,110.0,186.0,9.0,177.0,83.0,323.0,70.0,8.0,32.0,4.0,13.0,2.0,1.0,8.0,76.0,160.0,209.0,15.0,4.0,4.0,0.0,0.0,0.0,0.0,0.0,0.0,0.0,34.0,0.0,0.0,8.0,18.0,4.0,4.0,0.0,0.0,1.0,33.0,0.0,0.0,0.0,0.0,0.0,0.0,0.0,0.0,0.0,0.0,0.0,0.0,0.0,1.0,1.0,0.0,0.0,0.0,8.0,9.0,6.0,0.0,4.0,16.0,11.0,11.0,9.0,17.0,15.0,27.0,0.0,0.0,0.0,0.0,0.0,0.0,0.0,0.0,0.0,0.0,0.0,0.0,0.0,2.0,2.0,0.0,0.0,0.0,8.0,13.0,6.0,0.0,5.0,20.0,14.0,16.0,11.0,27.0,19.0,40.0
679,1.0,679.0,London_141,cons,151,453,1092.0,70.0,2.0,137259.0,0.7187707140110433,760.0,107.0,0.0,107.0,177.0,0.0,177.0,132.0,326.0,70.0,8.0,33.0,2.0,7.0,1.0,6.0,5.0,83.0,155.0,210.0,26.0,0.0,0.0,0.0,0.0,0.0,0.0,0.0,0.0,0.0,33.0,0.0,0.0,7.0,19.0,0.0,7.0,0.0,0.0,0.0,33.0,0.0,0.0,0.0,0.0,0.0,0.0,0.0,0.0,0.0,0.0,0.0,0.0,0.0,0.0,0.0,0.0,0.0,0.0,4.0,17.0,3.0,2.0,5.0,12.0,6.0,13.0,16.0,10.0,21.0,20.0,0.0,0.0,0.0,0.0,0.0,0.0,0.0,0.0,0.0,0.0,0.0,0.0,0.0,0.0,0.0,0.0,0.0,0.0,5.0,24.0,3.0,3.0,5.0,13.0,6.0,19.0,23.0,12.0,26.0,23.0
680,1.0,680.0,London_141,cons,151,453,1092.0,70.0,2.0,123216.0,0.5948029127903283,729.0,10.0,0.0,10.0,16.0,0.0,16.0,125.0,329.0,50.0,13.0,40.0,4.0,5.0,3.0,9.0,9.0,77.0,152.0,215.0,22.0,4.0,4.0,0.0,0.0,0.0,0.0,0.0,0.0,0.0,0.0,0.0,0.0,0.0,0.0,0.0,0.0,0.0,0.0,0.0,0.0,0.0,0.0,0.0,0.0,0.0,0.0,0.0,0.0,0.0,0.0,0.0,0.0,0.0,0.0,0.0,0.0,0.0,0.0,1.0,2.0,0.0,0.0,1.0,2.0,1.0,3.0,1.0,2.0,5.0,3.0,0.0,0.0,0.0,0.0,0.0,0.0,0.0,0.0,0.0,0.0,0.0,0.0,0.0,0.0,0.0,0.0,0.0,0.0,2.0,2.0,0.0,0.0,1.0,3.0,2.0,4.0,1.0,3.0,8.0,4.0
681,1.0,681.0,London_141,cons,151,453,1092.0,70.0,2.0,163080.0,1.0150134870782495,817.0,85.0,1.0,84.0,150.0,10.0,140.0,20.0,324.0,58.0,17.0,34.0,2.0,5.0,3.0,10.0,7.0,78.0,155.0,213.0,23.0,2.0,2.0,0.0,0.0,0.0,0.0,0.0,0.0,0.0,19.0,0.0,1.0,0.0,11.0,0.0,7.0,0.0,0.0,1.0,18.0,0.0,0.0,0.0,0.0,0.0,0.0,0.0,0.0,0.0,1.0,0.0,0.0,0.0,1.0,0.0,0.0,0.0,0.0,2.0,6.0,0.0,0.0,0.0,12.0,7.0,5.0,7.0,12.0,21.0,20.0,0.0,0.0,0.0,0.0,0.0,0.0,0.0,0.0,0.0,4.0,0.0,0.0,0.0,5.0,0.0,0.0,0.0,0.0,2.0,10.0,0.0,0.0,0.0,14.0,8.0,6.0,11.0,17.0,26.0,21.0
682,1.0,682.0,London_141,cons,151,453,1092.0,70.0,2.0,162627.0,0.8376227780245245,816.0,21.0,0.0,21.0,39.0,0.0,39.0,126.0,330.0,32.0,23.0,45.0,5.0,11.0,4.0,3.0,6.0,88.0,144.0,215.0,11.0,6.0,6.0,0.0,0.0,0.0,0.0,0.0,0.0,0.0,0.0,0.0,0.0,0.0,0.0,0.0,0.0,0.0,0.0,0.0,0.0,0.0,0.0,0.0,0.0,0.0,0.0,0.0,0.0,0.0,0.0,0.0,0.0,0.0,0.0,0.0,0.0,0.0,0.0,1.0,3.0,3.0,0.0,2.0,3.0,2.0,3.0,5.0,4.0,5.0,9.0,0.0,0.0,0.0,0.0,0.0,0.0,0.0,0.0,0.0,0.0,0.0,0.0,0.0,0.0,0.0,0.0,0.0,0.0,2.0,6.0,3.0,0.0,2.0,5.0,2.0,5.0,7.0,7.0,5.0,12.0
683,1.0,683.0,London_141,cons,151,453,1092.0,70.0,2.0,201132.0,1.2243749140761793,901.0,176.0,2.0,174.0,307.0,17.0,290.0,46.0,319.0,30.0,21.0,57.0,7.0,10.0,4.0,5.0,7.0,80.0,139.0,227.0,15.0,4.0,4.0,0.0,0.0,0.0,0.0,0.0,0.0,0.0,98.0,0.0,47.0,0.0,40.0,0.0,8.0,0.0,3.0,2.0,96.0,0.0,0.0,0.0,0.0,0.0,0.0,0.0,0.0,0.0,0.0,0.0,0.0,0.0,0.0,0.0,0.0,0.0,0.0,10.0,2.0,4.0,2.0,9.0,27.0,12.0,19.0,11.0,20.0,21.0,22.0,0.0,0.0,0.0,0.0,0.0,0.0,0.0,0.0,0.0,0.0,0.0,0.0,0.0,0.0,0.0,0.0,0.0,0.0,10.0,3.0,5.0,2.0,9.0,34.0,16.0,20.0,14.0,26.0,24.0,30.0
684,1.0,684.0,London_141,cons,151,453,1092.0,70.0,2.0,154473.0,1.2350774048827589,798.0,62.0,1.0,61.0,113.0,12.0,101.0,141.0,315.0,59.0,22.0,40.0,4.0,10.0,2.0,1.0,4.0,79.0,148.0,222.0,20.0,3.0,3.0,0.0,0.0,0.0,0.0,0.0,0.0,0.0,1.0,0.0,0.0,0.0,0.0,0.0,1.0,0.0,0.0,1.0,0.0,0.0,0.0,0.0,0.0,0.0,0.0,0.0,0.0,1.0,0.0,0.0,1.0,0.0,0.0,1.0,0.0,0.0,0.0,0.0,11.0,0.0,0.0,0.0,3.0,8.0,6.0,3.0,10.0,10.0,10.0,0.0,0.0,0.0,0.0,0.0,0.0,0.0,0.0,1.0,0.0,0.0,2.0,0.0,0.0,2.0,0.0,0.0,0.0,0.0,16.0,0.0,0.0,0.0,5.0,9.0,6.0,3.0,17.0,17.0,14.0
685,1.0,685.0,London_141,cons,151,453,1092.0,70.0,2.0,160815.0,1.0118820378556848,812.0,139.0,2.0,137.0,255.0,19.0,236.0,106.0,316.0,64.0,16.0,45.0,2.0,7.0,2.0,1.0,5.0,79.0,144.0,225.0,18.0,0.0,0.0,0.0,0.0,0.0,0.0,0.0,0.0,0.0,51.0,0.0,13.0,2.0,22.0,0.0,9.0,0.0,5.0,2.0,49.0,0.0,0.0,0.0,0.0,0.0,0.0,0.0,0.0,0.0,0.0,0.0,0.0,0.0,0.0,0.0,0.0,0.0,0.0,10.0,8.0,5.0,4.0,10.0,20.0,15.0,9.0,10.0,14.0,30.0,21.0,0.0,0.0,0.0,0.0,0.0,0.0,0.0,0.0,0.0,0.0,0.0,0.0,0.0,0.0,0.0,0.0,0.0,0.0,14.0,9.0,5.0,6.0,10.0,23.0,22.0,11.0,15.0,18.0,37.0,28.0
686,1.0,686.0,London_141,cons,151,453,1092.0,70.0,2.0,140430.0,0.80629499303177,767.0,130.0,0.0,130.0,218.0,0.0,218.0,164.0,310.0,48.0,19.0,56.0,11.0,6.0,0.0,3.0,5.0,84.0,140.0,224.0,21.0,0.0,0.0,0.0,0.0,0.0,0.0,0.0,0.0,0.0,47.0,0.0,11.0,0.0,25.0,0.0,6.0,1.0,4.0,0.0,47.0,0.0,0.0,0.0,0.0,0.0,0.0,0.0,0.0,0.0,0.0,0.0,0.0,0.0,0.0,0.0,0.0,0.0,0.0,7.0,10.0,9.0,2.0,6.0,23.0,9.0,9.0,19.0,20.0,23.0,28.0,0.0,0.0,0.0,0.0,0.0,0.0,0.0,0.0,0.0,0.0,0.0,0.0,0.0,0.0,0.0,0.0,0.0,0.0,8.0,14.0,10.0,2.0,6.0,29.0,15.0,9.0,23.0,28.0,28.0,32.0
687,1.0,687.0,London_141,cons,151,453,1092.0,70.0,2.0,121404.0,0.7132611968554556,725.0,68.0,0.0,68.0,113.0,0.0,113.0,155.0,305.0,69.0,24.0,41.0,4.0,9.0,1.0,0.0,6.0,87.0,144.0,216.0,15.0,9.0,9.0,0.0,0.0,0.0,0.0,0.0,0.0,0.0,7.0,0.0,0.0,0.0,6.0,0.0,1.0,0.0,0.0,0.0,7.0,0.0,0.0,0.0,0.0,0.0,0.0,0.0,0.0,0.0,0.0,0.0,0.0,0.0,0.0,0.0,0.0,0.0,0.0,6.0,11.0,9.0,1.0,4.0,14.0,7.0,8.0,14.0,15.0,16.0,12.0,0.0,0.0,0.0,0.0,0.0,0.0,0.0,0.0,0.0,0.0,0.0,0.0,0.0,0.0,0.0,0.0,0.0,0.0,7.0,14.0,9.0,1.0,4.0,20.0,11.0,11.0,16.0,19.0,25.0,19.0
688,1.0,688.0,London_141,cons,151,453,1092.0,70.0,2.0,136806.0,0.8326419331133366,759.0,17.0,1.0,16.0,38.0,9.0,29.0,115.0,298.0,85.0,18.0,28.0,6.0,13.0,2.0,3.0,3.0,74.0,154.0,222.0,16.0,3.0,3.0,0.0,0.0,0.0,0.0,0.0,0.0,0.0,1.0,0.0,0.0,0.0,0.0,0.0,1.0,0.0,0.0,1.0,0.0,0.0,0.0,0.0,0.0,0.0,0.0,0.0,0.0,1.0,0.0,0.0,0.0,0.0,0.0,1.0,0.0,0.0,0.0,1.0,1.0,0.0,1.0,0.0,4.0,0.0,2.0,1.0,2.0,8.0,4.0,0.0,0.0,0.0,0.0,0.0,0.0,0.0,0.0,2.0,0.0,0.0,0.0,0.0,0.0,2.0,0.0,0.0,0.0,1.0,1.0,0.0,2.0,0.0,5.0,0.0,3.0,1.0,4.0,11.0,6.0
689,1.0,689.0,London_141,cons,151,453,1092.0,70.0,2.0,170328.0,0.9900489640422165,833.0,84.0,0.0,84.0,150.0,0.0,150.0,35.0,299.0,89.0,20.0,24.0,4.0,12.0,2.0,3.0,5.0,79.0,151.0,218.0,20.0,5.0,5.0,0.0,0.0,0.0,0.0,0.0,0.0,0.0,20.0,0.0,0.0,2.0,16.0,0.0,0.0,1.0,1.0,0.0,20.0,0.0,0.0,0.0,0.0,0.0,0.0,0.0,0.0,0.0,0.0,0.0,0.0,0.0,0.0,0.0,0.0,0.0,0.0,4.0,8.0,6.0,2.0,3.0,19.0,6.0,8.0,14.0,17.0,15.0,21.0,0.0,0.0,0.0,0.0,0.0,0.0,0.0,0.0,0.0,0.0,0.0,0.0,0.0,0.0,0.0,0.0,0.0,0.0,6.0,8.0,6.0,2.0,3.0,23.0,7.0,13.0,18.0,26.0,21.0,28.0
690,1.0,690.0,London_141,cons,151,453,1092.0,70.0,2.0,178029.0,1.0031145187094808,850.0,27.0,2.0,25.0,64.0,20.0,44.0,125.0,300.0,82.0,4.0,42.0,6.0,15.0,0.0,4.0,10.0,79.0,153.0,211.0,27.0,9.0,9.0,0.0,0.0,0.0,0.0,0.0,0.0,0.0,2.0,0.0,0.0,0.0,0.0,0.0,1.0,0.0,1.0,2.0,0.0,0.0,0.0,0.0,0.0,0.0,0.0,0.0,0.0,0.0,1.0,0.0,1.0,0.0,1.0,1.0,0.0,0.0,0.0,1.0,1.0,0.0,1.0,2.0,1.0,0.0,0.0,5.0,7.0,8.0,5.0,0.0,0.0,0.0,0.0,0.0,0.0,0.0,0.0,0.0,2.0,0.0,2.0,0.0,2.0,3.0,0.0,0.0,0.0,1.0,1.0,0.0,2.0,2.0,1.0,0.0,0.0,7.0,8.0,10.0,6.0
691,1.0,691.0,London_141,cons,151,453,1092.0,70.0,2.0,218346.0,1.375775455031544,939.0,121.0,2.0,119.0,222.0,20.0,202.0,56.0,302.0,91.0,4.0,32.0,7.0,13.0,0.0,4.0,6.0,87.0,145.0,215.0,27.0,0.0,0.0,0.0,0.0,0.0,0.0,0.0,0.0,0.0,38.0,0.0,0.0,6.0,21.0,0.0,10.0,0.0,1.0,2.0,36.0,0.0,0.0,0.0,0.0,0.0,0.0,0.0,0.0,0.0,0.0,0.0,0.0,1.0,0.0,0.0,0.0,0.0,0.0,6.0,15.0,0.0,2.0,9.0,17.0,9.0,5.0,7.0,22.0,26.0,25.0,0.0,0.0,0.0,0.0,0.0,0.0,0.0,0.0,0.0,0.0,0.0,0.0,1.0,0.0,0.0,0.0,0.0,0.0,6.0,21.0,0.0,6.0,9.0,21.0,13.0,6.0,11.0,33.0,38.0,32.0
692,1.0,692.0,London_141,cons,151,453,1092.0,70.0,2.0,203397.0,1.300574901048094,906.0,143.0,1.0,142.0,254.0,10.0,244.0,150.0,310.0,66.0,10.0,45.0,5.0,12.0,0.0,5.0,5.0,89.0,136.0,223.0,15.0,6.0,6.0,0.0,0.0,0.0,0.0,0.0,0.0,0.0,64.0,0.0,17.0,1.0,41.0,1.0,0.0,0.0,4.0,1.0,63.0,0.0,0.0,0.0,0.0,0.0,0.0,0.0,0.0,0.0,0.0,0.0,0.0,0.0,0.0,0.0,0.0,0.0,0.0,3.0,3.0,3.0,1.0,10.0,20.0,7.0,5.0,18.0,13.0,19.0,33.0,0.0,0.0,0.0,0.0,0.0,0.0,0.0,0.0,0.0,0.0,0.0,0.0,0.0,0.0,0.0,0.0,0.0,0.0,3.0,3.0,3.0,1.0,13.0,24.0,8.0,8.0,26.0,15.0,28.0,44.0
693,1.0,693.0,London_141,cons,151,453,1092.0,70.0,2.0,176217.0,1.0813662428408861,846.0,141.0,2.0,139.0,261.0,18.0,243.0,156.0,312.0,56.0,12.0,46.0,3.0,18.0,1.0,5.0,6.0,85.0,137.0,225.0,23.0,6.0,6.0,0.0,0.0,0.0,0.0,0.0,0.0,0.0,62.0,0.0,26.0,0.0,34.0,0.0,1.0,0.0,1.0,2.0,60.0,0.0,0.0,0.0,0.0,0.0,0.0,0.0,0.0,1.0,0.0,0.0,1.0,0.0,1.0,1.0,0.0,0.0,0.0,1.0,0.0,0.0,2.0,1.0,4.0,2.0,0.0,5.0,13.0,21.0,14.0,0.0,0.0,0.0,0.0,0.0,0.0,0.0,0.0,2.0,0.0,0.0,1.0,0.0,1.0,1.0,0.0,0.0,0.0,2.0,0.0,0.0,5.0,1.0,7.0,3.0,0.0,7.0,17.0,24.0,17.0
694,1.0,694.0,London_141,cons,151,453,1092.0,70.0,2.0,144507.0,0.7749969498254359,776.0,111.0,0.0,111.0,198.0,0.0,198.0,154.0,317.0,58.0,9.0,51.0,8.0,8.0,1.0,1.0,3.0,79.0,143.0,228.0,11.0,6.0,6.0,0.0,0.0,0.0,0.0,0.0,0.0,0.0,34.0,0.0,7.0,8.0,14.0,0.0,2.0,0.0,3.0,0.0,34.0,0.0,0.0,0.0,0.0,0.0,0.0,0.0,0.0,0.0,0.0,0.0,0.0,0.0,0.0,0.0,0.0,0.0,0.0,7.0,4.0,1.0,1.0,10.0,19.0,12.0,8.0,11.0,17.0,23.0,23.0,0.0,0.0,0.0,0.0,0.0,0.0,0.0,0.0,0.0,0.0,0.0,0.0,0.0,0.0,0.0,0.0,0.0,0.0,10.0,5.0,1.0,1.0,10.0,23.0,16.0,12.0,16.0,21.0,34.0,28.0
695,1.0,695.0,London_141,cons,151,453,1092.0,70.0,2.0,134541.0,0.7662336560897529,754.0,38.0,2.0,36.0,91.0,20.0,71.0,152.0,317.0,60.0,5.0,50.0,4.0,11.0,3.0,3.0,6.0,83.0,135.0,229.0,24.0,0.0,0.0,0.0,0.0,0.0,0.0,0.0,0.0,0.0,2.0,0.0,0.0,0.0,1.0,0.0,1.0,0.0,0.0,2.0,0.0,0.0,0.0,0.0,0.0,0.0,0.0,0.0,0.0,2.0,0.0,0.0,1.0,0.0,1.0,0.0,0.0,0.0,0.0,1.0,2.0,0.0,0.0,0.0,7.0,0.0,0.0,4.0,5.0,9.0,6.0,0.0,0.0,0.0,0.0,0.0,0.0,0.0,0.0,2.0,0.0,0.0,2.0,0.0,2.0,0.0,0.0,0.0,0.0,1.0,4.0,0.0,0.0,0.0,10.0,0.0,0.0,7.0,9.0,12.0,9.0
696,1.0,696.0,London_141,cons,151,453,1092.0,70.0,2.0,156285.0,1.2224074993282557,802.0,103.0,0.0,103.0,182.0,0.0,182.0,76.0,321.0,66.0,5.0,35.0,3.0,20.0,1.0,2.0,4.0,85.0,127.0,237.0,14.0,3.0,3.0,0.0,0.0,0.0,0.0,0.0,0.0,0.0,37.0,0.0,0.0,8.0,26.0,0.0,0.0,0.0,3.0,0.0,37.0,0.0,0.0,0.0,0.0,0.0,0.0,0.0,0.0,0.0,0.0,0.0,0.0,0.0,0.0,0.0,0.0,0.0,0.0,6.0,6.0,8.0,0.0,6.0,8.0,14.0,9.0,16.0,13.0,16.0,22.0,0.0,0.0,0.0,0.0,0.0,0.0,0.0,0.0,0.0,0.0,0.0,0.0,0.0,0.0,0.0,0.0,0.0,0.0,7.0,10.0,10.0,0.0,6.0,10.0,25.0,14.0,22.0,20.0,22.0,30.0
697,1.0,697.0,London_141,cons,151,453,1092.0,70.0,2.0,146319.0,1.100301066879183,780.0,106.0,0.0,106.0,182.0,0.0,182.0,123.0,326.0,63.0,4.0,38.0,5.0,14.0,0.0,3.0,6.0,86.0,130.0,231.0,23.0,10.0,10.0,0.0,0.0,0.0,0.0,0.0,0.0,0.0,33.0,0.0,11.0,3.0,12.0,2.0,2.0,1.0,2.0,0.0,33.0,0.0,0.0,0.0,0.0,0.0,0.0,0.0,0.0,0.0,0.0,0.0,0.0,0.0,0.0,0.0,0.0,0.0,0.0,1.0,10.0,4.0,0.0,9.0,15.0,13.0,8.0,25.0,22.0,30.0,24.0,0.0,0.0,0.0,0.0,0.0,0.0,0.0,0.0,0.0,0.0,0.0,0.0,0.0,0.0,0.0,0.0,0.0,0.0,1.0,14.0,4.0,0.0,10.0,21.0,20.0,10.0,33.0,32.0,37.0,32.0
698,1.0,698.0,London_141,cons,151,453,1092.0,70.0,2.0,148584.0,0.7655865629203618,785.0,36.0,2.0,34.0,80.0,17.0,63.0,148.0,322.0,65.0,9.0,37.0,4.0,13.0,0.0,3.0,5.0,88.0,129.0,231.0,16.0,3.0,3.0,0.0,0.0,0.0,0.0,0.0,0.0,0.0,2.0,0.0,1.0,0.0,0.0,0.0,1.0,0.0,0.0,2.0,0.0,0.0,0.0,0.0,0.0,0.0,0.0,0.0,0.0,2.0,0.0,0.0,1.0,0.0,0.0,1.0,0.0,0.0,0.0,0.0,0.0,0.0,0.0,0.0,2.0,4.0,1.0,1.0,5.0,3.0,8.0,0.0,0.0,0.0,0.0,0.0,0.0,0.0,0.0,2.0,0.0,0.0,1.0,0.0,0.0,3.0,0.0,0.0,0.0,0.0,0.0,0.0,0.0,0.0,3.0,4.0,1.0,1.0,5.0,3.0,9.0
699,1.0,699.0,London_141,cons,151,453,1092.0,70.0,2.0,166704.0,0.9267332241870463,825.0,37.0,0.0,37.0,60.0,0.0,60.0,73.0,331.0,67.0,9.0,30.0,3.0,12.0,0.0,1.0,4.0,84.0,124.0,241.0,13.0,0.0,0.0,0.0,0.0,0.0,0.0,0.0,0.0,0.0,3.0,0.0,0.0,0.0,0.0,0.0,0.0,2.0,1.0,0.0,3.0,0.0,0.0,0.0,0.0,0.0,0.0,0.0,0.0,0.0,0.0,0.0,0.0,0.0,0.0,0.0,0.0,0.0,0.0,7.0,2.0,3.0,1.0,4.0,7.0,6.0,9.0,2.0,5.0,5.0,12.0,0.0,0.0,0.0,0.0,0.0,0.0,0.0,0.0,0.0,0.0,0.0,0.0,0.0,0.0,0.0,0.0,0.0,0.0,7.0,3.0,4.0,1.0,4.0,9.0,10.0,16.0,3.0,7.0,9.0,16.0
700,1.0,700.0,London_141,cons,151,453,1092.0,70.0,2.0,190713.0,1.2874007150530815,878.0,152.0,2.0,150.0,279.0,17.0,262.0,57.0,342.0,72.0,8.0,13.0,3.0,14.0,0.0,1.0,5.0,86.0,126.0,236.0,13.0,1.0,1.0,0.0,0.0,0.0,0.0,0.0,0.0,0.0,83.0,0.0,18.0,4.0,58.0,0.0,3.0,0.0,0.0,2.0,81.0,0.0,0.0,0.0,0.0,0.0,0.0,0.0,0.0,1.0,0.0,0.0,0.0,1.0,0.0,1.0,0.0,0.0,0.0,9.0,9.0,6.0,2.0,5.0,13.0,11.0,13.0,12.0,19.0,18.0,27.0,0.0,0.0,0.0,0.0,0.0,0.0,0.0,0.0,1.0,0.0,0.0,0.0,1.0,0.0,1.0,0.0,0.0,0.0,11.0,12.0,7.0,2.0,6.0,15.0,16.0,18.0,21.0,26.0,26.0,33.0
701,1.0,701.0,London_141,cons,151,453,1092.0,70.0,2.0,158550.0,0.8638270571827888,807.0,159.0,0.0,159.0,267.0,0.0,267.0,133.0,334.0,56.0,8.0,40.0,5.0,5.0,1.0,4.0,3.0,86.0,129.0,235.0,18.0,4.0,4.0,0.0,0.0,0.0,0.0,0.0,0.0,0.0,80.0,0.0,26.0,15.0,28.0,0.0,10.0,0.0,1.0,0.0,80.0,0.0,0.0,0.0,0.0,0.0,0.0,0.0,0.0,0.0,0.0,0.0,0.0,0.0,0.0,0.0,0.0,0.0,0.0,5.0,11.0,9.0,2.0,5.0,12.0,21.0,27.0,13.0,21.0,19.0,24.0,0.0,0.0,0.0,0.0,0.0,0.0,0.0,0.0,0.0,0.0,0.0,0.0,0.0,0.0,0.0,0.0,0.0,0.0,8.0,15.0,9.0,2.0,5.0,16.0,30.0,34.0,17.0,29.0,25.0,26.0
702,1.0,702.0,London_141,cons,151,453,1092.0,70.0,2.0,106455.0,0.5736608169972897,692.0,44.0,1.0,43.0,83.0,8.0,75.0,146.0,323.0,61.0,12.0,45.0,1.0,9.0,1.0,1.0,8.0,90.0,122.0,233.0,20.0,0.0,0.0,0.0,0.0,0.0,0.0,0.0,0.0,0.0,1.0,0.0,0.0,0.0,0.0,0.0,1.0,0.0,0.0,1.0,0.0,0.0,0.0,0.0,0.0,0.0,0.0,0.0,0.0,1.0,0.0,0.0,0.0,0.0,1.0,0.0,0.0,0.0,0.0,6.0,3.0,0.0,2.0,0.0,9.0,1.0,3.0,15.0,10.0,11.0,7.0,0.0,0.0,0.0,0.0,0.0,0.0,0.0,0.0,2.0,0.0,0.0,0.0,0.0,3.0,0.0,0.0,0.0,0.0,8.0,3.0,0.0,4.0,0.0,11.0,2.0,3.0,23.0,12.0,17.0,10.0
703,1.0,703.0,London_141,cons,151,453,1092.0,70.0,2.0,114609.0,0.607008330989629,710.0,49.0,2.0,47.0,97.0,18.0,79.0,80.0,337.0,59.0,16.0,31.0,3.0,6.0,0.0,1.0,9.0,87.0,122.0,235.0,20.0,8.0,8.0,0.0,0.0,0.0,0.0,0.0,0.0,0.0,5.0,0.0,0.0,0.0,2.0,0.0,0.0,0.0,3.0,2.0,3.0,0.0,0.0,0.0,0.0,0.0,0.0,0.0,0.0,0.0,0.0,0.0,1.0,1.0,1.0,0.0,0.0,0.0,0.0,1.0,6.0,4.0,1.0,4.0,10.0,4.0,10.0,9.0,8.0,10.0,8.0,0.0,0.0,0.0,0.0,0.0,0.0,0.0,0.0,0.0,0.0,0.0,1.0,1.0,4.0,0.0,0.0,0.0,0.0,1.0,7.0,4.0,2.0,4.0,12.0,7.0,16.0,12.0,10.0,14.0,11.0
704,1.0,704.0,London_141,cons,151,453,1092.0,70.0,2.0,128652.0,0.6755811031907797,741.0,148.0,0.0,148.0,246.0,0.0,246.0,90.0,335.0,66.0,20.0,22.0,2.0,6.0,0.0,2.0,8.0,92.0,126.0,227.0,19.0,3.0,3.0,0.0,0.0,0.0,0.0,0.0,0.0,0.0,74.0,0.0,12.0,0.0,49.0,3.0,8.0,0.0,2.0,0.0,74.0,0.0,0.0,0.0,0.0,0.0,0.0,0.0,0.0,0.0,0.0,0.0,0.0,0.0,0.0,0.0,0.0,0.0,0.0,6.0,4.0,5.0,2.0,6.0,12.0,17.0,16.0,13.0,10.0,23.0,22.0,0.0,0.0,0.0,0.0,0.0,0.0,0.0,0.0,0.0,0.0,0.0,0.0,0.0,0.0,0.0,0.0,0.0,0.0,7.0,4.0,5.0,3.0,6.0,18.0,22.0,22.0,17.0,15.0,32.0,29.0
705,1.0,705.0,London_141,cons,151,453,1092.0,70.0,2.0,91506.0,0.4555569947697222,659.0,19.0,2.0,17.0,46.0,19.0,27.0,140.0,322.0,56.0,14.0,36.0,9.0,13.0,0.0,3.0,7.0,95.0,123.0,228.0,35.0,7.0,7.0,0.0,0.0,0.0,0.0,0.0,0.0,0.0,1.0,0.0,0.0,0.0,0.0,0.0,1.0,0.0,0.0,1.0,0.0,0.0,0.0,0.0,0.0,0.0,0.0,0.0,0.0,1.0,0.0,0.0,0.0,0.0,0.0,2.0,0.0,0.0,0.0,0.0,0.0,0.0,0.0,0.0,1.0,1.0,1.0,0.0,2.0,5.0,4.0,0.0,0.0,0.0,0.0,0.0,0.0,0.0,0.0,1.0,0.0,0.0,0.0,0.0,0.0,7.0,0.0,0.0,0.0,0.0,0.0,0.0,0.0,0.0,2.0,2.0,2.0,0.0,2.0,7.0,4.0
706,1.0,706.0,London_141,cons,151,453,1092.0,70.0,2.0,114609.0,0.6272827950306237,710.0,25.0,0.0,25.0,43.0,0.0,43.0,48.0,317.0,64.0,10.0,41.0,8.0,8.0,0.0,5.0,4.0,99.0,115.0,235.0,24.0,4.0,4.0,0.0,0.0,0.0,0.0,0.0,0.0,0.0,0.0,0.0,0.0,0.0,0.0,0.0,0.0,0.0,0.0,0.0,0.0,0.0,0.0,0.0,0.0,0.0,0.0,0.0,0.0,0.0,0.0,0.0,0.0,0.0,0.0,0.0,0.0,0.0,0.0,0.0,0.0,0.0,0.0,0.0,7.0,2.0,5.0,2.0,7.0,9.0,5.0,0.0,0.0,0.0,0.0,0.0,0.0,0.0,0.0,0.0,0.0,0.0,0.0,0.0,0.0,0.0,0.0,0.0,0.0,0.0,0.0,0.0,0.0,0.0,7.0,3.0,8.0,3.0,10.0,15.0,7.0
707,1.0,707.0,London_141,cons,151,453,1092.0,70.0,2.0,134088.0,0.7014926210977137,753.0,37.0,0.0,37.0,64.0,0.0,64.0,48.0,317.0,62.0,9.0,37.0,10.0,12.0,1.0,5.0,7.0,96.0,114.0,236.0,28.0,1.0,1.0,0.0,0.0,0.0,0.0,0.0,0.0,0.0,0.0,0.0,0.0,0.0,0.0,0.0,0.0,0.0,0.0,0.0,0.0,0.0,0.0,0.0,0.0,0.0,0.0,0.0,0.0,0.0,0.0,0.0,0.0,0.0,0.0,0.0,0.0,0.0,0.0,0.0,6.0,2.0,0.0,0.0,4.0,0.0,5.0,2.0,8.0,7.0,10.0,0.0,0.0,0.0,0.0,0.0,0.0,0.0,0.0,0.0,0.0,0.0,0.0,0.0,0.0,0.0,0.0,0.0,0.0,0.0,8.0,2.0,0.0,0.0,6.0,0.0,7.0,3.0,10.0,11.0,12.0
708,1.0,708.0,London_141,cons,151,453,1092.0,70.0,2.0,165798.0,0.9707495560869575,823.0,68.0,3.0,65.0,147.0,25.0,122.0,65.0,320.0,61.0,11.0,29.0,13.0,17.0,1.0,1.0,7.0,88.0,112.0,246.0,26.0,8.0,8.0,0.0,0.0,0.0,0.0,0.0,0.0,0.0,10.0,0.0,0.0,0.0,5.0,1.0,2.0,0.0,2.0,3.0,7.0,0.0,0.0,0.0,0.0,0.0,0.0,0.0,0.0,0.0,1.0,0.0,0.0,1.0,0.0,0.0,0.0,0.0,0.0,0.0,3.0,1.0,0.0,2.0,11.0,2.0,4.0,7.0,18.0,13.0,19.0,0.0,0.0,0.0,0.0,0.0,0.0,0.0,0.0,0.0,4.0,0.0,0.0,5.0,0.0,0.0,0.0,0.0,0.0,0.0,4.0,1.0,0.0,2.0,17.0,3.0,5.0,9.0,29.0,21.0,23.0
709,1.0,709.0,London_141,cons,151,453,1092.0,70.0,2.0,173952.0,1.0259339408949018,841.0,107.0,1.0,106.0,195.0,10.0,185.0,128.0,322.0,64.0,11.0,37.0,7.0,10.0,0.0,2.0,3.0,89.0,130.0,231.0,19.0,5.0,5.0,0.0,0.0,0.0,0.0,0.0,0.0,0.0,36.0,0.0,3.0,0.0,25.0,0.0,3.0,5.0,0.0,1.0,35.0,0.0,0.0,0.0,0.0,0.0,0.0,0.0,0.0,0.0,0.0,0.0,0.0,0.0,0.0,0.0,0.0,0.0,0.0,7.0,6.0,1.0,2.0,11.0,18.0,6.0,8.0,18.0,23.0,21.0,29.0,0.0,0.0,0.0,0.0,0.0,0.0,0.0,0.0,0.0,0.0,0.0,0.0,0.0,0.0,0.0,0.0,0.0,0.0,7.0,6.0,1.0,3.0,12.0,26.0,6.0,10.0,28.0,33.0,30.0,40.0
710,1.0,710.0,London_141,cons,151,453,1092.0,70.0,2.0,171234.0,1.0660137608647346,835.0,58.0,1.0,57.0,113.0,7.0,106.0,137.0,325.0,55.0,19.0,36.0,2.0,14.0,0.0,2.0,2.0,84.0,138.0,229.0,18.0,5.0,5.0,0.0,0.0,0.0,0.0,0.0,0.0,0.0,1.0,0.0,0.0,0.0,1.0,0.0,0.0,0.0,0.0,1.0,0.0,0.0,0.0,0.0,0.0,0.0,0.0,0.0,0.0,0.0,0.0,0.0,0.0,0.0,0.0,1.0,0.0,0.0,0.0,7.0,9.0,6.0,0.0,2.0,12.0,9.0,12.0,10.0,13.0,14.0,18.0,0.0,0.0,0.0,0.0,0.0,0.0,0.0,0.0,0.0,0.0,0.0,0.0,0.0,0.0,2.0,0.0,0.0,0.0,10.0,12.0,6.0,0.0,2.0,14.0,16.0,18.0,13.0,24.0,27.0,23.0
711,1.0,711.0,London_141,cons,151,453,1092.0,70.0,2.0,187542.0,1.0690279239788651,871.0,130.0,0.0,130.0,214.0,0.0,214.0,115.0,338.0,43.0,11.0,27.0,7.0,20.0,0.0,7.0,3.0,90.0,137.0,223.0,18.0,5.0,5.0,0.0,0.0,0.0,0.0,0.0,0.0,0.0,69.0,0.0,35.0,0.0,33.0,0.0,0.0,1.0,0.0,0.0,69.0,0.0,0.0,0.0,0.0,0.0,0.0,0.0,0.0,0.0,0.0,0.0,0.0,0.0,0.0,0.0,0.0,0.0,0.0,2.0,10.0,8.0,1.0,4.0,10.0,19.0,11.0,17.0,15.0,16.0,18.0,0.0,0.0,0.0,0.0,0.0,0.0,0.0,0.0,0.0,0.0,0.0,0.0,0.0,0.0,0.0,0.0,0.0,0.0,2.0,13.0,12.0,1.0,4.0,12.0,23.0,16.0,22.0,20.0,20.0,20.0
712,1.0,712.0,London_141,cons,151,453,1092.0,70.0,2.0,168516.0,1.007525713648647,829.0,87.0,2.0,85.0,163.0,19.0,144.0,122.0,344.0,43.0,10.0,39.0,2.0,9.0,1.0,5.0,4.0,91.0,134.0,224.0,15.0,3.0,3.0,0.0,0.0,0.0,0.0,0.0,0.0,0.0,23.0,0.0,9.0,4.0,9.0,0.0,1.0,0.0,0.0,1.0,22.0,0.0,0.0,0.0,0.0,0.0,0.0,0.0,0.0,1.0,0.0,0.0,0.0,0.0,0.0,0.0,0.0,0.0,0.0,6.0,2.0,3.0,1.0,4.0,10.0,9.0,15.0,16.0,21.0,15.0,20.0,0.0,0.0,0.0,0.0,0.0,0.0,0.0,0.0,1.0,0.0,0.0,0.0,0.0,0.0,0.0,0.0,0.0,0.0,6.0,2.0,5.0,2.0,4.0,15.0,14.0,18.0,22.0,32.0,19.0,25.0
713,1.0,713.0,London_141,cons,151,453,1092.0,70.0,2.0,175311.0,1.2081381268799305,844.0,99.0,0.0,99.0,164.0,0.0,164.0,129.0,334.0,44.0,12.0,39.0,8.0,12.0,1.0,3.0,6.0,86.0,131.0,230.0,15.0,4.0,4.0,0.0,0.0,0.0,0.0,0.0,0.0,0.0,25.0,0.0,10.0,0.0,8.0,0.0,0.0,1.0,6.0,0.0,25.0,0.0,0.0,0.0,0.0,0.0,0.0,0.0,0.0,0.0,0.0,0.0,0.0,0.0,0.0,0.0,0.0,0.0,0.0,8.0,7.0,2.0,0.0,7.0,21.0,14.0,19.0,14.0,14.0,18.0,15.0,0.0,0.0,0.0,0.0,0.0,0.0,0.0,0.0,0.0,0.0,0.0,0.0,0.0,0.0,0.0,0.0,0.0,0.0,10.0,9.0,2.0,0.0,8.0,31.0,18.0,26.0,22.0,19.0,27.0,18.0
714,1.0,714.0,London_141,cons,151,453,1092.0,70.0,2.0,167610.0,0.9513351349160075,827.0,148.0,0.0,148.0,251.0,0.0,251.0,132.0,328.0,55.0,14.0,38.0,4.0,9.0,2.0,3.0,2.0,88.0,129.0,234.0,16.0,5.0,5.0,0.0,0.0,0.0,0.0,0.0,0.0,0.0,77.0,0.0,34.0,8.0,28.0,4.0,1.0,1.0,1.0,0.0,77.0,0.0,0.0,0.0,0.0,0.0,0.0,0.0,0.0,0.0,0.0,0.0,0.0,0.0,0.0,0.0,0.0,0.0,0.0,8.0,12.0,7.0,1.0,6.0,17.0,12.0,11.0,24.0,24.0,20.0,24.0,0.0,0.0,0.0,0.0,0.0,0.0,0.0,0.0,0.0,0.0,0.0,0.0,0.0,0.0,0.0,0.0,0.0,0.0,9.0,17.0,7.0,1.0,6.0,24.0,19.0,15.0,31.0,31.0,28.0,26.0
715,1.0,715.0,London_141,cons,151,453,1092.0,70.0,2.0,137712.0,0.7498370073735714,761.0,29.0,0.0,29.0,53.0,0.0,53.0,148.0,320.0,54.0,11.0,47.0,4.0,9.0,2.0,6.0,4.0,88.0,135.0,226.0,23.0,1.0,1.0,0.0,0.0,0.0,0.0,0.0,0.0,0.0,0.0,0.0,0.0,0.0,0.0,0.0,0.0,0.0,0.0,0.0,0.0,0.0,0.0,0.0,0.0,0.0,0.0,0.0,0.0,0.0,0.0,0.0,0.0,0.0,0.0,0.0,0.0,0.0,0.0,2.0,4.0,1.0,1.0,2.0,7.0,2.0,4.0,2.0,8.0,7.0,10.0,0.0,0.0,0.0,0.0,0.0,0.0,0.0,0.0,0.0,0.0,0.0,0.0,0.0,0.0,0.0,0.0,0.0,0.0,3.0,5.0,2.0,2.0,2.0,12.0,3.0,8.0,3.0,11.0,12.0,15.0
716,1.0,716.0,London_141,cons,151,453,1092.0,70.0,2.0,166251.0,1.0006241649389267,824.0,102.0,2.0,100.0,178.0,17.0,161.0,56.0,323.0,43.0,7.0,55.0,6.0,9.0,3.0,7.0,6.0,88.0,138.0,221.0,21.0,5.0,5.0,0.0,0.0,0.0,0.0,0.0,0.0,0.0,17.0,0.0,13.0,2.0,1.0,0.0,0.0,0.0,1.0,2.0,15.0,0.0,0.0,0.0,0.0,0.0,0.0,0.0,0.0,0.0,0.0,0.0,0.0,0.0,0.0,0.0,0.0,0.0,0.0,6.0,5.0,3.0,3.0,7.0,16.0,16.0,13.0,18.0,15.0,19.0,18.0,0.0,0.0,0.0,0.0,0.0,0.0,0.0,0.0,0.0,0.0,0.0,0.0,0.0,0.0,0.0,0.0,0.0,0.0,7.0,8.0,3.0,6.0,8.0,22.0,25.0,19.0,25.0,22.0,27.0,25.0
717,1.0,717.0,London_141,cons,151,453,1092.0,70.0,2.0,150849.0,0.8053199960850179,790.0,109.0,2.0,107.0,209.0,18.0,191.0,148.0,322.0,50.0,11.0,50.0,3.0,13.0,2.0,2.0,6.0,86.0,136.0,225.0,14.0,0.0,0.0,0.0,0.0,0.0,0.0,0.0,0.0,0.0,30.0,0.0,5.0,2.0,21.0,0.0,0.0,0.0,2.0,2.0,28.0,0.0,0.0,0.0,0.0,0.0,0.0,0.0,0.0,0.0,0.0,0.0,0.0,0.0,0.0,0.0,0.0,0.0,0.0,5.0,10.0,6.0,3.0,6.0,12.0,10.0,19.0,16.0,16.0,21.0,25.0,0.0,0.0,0.0,0.0,0.0,0.0,0.0,0.0,0.0,0.0,0.0,0.0,0.0,0.0,0.0,0.0,0.0,0.0,6.0,11.0,6.0,3.0,6.0,16.0,15.0,30.0,23.0,21.0,31.0,29.0
718,1.0,718.0,London_141,cons,151,453,1092.0,70.0,2.0,135900.0,0.7027050219476223,757.0,46.0,0.0,46.0,80.0,0.0,80.0,144.0,327.0,53.0,13.0,33.0,2.0,19.0,1.0,5.0,5.0,94.0,133.0,221.0,18.0,5.0,5.0,0.0,0.0,0.0,0.0,0.0,0.0,0.0,0.0,0.0,0.0,0.0,0.0,0.0,0.0,0.0,0.0,0.0,0.0,0.0,0.0,0.0,0.0,0.0,0.0,0.0,0.0,0.0,0.0,0.0,0.0,0.0,0.0,0.0,0.0,0.0,0.0,3.0,6.0,5.0,1.0,1.0,12.0,10.0,9.0,11.0,10.0,15.0,12.0,0.0,0.0,0.0,0.0,0.0,0.0,0.0,0.0,0.0,0.0,0.0,0.0,0.0,0.0,0.0,0.0,0.0,0.0,4.0,8.0,7.0,2.0,1.0,16.0,14.0,14.0,15.0,12.0,22.0,17.0
719,1.0,719.0,London_141,cons,151,453,1092.0,70.0,2.0,159909.0,0.9658176866360009,810.0,138.0,2.0,136.0,252.0,19.0,233.0,86.0,330.0,50.0,14.0,36.0,7.0,9.0,1.0,6.0,5.0,96.0,131.0,221.0,19.0,0.0,0.0,0.0,0.0,0.0,0.0,0.0,0.0,0.0,67.0,0.0,22.0,0.0,33.0,1.0,10.0,0.0,1.0,2.0,65.0,0.0,0.0,0.0,0.0,0.0,0.0,0.0,0.0,1.0,0.0,0.0,1.0,0.0,1.0,1.0,0.0,0.0,0.0,5.0,2.0,2.0,0.0,1.0,19.0,9.0,4.0,16.0,10.0,30.0,27.0,0.0,0.0,0.0,0.0,0.0,0.0,0.0,0.0,1.0,0.0,0.0,1.0,0.0,3.0,2.0,0.0,0.0,0.0,6.0,2.0,2.0,0.0,1.0,25.0,12.0,7.0,21.0,14.0,39.0,34.0
720,1.0,720.0,London_141,cons,151,453,1092.0,70.0,2.0,130464.0,0.6619769809767604,745.0,17.0,1.0,16.0,39.0,9.0,30.0,135.0,332.0,58.0,8.0,37.0,1.0,13.0,0.0,4.0,3.0,92.0,126.0,232.0,17.0,4.0,4.0,0.0,0.0,0.0,0.0,0.0,0.0,0.0,1.0,0.0,0.0,0.0,0.0,0.0,1.0,0.0,0.0,1.0,0.0,0.0,0.0,0.0,0.0,0.0,0.0,0.0,0.0,1.0,0.0,0.0,0.0,0.0,1.0,1.0,0.0,0.0,0.0,0.0,0.0,0.0,0.0,1.0,0.0,4.0,2.0,2.0,2.0,6.0,1.0,0.0,0.0,0.0,0.0,0.0,0.0,0.0,0.0,3.0,0.0,0.0,0.0,0.0,5.0,1.0,0.0,0.0,0.0,0.0,0.0,0.0,0.0,1.0,0.0,5.0,4.0,3.0,2.0,9.0,1.0
721,1.0,721.0,London_141,cons,151,453,1092.0,70.0,2.0,158550.0,0.9369024550542235,807.0,90.0,0.0,90.0,157.0,0.0,157.0,39.0,328.0,63.0,5.0,44.0,3.0,8.0,0.0,2.0,3.0,88.0,125.0,237.0,20.0,7.0,7.0,0.0,0.0,0.0,0.0,0.0,0.0,0.0,23.0,0.0,0.0,9.0,11.0,0.0,1.0,0.0,2.0,0.0,23.0,0.0,0.0,0.0,0.0,0.0,0.0,0.0,0.0,0.0,0.0,0.0,0.0,0.0,0.0,0.0,0.0,0.0,0.0,8.0,16.0,7.0,3.0,6.0,19.0,10.0,11.0,12.0,16.0,20.0,24.0,0.0,0.0,0.0,0.0,0.0,0.0,0.0,0.0,0.0,0.0,0.0,0.0,0.0,0.0,0.0,0.0,0.0,0.0,8.0,21.0,7.0,5.0,6.0,31.0,17.0,14.0,17.0,21.0,31.0,33.0
722,1.0,722.0,London_141,cons,151,453,1092.0,70.0,2.0,157644.0,0.8446273640729487,805.0,77.0,0.0,77.0,144.0,0.0,144.0,132.0,329.0,69.0,7.0,33.0,1.0,10.0,1.0,3.0,6.0,83.0,138.0,226.0,24.0,5.0,5.0,0.0,0.0,0.0,0.0,0.0,0.0,0.0,18.0,0.0,0.0,1.0,16.0,1.0,0.0,0.0,0.0,0.0,18.0,0.0,0.0,0.0,0.0,0.0,0.0,0.0,0.0,0.0,0.0,0.0,0.0,0.0,0.0,0.0,0.0,0.0,0.0,8.0,8.0,4.0,2.0,5.0,22.0,5.0,7.0,24.0,10.0,15.0,14.0,0.0,0.0,0.0,0.0,0.0,0.0,0.0,0.0,0.0,0.0,0.0,0.0,0.0,0.0,0.0,0.0,0.0,0.0,10.0,12.0,4.0,3.0,5.0,29.0,7.0,9.0,30.0,18.0,25.0,22.0
723,1.0,723.0,London_141,cons,151,453,1092.0,70.0,2.0,166251.0,1.0663899988867342,824.0,101.0,1.0,100.0,175.0,10.0,165.0,122.0,333.0,64.0,5.0,31.0,5.0,13.0,0.0,2.0,3.0,81.0,138.0,231.0,16.0,2.0,2.0,0.0,0.0,0.0,0.0,0.0,0.0,0.0,42.0,0.0,1.0,9.0,29.0,0.0,0.0,2.0,1.0,1.0,41.0,0.0,0.0,0.0,0.0,0.0,0.0,0.0,0.0,0.0,1.0,0.0,0.0,0.0,1.0,0.0,0.0,0.0,0.0,1.0,1.0,1.0,0.0,4.0,2.0,2.0,4.0,8.0,9.0,15.0,5.0,0.0,0.0,0.0,0.0,0.0,0.0,0.0,0.0,0.0,4.0,0.0,0.0,0.0,3.0,0.0,0.0,0.0,0.0,3.0,1.0,2.0,0.0,4.0,2.0,2.0,5.0,9.0,12.0,21.0,5.0
724,1.0,724.0,London_141,cons,151,453,1092.0,70.0,2.0,153114.0,0.8574689249508083,795.0,81.0,0.0,81.0,148.0,0.0,148.0,112.0,335.0,56.0,8.0,35.0,4.0,11.0,0.0,4.0,6.0,90.0,127.0,230.0,14.0,3.0,3.0,0.0,0.0,0.0,0.0,0.0,0.0,0.0,16.0,0.0,0.0,4.0,11.0,0.0,0.0,0.0,1.0,0.0,16.0,0.0,0.0,0.0,0.0,0.0,0.0,0.0,0.0,0.0,0.0,0.0,0.0,0.0,0.0,0.0,0.0,0.0,0.0,9.0,7.0,9.0,0.0,3.0,22.0,11.0,9.0,16.0,14.0,18.0,15.0,0.0,0.0,0.0,0.0,0.0,0.0,0.0,0.0,0.0,0.0,0.0,0.0,0.0,0.0,0.0,0.0,0.0,0.0,12.0,12.0,10.0,0.0,3.0,32.0,14.0,9.0,22.0,22.0,24.0,22.0
725,1.0,725.0,London_141,cons,151,453,1092.0,70.0,2.0,149943.0,0.9218857670202851,788.0,91.0,2.0,89.0,182.0,17.0,165.0,127.0,329.0,59.0,8.0,35.0,7.0,11.0,3.0,1.0,4.0,84.0,123.0,242.0,11.0,3.0,3.0,0.0,0.0,0.0,0.0,0.0,0.0,0.0,26.0,0.0,2.0,1.0,20.0,0.0,1.0,0.0,2.0,2.0,24.0,0.0,0.0,0.0,0.0,0.0,0.0,0.0,0.0,1.0,0.0,0.0,0.0,0.0,0.0,1.0,0.0,0.0,0.0,2.0,4.0,3.0,0.0,1.0,5.0,13.0,3.0,9.0,10.0,22.0,10.0,0.0,0.0,0.0,0.0,0.0,0.0,0.0,0.0,2.0,0.0,0.0,0.0,0.0,0.0,1.0,0.0,0.0,0.0,2.0,5.0,4.0,0.0,1.0,6.0,21.0,5.0,11.0,16.0,31.0,14.0
726,1.0,726.0,London_141,cons,151,453,1092.0,70.0,2.0,139977.0,0.7726242570206523,766.0,45.0,1.0,44.0,92.0,12.0,80.0,139.0,336.0,42.0,6.0,46.0,4.0,14.0,0.0,5.0,5.0,82.0,134.0,232.0,13.0,10.0,10.0,0.0,0.0,0.0,0.0,0.0,0.0,0.0,4.0,0.0,0.0,1.0,0.0,0.0,1.0,2.0,0.0,1.0,3.0,0.0,0.0,0.0,0.0,0.0,0.0,0.0,0.0,1.0,0.0,0.0,1.0,0.0,0.0,1.0,0.0,0.0,0.0,0.0,1.0,8.0,0.0,1.0,2.0,1.0,0.0,6.0,5.0,13.0,4.0,0.0,0.0,0.0,0.0,0.0,0.0,0.0,0.0,1.0,0.0,0.0,2.0,0.0,0.0,1.0,0.0,0.0,0.0,0.0,1.0,9.0,0.0,1.0,2.0,1.0,0.0,8.0,8.0,20.0,7.0
727,1.0,727.0,London_141,cons,151,453,1092.0,70.0,2.0,151755.0,0.8568639392033219,792.0,82.0,2.0,80.0,160.0,19.0,141.0,86.0,334.0,52.0,4.0,41.0,7.0,10.0,1.0,4.0,5.0,76.0,132.0,240.0,13.0,5.0,5.0,0.0,0.0,0.0,0.0,0.0,0.0,0.0,12.0,0.0,1.0,3.0,3.0,0.0,1.0,1.0,3.0,2.0,10.0,0.0,0.0,0.0,0.0,0.0,0.0,0.0,0.0,1.0,0.0,0.0,0.0,0.0,1.0,0.0,0.0,0.0,0.0,1.0,6.0,5.0,1.0,10.0,8.0,6.0,5.0,4.0,21.0,14.0,13.0,0.0,0.0,0.0,0.0,0.0,0.0,0.0,0.0,1.0,0.0,0.0,0.0,0.0,3.0,0.0,0.0,0.0,0.0,1.0,12.0,5.0,2.0,11.0,12.0,8.0,6.0,4.0,34.0,21.0,16.0
728,1.0,728.0,London_141,cons,151,453,1092.0,70.0,2.0,155832.0,0.9210487990640104,801.0,142.0,0.0,142.0,251.0,0.0,251.0,136.0,329.0,57.0,11.0,38.0,5.0,11.0,0.0,2.0,5.0,89.0,136.0,223.0,15.0,11.0,11.0,0.0,0.0,0.0,0.0,0.0,0.0,0.0,70.0,0.0,25.0,2.0,33.0,6.0,0.0,0.0,4.0,0.0,70.0,0.0,0.0,0.0,0.0,0.0,0.0,0.0,0.0,0.0,0.0,0.0,0.0,0.0,0.0,0.0,0.0,0.0,0.0,11.0,12.0,7.0,1.0,5.0,23.0,9.0,21.0,15.0,19.0,17.0,22.0,0.0,0.0,0.0,0.0,0.0,0.0,0.0,0.0,0.0,0.0,0.0,0.0,0.0,0.0,0.0,0.0,0.0,0.0,14.0,14.0,7.0,2.0,5.0,32.0,11.0,28.0,18.0,27.0,23.0,30.0
729,1.0,729.0,London_141,cons,151,453,1092.0,70.0,2.0,124575.0,0.6763931228779256,732.0,110.0,0.0,110.0,188.0,0.0,188.0,149.0,320.0,48.0,14.0,46.0,2.0,16.0,4.0,3.0,4.0,79.0,131.0,239.0,13.0,3.0,3.0,0.0,0.0,0.0,0.0,0.0,0.0,0.0,41.0,0.0,17.0,0.0,23.0,1.0,0.0,0.0,0.0,0.0,41.0,0.0,0.0,0.0,0.0,0.0,0.0,0.0,0.0,0.0,0.0,0.0,0.0,0.0,0.0,0.0,0.0,0.0,0.0,5.0,11.0,5.0,4.0,4.0,12.0,14.0,16.0,16.0,13.0,26.0,20.0,0.0,0.0,0.0,0.0,0.0,0.0,0.0,0.0,0.0,0.0,0.0,0.0,0.0,0.0,0.0,0.0,0.0,0.0,6.0,14.0,5.0,6.0,4.0,16.0,21.0,20.0,25.0,19.0,33.0,29.0
730,1.0,730.0,London_141,cons,151,453,1092.0,70.0,2.0,100113.0,0.5114772571250796,678.0,14.0,1.0,13.0,36.0,9.0,27.0,131.0,323.0,48.0,9.0,51.0,1.0,17.0,1.0,3.0,4.0,92.0,134.0,223.0,17.0,5.0,5.0,0.0,0.0,0.0,0.0,0.0,0.0,0.0,1.0,0.0,0.0,0.0,0.0,0.0,1.0,0.0,0.0,1.0,0.0,0.0,0.0,0.0,0.0,0.0,0.0,0.0,0.0,0.0,0.0,0.0,0.0,0.0,0.0,0.0,0.0,0.0,0.0,2.0,1.0,0.0,0.0,0.0,2.0,4.0,6.0,0.0,3.0,3.0,3.0,0.0,0.0,0.0,0.0,0.0,0.0,0.0,0.0,0.0,0.0,0.0,0.0,0.0,0.0,0.0,0.0,0.0,0.0,3.0,1.0,0.0,0.0,0.0,4.0,7.0,12.0,0.0,5.0,4.0,4.0
731,1.0,731.0,London_141,cons,151,453,1092.0,70.0,2.0,127293.0,0.6427143262699246,738.0,0.0,0.0,0.0,0.0,0.0,0.0,32.0,324.0,43.0,10.0,54.0,2.0,16.0,1.0,3.0,4.0,86.0,140.0,223.0,15.0,6.0,6.0,0.0,0.0,0.0,0.0,0.0,0.0,0.0,0.0,0.0,0.0,0.0,0.0,0.0,0.0,0.0,0.0,0.0,0.0,0.0,0.0,0.0,0.0,0.0,0.0,0.0,0.0,0.0,0.0,0.0,0.0,0.0,0.0,0.0,0.0,0.0,0.0,0.0,0.0,0.0,0.0,0.0,0.0,0.0,0.0,0.0,0.0,0.0,0.0,0.0,0.0,0.0,0.0,0.0,0.0,0.0,0.0,0.0,0.0,0.0,0.0,0.0,0.0,0.0,0.0,0.0,0.0,0.0,0.0,0.0,0.0,0.0,0.0,0.0,0.0,0.0,0.0,0.0,0.0
732,1.0,732.0,London_141,cons,151,453,1092.0,70.0,2.0,163533.0,0.931794807780534,818.0,123.0,2.0,121.0,222.0,20.0,202.0,6.0,318.0,45.0,10.0,57.0,2.0,16.0,1.0,4.0,3.0,85.0,141.0,224.0,17.0,8.0,8.0,0.0,0.0,0.0,0.0,0.0,0.0,0.0,44.0,0.0,19.0,6.0,17.0,0.0,1.0,0.0,1.0,2.0,42.0,0.0,0.0,0.0,0.0,0.0,0.0,0.0,0.0,0.0,1.0,0.0,1.0,0.0,1.0,1.0,0.0,0.0,0.0,3.0,3.0,4.0,0.0,0.0,7.0,2.0,3.0,5.0,16.0,28.0,6.0,0.0,0.0,0.0,0.0,0.0,0.0,0.0,0.0,0.0,2.0,0.0,2.0,0.0,3.0,2.0,0.0,0.0,0.0,5.0,3.0,5.0,0.0,0.0,7.0,2.0,5.0,7.0,24.0,38.0,7.0
733,1.0,733.0,London_141,cons,151,453,1092.0,70.0,2.0,145866.0,0.8230171999894083,779.0,135.0,2.0,133.0,254.0,20.0,234.0,149.0,320.0,53.0,9.0,42.0,6.0,16.0,2.0,5.0,6.0,93.0,140.0,214.0,12.0,4.0,4.0,0.0,0.0,0.0,0.0,0.0,0.0,0.0,62.0,0.0,22.0,13.0,25.0,0.0,2.0,0.0,0.0,2.0,60.0,0.0,0.0,0.0,0.0,0.0,0.0,0.0,0.0,2.0,0.0,0.0,0.0,1.0,0.0,1.0,0.0,0.0,0.0,2.0,3.0,3.0,0.0,4.0,3.0,2.0,2.0,7.0,16.0,14.0,14.0,0.0,0.0,0.0,0.0,0.0,0.0,0.0,0.0,2.0,0.0,0.0,0.0,1.0,0.0,1.0,0.0,0.0,0.0,3.0,7.0,6.0,0.0,5.0,3.0,3.0,2.0,12.0,26.0,16.0,20.0
734,1.0,734.0,London_141,cons,151,453,1092.0,70.0,2.0,110985.0,0.5827631698921323,702.0,57.0,1.0,56.0,107.0,10.0,97.0,145.0,315.0,55.0,12.0,47.0,8.0,10.0,1.0,5.0,6.0,67.0,146.0,234.0,20.0,2.0,2.0,0.0,0.0,0.0,0.0,0.0,0.0,0.0,2.0,0.0,0.0,0.0,1.0,0.0,0.0,1.0,0.0,1.0,1.0,0.0,0.0,0.0,0.0,0.0,0.0,0.0,0.0,1.0,0.0,0.0,0.0,0.0,1.0,1.0,0.0,0.0,0.0,1.0,0.0,0.0,0.0,2.0,5.0,8.0,3.0,7.0,9.0,14.0,13.0,0.0,0.0,0.0,0.0,0.0,0.0,0.0,0.0,3.0,0.0,0.0,0.0,0.0,3.0,3.0,0.0,0.0,0.0,1.0,0.0,0.0,0.0,3.0,6.0,11.0,3.0,10.0,12.0,25.0,20.0
735,1.0,735.0,London_141,cons,151,453,1092.0,70.0,2.0,115515.0,0.5677505666390061,712.0,35.0,2.0,33.0,85.0,18.0,67.0,103.0,324.0,62.0,11.0,44.0,3.0,6.0,0.0,3.0,5.0,63.0,150.0,235.0,28.0,5.0,5.0,0.0,0.0,0.0,0.0,0.0,0.0,0.0,2.0,0.0,0.0,0.0,0.0,0.0,1.0,0.0,1.0,2.0,0.0,0.0,0.0,0.0,0.0,0.0,0.0,0.0,0.0,0.0,0.0,0.0,1.0,0.0,1.0,1.0,0.0,0.0,0.0,7.0,1.0,2.0,1.0,1.0,6.0,6.0,5.0,9.0,2.0,8.0,5.0,0.0,0.0,0.0,0.0,0.0,0.0,0.0,0.0,0.0,0.0,0.0,2.0,0.0,1.0,1.0,0.0,0.0,0.0,9.0,1.0,2.0,1.0,1.0,10.0,8.0,10.0,15.0,2.0,11.0,13.0
736,1.0,736.0,London_141,cons,151,453,1092.0,70.0,2.0,144507.0,0.7527860240079463,776.0,93.0,0.0,93.0,171.0,0.0,171.0,74.0,326.0,60.0,17.0,41.0,0.0,5.0,1.0,3.0,8.0,62.0,158.0,225.0,28.0,3.0,3.0,0.0,0.0,0.0,0.0,0.0,0.0,0.0,20.0,0.0,1.0,0.0,11.0,3.0,3.0,0.0,2.0,0.0,20.0,0.0,0.0,0.0,0.0,0.0,0.0,0.0,0.0,0.0,0.0,0.0,0.0,0.0,0.0,0.0,0.0,0.0,0.0,4.0,10.0,3.0,0.0,6.0,13.0,13.0,11.0,11.0,18.0,19.0,28.0,0.0,0.0,0.0,0.0,0.0,0.0,0.0,0.0,0.0,0.0,0.0,0.0,0.0,0.0,0.0,0.0,0.0,0.0,7.0,13.0,3.0,0.0,6.0,16.0,18.0,12.0,14.0,23.0,27.0,35.0
737,1.0,737.0,London_141,cons,151,453,1092.0,70.0,2.0,132729.0,0.7609472670592368,750.0,2.0,2.0,0.0,20.0,20.0,0.0,139.0,329.0,45.0,14.0,38.0,5.0,20.0,0.0,2.0,5.0,78.0,146.0,224.0,13.0,3.0,3.0,0.0,0.0,0.0,0.0,0.0,0.0,0.0,2.0,0.0,0.0,0.0,1.0,0.0,1.0,0.0,0.0,2.0,0.0,0.0,0.0,0.0,0.0,0.0,0.0,0.0,0.0,1.0,0.0,0.0,1.0,0.0,0.0,1.0,0.0,0.0,0.0,0.0,0.0,0.0,0.0,0.0,0.0,0.0,0.0,0.0,0.0,0.0,0.0,0.0,0.0,0.0,0.0,0.0,0.0,0.0,0.0,2.0,0.0,0.0,2.0,0.0,0.0,1.0,0.0,0.0,0.0,0.0,0.0,0.0,0.0,0.0,0.0,0.0,0.0,0.0,0.0,0.0,0.0
738,1.0,738.0,London_141,cons,151,453,1092.0,70.0,2.0,181200.0,0.9932088763453066,857.0,65.0,0.0,65.0,112.0,0.0,112.0,8.0,328.0,49.0,14.0,34.0,5.0,21.0,0.0,2.0,2.0,78.0,148.0,225.0,10.0,10.0,10.0,0.0,0.0,0.0,0.0,0.0,0.0,0.0,10.0,0.0,0.0,5.0,5.0,0.0,0.0,0.0,0.0,0.0,10.0,0.0,0.0,0.0,0.0,0.0,0.0,0.0,0.0,0.0,0.0,0.0,0.0,0.0,0.0,0.0,0.0,0.0,0.0,4.0,7.0,5.0,2.0,3.0,19.0,7.0,9.0,8.0,10.0,12.0,14.0,0.0,0.0,0.0,0.0,0.0,0.0,0.0,0.0,0.0,0.0,0.0,0.0,0.0,0.0,0.0,0.0,0.0,0.0,5.0,10.0,5.0,2.0,3.0,27.0,10.0,10.0,9.0,17.0,22.0,17.0
739,1.0,739.0,London_141,cons,151,453,1092.0,70.0,2.0,206568.0,1.1632669740356505,913.0,98.0,0.0,98.0,174.0,0.0,174.0,108.0,324.0,52.0,7.0,34.0,4.0,27.0,1.0,4.0,4.0,73.0,148.0,228.0,13.0,5.0,5.0,0.0,0.0,0.0,0.0,0.0,0.0,0.0,31.0,0.0,3.0,6.0,22.0,0.0,0.0,0.0,0.0,0.0,31.0,0.0,0.0,0.0,0.0,0.0,0.0,0.0,0.0,0.0,0.0,0.0,0.0,0.0,0.0,0.0,0.0,0.0,0.0,8.0,6.0,7.0,1.0,3.0,14.0,11.0,8.0,12.0,16.0,16.0,21.0,0.0,0.0,0.0,0.0,0.0,0.0,0.0,0.0,0.0,0.0,0.0,0.0,0.0,0.0,0.0,0.0,0.0,0.0,9.0,7.0,10.0,2.0,3.0,20.0,19.0,13.0,18.0,21.0,25.0,26.0
740,1.0,740.0,London_141,cons,151,453,1092.0,70.0,2.0,211098.0,1.338907026220113,923.0,160.0,2.0,158.0,292.0,17.0,275.0,135.0,321.0,46.0,7.0,47.0,5.0,21.0,2.0,4.0,2.0,74.0,148.0,229.0,19.0,1.0,1.0,0.0,0.0,0.0,0.0,0.0,0.0,0.0,80.0,0.0,39.0,5.0,34.0,0.0,1.0,0.0,1.0,2.0,78.0,0.0,0.0,0.0,0.0,0.0,0.0,0.0,0.0,0.0,0.0,0.0,0.0,0.0,0.0,0.0,0.0,0.0,0.0,4.0,10.0,5.0,3.0,5.0,12.0,12.0,16.0,17.0,19.0,26.0,28.0,0.0,0.0,0.0,0.0,0.0,0.0,0.0,0.0,0.0,0.0,0.0,0.0,0.0,0.0,0.0,0.0,0.0,0.0,4.0,10.0,6.0,3.0,5.0,20.0,13.0,19.0,22.0,27.0,37.0,39.0
741,1.0,741.0,London_141,cons,151,453,1092.0,70.0,2.0,183465.0,1.1092284210026264,862.0,124.0,0.0,124.0,200.0,0.0,200.0,150.0,315.0,56.0,10.0,41.0,5.0,20.0,0.0,6.0,4.0,78.0,149.0,222.0,13.0,2.0,2.0,0.0,0.0,0.0,0.0,0.0,0.0,0.0,35.0,0.0,3.0,2.0,30.0,0.0,0.0,0.0,0.0,0.0,35.0,0.0,0.0,0.0,0.0,0.0,0.0,0.0,0.0,0.0,0.0,0.0,0.0,0.0,0.0,0.0,0.0,0.0,0.0,9.0,11.0,8.0,1.0,2.0,21.0,10.0,13.0,26.0,10.0,26.0,18.0,0.0,0.0,0.0,0.0,0.0,0.0,0.0,0.0,0.0,0.0,0.0,0.0,0.0,0.0,0.0,0.0,0.0,0.0,10.0,14.0,10.0,2.0,2.0,25.0,15.0,15.0,35.0,15.0,35.0,26.0
742,1.0,742.0,London_141,cons,151,453,1092.0,70.0,2.0,163080.0,0.8679874511435628,817.0,133.0,2.0,131.0,225.0,17.0,208.0,155.0,319.0,58.0,10.0,42.0,6.0,14.0,0.0,4.0,3.0,78.0,142.0,230.0,18.0,3.0,3.0,0.0,0.0,0.0,0.0,0.0,0.0,0.0,42.0,0.0,14.0,4.0,20.0,0.0,1.0,0.0,3.0,2.0,40.0,0.0,0.0,0.0,0.0,0.0,0.0,0.0,0.0,0.0,0.0,1.0,0.0,0.0,0.0,1.0,0.0,0.0,0.0,3.0,1.0,0.0,0.0,0.0,5.0,3.0,2.0,6.0,18.0,20.0,10.0,0.0,0.0,0.0,0.0,0.0,0.0,0.0,0.0,0.0,0.0,2.0,0.0,0.0,0.0,1.0,0.0,0.0,0.0,3.0,1.0,0.0,0.0,0.0,6.0,4.0,2.0,6.0,23.0,26.0,11.0
743,1.0,743.0,London_141,cons,151,453,1092.0,70.0,2.0,146319.0,0.7752855019643903,780.0,30.0,0.0,30.0,49.0,0.0,49.0,152.0,309.0,60.0,6.0,44.0,3.0,26.0,1.0,4.0,2.0,95.0,131.0,225.0,24.0,5.0,5.0,0.0,0.0,0.0,0.0,0.0,0.0,0.0,0.0,0.0,0.0,0.0,0.0,0.0,0.0,0.0,0.0,0.0,0.0,0.0,0.0,0.0,0.0,0.0,0.0,0.0,0.0,0.0,0.0,0.0,0.0,0.0,0.0,0.0,0.0,0.0,0.0,3.0,4.0,0.0,1.0,0.0,5.0,6.0,4.0,7.0,2.0,9.0,8.0,0.0,0.0,0.0,0.0,0.0,0.0,0.0,0.0,0.0,0.0,0.0,0.0,0.0,0.0,0.0,0.0,0.0,0.0,5.0,7.0,0.0,2.0,0.0,6.0,9.0,5.0,10.0,4.0,13.0,9.0
744,1.0,744.0,London_141,cons,151,453,1092.0,70.0,2.0,179841.0,0.971818549092859,854.0,132.0,1.0,131.0,238.0,8.0,230.0,54.0,307.0,50.0,11.0,45.0,3.0,31.0,1.0,5.0,0.0,93.0,132.0,228.0,29.0,4.0,4.0,0.0,0.0,0.0,0.0,0.0,0.0,0.0,52.0,0.0,15.0,3.0,31.0,1.0,1.0,1.0,0.0,1.0,51.0,0.0,0.0,0.0,0.0,0.0,0.0,0.0,0.0,1.0,0.0,0.0,0.0,0.0,1.0,0.0,0.0,0.0,0.0,2.0,1.0,1.0,1.0,1.0,5.0,6.0,1.0,7.0,21.0,25.0,7.0,0.0,0.0,0.0,0.0,0.0,0.0,0.0,0.0,3.0,0.0,0.0,0.0,0.0,6.0,0.0,0.0,0.0,0.0,2.0,2.0,1.0,1.0,1.0,7.0,9.0,1.0,9.0,31.0,32.0,8.0
745,1.0,745.0,London_141,cons,151,453,1092.0,70.0,2.0,151755.0,0.8516116426326334,792.0,124.0,2.0,122.0,216.0,18.0,198.0,153.0,300.0,53.0,12.0,49.0,3.0,31.0,3.0,2.0,1.0,83.0,143.0,226.0,20.0,8.0,8.0,0.0,0.0,0.0,0.0,0.0,0.0,0.0,51.0,0.0,27.0,0.0,21.0,0.0,0.0,0.0,3.0,2.0,49.0,0.0,0.0,0.0,0.0,0.0,0.0,0.0,0.0,0.0,0.0,0.0,0.0,1.0,1.0,0.0,0.0,0.0,0.0,5.0,1.0,2.0,1.0,8.0,9.0,10.0,5.0,15.0,20.0,24.0,20.0,0.0,0.0,0.0,0.0,0.0,0.0,0.0,0.0,0.0,0.0,0.0,0.0,1.0,2.0,0.0,0.0,0.0,0.0,6.0,3.0,2.0,2.0,8.0,12.0,15.0,5.0,23.0,26.0,28.0,25.0
746,1.0,746.0,London_141,cons,151,453,1092.0,70.0,2.0,129105.0,0.6321902293711901,742.0,1.0,0.0,1.0,3.0,0.0,3.0,150.0,300.0,54.0,12.0,43.0,5.0,31.0,1.0,7.0,2.0,87.0,133.0,231.0,24.0,2.0,2.0,0.0,0.0,0.0,0.0,0.0,0.0,0.0,0.0,0.0,0.0,0.0,0.0,0.0,0.0,0.0,0.0,0.0,0.0,0.0,0.0,0.0,0.0,0.0,0.0,0.0,0.0,0.0,0.0,0.0,0.0,0.0,0.0,0.0,0.0,0.0,0.0,0.0,0.0,0.0,0.0,0.0,1.0,0.0,0.0,0.0,0.0,0.0,1.0,0.0,0.0,0.0,0.0,0.0,0.0,0.0,0.0,0.0,0.0,0.0,0.0,0.0,0.0,0.0,0.0,0.0,0.0,0.0,0.0,0.0,0.0,0.0,2.0,0.0,0.0,0.0,0.0,0.0,1.0
747,1.0,747.0,London_141,cons,151,453,1092.0,70.0,2.0,159456.0,0.9052502498961985,809.0,106.0,2.0,104.0,196.0,19.0,177.0,5.0,295.0,56.0,13.0,43.0,5.0,33.0,1.0,7.0,2.0,86.0,134.0,231.0,24.0,1.0,1.0,0.0,0.0,0.0,0.0,0.0,0.0,0.0,36.0,0.0,10.0,0.0,23.0,0.0,1.0,1.0,1.0,2.0,34.0,0.0,0.0,0.0,0.0,0.0,0.0,0.0,0.0,1.0,0.0,0.0,0.0,0.0,0.0,0.0,0.0,0.0,0.0,2.0,3.0,4.0,0.0,0.0,8.0,3.0,5.0,7.0,12.0,21.0,10.0,0.0,0.0,0.0,0.0,0.0,0.0,0.0,0.0,2.0,0.0,0.0,0.0,0.0,0.0,0.0,0.0,0.0,0.0,2.0,3.0,4.0,0.0,0.0,10.0,5.0,7.0,9.0,14.0,29.0,11.0
748,1.0,748.0,London_141,cons,151,453,1092.0,70.0,2.0,152208.0,1.595852873288095,793.0,77.0,0.0,77.0,135.0,0.0,135.0,134.0,304.0,47.0,10.0,40.0,7.0,40.0,2.0,3.0,3.0,79.0,141.0,230.0,22.0,3.0,3.0,0.0,0.0,0.0,0.0,0.0,0.0,0.0,11.0,0.0,0.0,0.0,11.0,0.0,0.0,0.0,0.0,0.0,11.0,0.0,0.0,0.0,0.0,0.0,0.0,0.0,0.0,0.0,0.0,0.0,0.0,0.0,0.0,0.0,0.0,0.0,0.0,6.0,10.0,5.0,1.0,1.0,14.0,16.0,10.0,15.0,13.0,18.0,24.0,0.0,0.0,0.0,0.0,0.0,0.0,0.0,0.0,0.0,0.0,0.0,0.0,0.0,0.0,0.0,0.0,0.0,0.0,9.0,12.0,7.0,1.0,1.0,19.0,24.0,17.0,20.0,20.0,23.0,32.0
749,1.0,749.0,London_141,cons,151,453,1092.0,70.0,2.0,154926.0,0.8187033943831921,799.0,129.0,0.0,129.0,219.0,0.0,219.0,126.0,312.0,50.0,11.0,33.0,8.0,34.0,3.0,2.0,3.0,87.0,138.0,225.0,17.0,4.0,4.0,0.0,0.0,0.0,0.0,0.0,0.0,0.0,58.0,0.0,26.0,3.0,27.0,0.0,0.0,0.0,2.0,0.0,58.0,0.0,0.0,0.0,0.0,0.0,0.0,0.0,0.0,0.0,0.0,0.0,0.0,0.0,0.0,0.0,0.0,0.0,0.0,6.0,14.0,5.0,2.0,4.0,16.0,11.0,11.0,14.0,17.0,18.0,28.0,0.0,0.0,0.0,0.0,0.0,0.0,0.0,0.0,0.0,0.0,0.0,0.0,0.0,0.0,0.0,0.0,0.0,0.0,6.0,16.0,5.0,2.0,5.0,21.0,14.0,15.0,15.0,26.0,22.0,44.0
750,1.0,750.0,London_141,cons,151,453,1092.0,70.0,2.0,123669.0,0.6039193775504827,730.0,92.0,3.0,89.0,178.0,25.0,153.0,139.0,308.0,51.0,16.0,42.0,4.0,30.0,1.0,1.0,1.0,82.0,153.0,217.0,25.0,0.0,0.0,0.0,0.0,0.0,0.0,0.0,0.0,0.0,15.0,0.0,5.0,0.0,7.0,1.0,2.0,0.0,0.0,3.0,12.0,0.0,0.0,0.0,0.0,0.0,0.0,0.0,0.0,0.0,1.0,0.0,0.0,1.0,0.0,0.0,0.0,0.0,0.0,5.0,0.0,4.0,1.0,3.0,2.0,7.0,4.0,14.0,15.0,23.0,10.0,0.0,0.0,0.0,0.0,0.0,0.0,0.0,0.0,0.0,3.0,0.0,0.0,2.0,0.0,0.0,0.0,0.0,0.0,8.0,0.0,5.0,2.0,4.0,3.0,7.0,4.0,18.0,23.0,38.0,15.0
751,1.0,751.0,London_141,cons,151,453,1092.0,70.0,2.0,118686.0,0.6757082077674568,719.0,25.0,1.0,24.0,52.0,10.0,42.0,143.0,316.0,55.0,10.0,48.0,1.0,19.0,0.0,4.0,1.0,93.0,140.0,219.0,21.0,3.0,3.0,0.0,0.0,0.0,0.0,0.0,0.0,0.0,1.0,0.0,0.0,0.0,1.0,0.0,0.0,0.0,0.0,1.0,0.0,0.0,0.0,0.0,0.0,0.0,0.0,0.0,0.0,0.0,0.0,0.0,1.0,0.0,0.0,1.0,0.0,0.0,0.0,0.0,0.0,0.0,0.0,0.0,1.0,1.0,1.0,1.0,6.0,10.0,5.0,0.0,0.0,0.0,0.0,0.0,0.0,0.0,0.0,0.0,0.0,0.0,6.0,0.0,0.0,1.0,0.0,0.0,0.0,0.0,0.0,0.0,0.0,0.0,1.0,2.0,3.0,1.0,8.0,16.0,9.0
752,1.0,752.0,London_141,cons,151,453,1092.0,70.0,2.0,145413.0,0.7827430488541722,778.0,92.0,1.0,91.0,174.0,7.0,167.0,51.0,320.0,62.0,2.0,38.0,6.0,19.0,1.0,5.0,4.0,92.0,134.0,223.0,20.0,8.0,8.0,0.0,0.0,0.0,0.0,0.0,0.0,0.0,37.0,0.0,0.0,6.0,25.0,3.0,3.0,0.0,0.0,1.0,36.0,0.0,0.0,0.0,0.0,0.0,0.0,0.0,0.0,0.0,0.0,0.0,0.0,0.0,0.0,0.0,0.0,0.0,0.0,7.0,7.0,4.0,0.0,6.0,11.0,12.0,13.0,10.0,17.0,8.0,19.0,0.0,0.0,0.0,0.0,0.0,0.0,0.0,0.0,0.0,0.0,0.0,0.0,0.0,0.0,0.0,0.0,0.0,0.0,7.0,10.0,4.0,0.0,7.0,18.0,19.0,23.0,16.0,22.0,15.0,22.0
753,1.0,753.0,London_141,cons,151,453,1092.0,70.0,2.0,145866.0,0.8165751909837127,779.0,29.0,0.0,29.0,53.0,0.0,53.0,121.0,319.0,60.0,9.0,41.0,2.0,16.0,1.0,5.0,2.0,83.0,137.0,231.0,19.0,3.0,3.0,0.0,0.0,0.0,0.0,0.0,0.0,0.0,0.0,0.0,0.0,0.0,0.0,0.0,0.0,0.0,0.0,0.0,0.0,0.0,0.0,0.0,0.0,0.0,0.0,0.0,0.0,0.0,0.0,0.0,0.0,0.0,0.0,0.0,0.0,0.0,0.0,4.0,4.0,3.0,2.0,3.0,5.0,4.0,4.0,10.0,8.0,9.0,10.0,0.0,0.0,0.0,0.0,0.0,0.0,0.0,0.0,0.0,0.0,0.0,0.0,0.0,0.0,0.0,0.0,0.0,0.0,5.0,6.0,4.0,4.0,3.0,6.0,5.0,7.0,12.0,12.0,15.0,13.0
754,1.0,754.0,London_141,cons,151,453,1092.0,70.0,2.0,178935.0,1.0912907416932285,852.0,106.0,2.0,104.0,196.0,19.0,177.0,57.0,319.0,50.0,13.0,42.0,3.0,23.0,2.0,1.0,3.0,82.0,139.0,229.0,19.0,2.0,2.0,0.0,0.0,0.0,0.0,0.0,0.0,0.0,25.0,0.0,0.0,3.0,17.0,0.0,1.0,0.0,4.0,1.0,24.0,0.0,0.0,0.0,0.0,0.0,0.0,0.0,0.0,1.0,0.0,0.0,0.0,0.0,0.0,0.0,0.0,0.0,0.0,1.0,0.0,0.0,0.0,3.0,10.0,2.0,5.0,7.0,14.0,26.0,13.0,0.0,0.0,0.0,0.0,0.0,0.0,0.0,0.0,2.0,0.0,0.0,0.0,0.0,0.0,0.0,0.0,0.0,0.0,1.0,0.0,0.0,0.0,3.0,17.0,3.0,7.0,8.0,18.0,36.0,17.0
755,1.0,755.0,London_141,cons,151,453,1092.0,70.0,2.0,168969.0,0.9222892066463828,830.0,108.0,0.0,108.0,189.0,0.0,189.0,153.0,299.0,55.0,17.0,46.0,7.0,27.0,0.0,2.0,1.0,82.0,135.0,235.0,15.0,0.0,0.0,0.0,0.0,0.0,0.0,0.0,0.0,0.0,33.0,0.0,5.0,0.0,22.0,0.0,0.0,0.0,6.0,0.0,33.0,0.0,0.0,0.0,0.0,0.0,0.0,0.0,0.0,0.0,0.0,0.0,0.0,0.0,0.0,0.0,0.0,0.0,0.0,6.0,10.0,1.0,1.0,6.0,12.0,14.0,12.0,14.0,24.0,20.0,23.0,0.0,0.0,0.0,0.0,0.0,0.0,0.0,0.0,0.0,0.0,0.0,0.0,0.0,0.0,0.0,0.0,0.0,0.0,8.0,10.0,1.0,2.0,6.0,16.0,26.0,14.0,21.0,36.0,28.0,29.0
756,1.0,756.0,London_141,cons,151,453,1092.0,70.0,2.0,153567.0,0.7847385858185589,796.0,31.0,0.0,31.0,58.0,0.0,58.0,140.0,305.0,50.0,16.0,43.0,8.0,27.0,0.0,4.0,4.0,80.0,132.0,237.0,24.0,7.0,7.0,0.0,0.0,0.0,0.0,0.0,0.0,0.0,0.0,0.0,0.0,0.0,0.0,0.0,0.0,0.0,0.0,0.0,0.0,0.0,0.0,0.0,0.0,0.0,0.0,0.0,0.0,0.0,0.0,0.0,0.0,0.0,0.0,0.0,0.0,0.0,0.0,2.0,4.0,3.0,1.0,2.0,8.0,5.0,8.0,4.0,6.0,11.0,9.0,0.0,0.0,0.0,0.0,0.0,0.0,0.0,0.0,0.0,0.0,0.0,0.0,0.0,0.0,0.0,0.0,0.0,0.0,4.0,5.0,4.0,2.0,2.0,12.0,9.0,19.0,5.0,9.0,17.0,13.0
757,1.0,757.0,London_141,cons,151,453,1092.0,70.0,2.0,184371.0,1.0328949401155114,864.0,148.0,0.0,148.0,261.0,0.0,261.0,66.0,300.0,46.0,16.0,44.0,10.0,32.0,0.0,5.0,4.0,84.0,127.0,238.0,23.0,5.0,5.0,0.0,0.0,0.0,0.0,0.0,0.0,0.0,68.0,0.0,28.0,5.0,31.0,0.0,0.0,0.0,4.0,0.0,68.0,0.0,0.0,0.0,0.0,0.0,0.0,0.0,0.0,0.0,0.0,0.0,0.0,0.0,0.0,0.0,0.0,0.0,0.0,8.0,8.0,4.0,0.0,7.0,17.0,11.0,9.0,23.0,19.0,25.0,24.0,0.0,0.0,0.0,0.0,0.0,0.0,0.0,0.0,0.0,0.0,0.0,0.0,0.0,0.0,0.0,0.0,0.0,0.0,9.0,11.0,4.0,0.0,8.0,23.0,14.0,11.0,29.0,27.0,36.0,32.0
758,1.0,758.0,London_141,cons,151,453,1092.0,70.0,2.0,155832.0,1.0245385952293873,801.0,17.0,2.0,15.0,42.0,17.0,25.0,155.0,294.0,51.0,8.0,56.0,11.0,31.0,1.0,1.0,6.0,85.0,136.0,226.0,24.0,3.0,3.0,0.0,0.0,0.0,0.0,0.0,0.0,0.0,1.0,0.0,0.0,0.0,1.0,0.0,0.0,0.0,0.0,1.0,0.0,0.0,0.0,0.0,0.0,0.0,0.0,0.0,0.0,2.0,0.0,0.0,0.0,0.0,0.0,1.0,0.0,0.0,0.0,0.0,0.0,1.0,0.0,0.0,1.0,1.0,2.0,1.0,2.0,8.0,2.0,0.0,0.0,0.0,0.0,0.0,0.0,0.0,0.0,3.0,0.0,0.0,0.0,0.0,0.0,1.0,0.0,0.0,0.0,0.0,0.0,1.0,0.0,0.0,1.0,2.0,2.0,1.0,2.0,11.0,3.0
759,1.0,759.0,London_141,cons,151,453,1092.0,70.0,2.0,185730.0,0.9236902040429413,867.0,170.0,2.0,168.0,307.0,18.0,289.0,43.0,300.0,45.0,10.0,50.0,13.0,33.0,0.0,2.0,3.0,80.0,129.0,241.0,17.0,2.0,2.0,0.0,0.0,0.0,0.0,0.0,0.0,0.0,88.0,0.0,39.0,3.0,40.0,0.0,0.0,0.0,6.0,2.0,86.0,0.0,0.0,0.0,0.0,0.0,0.0,0.0,0.0,0.0,0.0,0.0,0.0,0.0,0.0,0.0,0.0,0.0,0.0,5.0,9.0,6.0,0.0,7.0,15.0,10.0,8.0,17.0,21.0,26.0,33.0,0.0,0.0,0.0,0.0,0.0,0.0,0.0,0.0,0.0,0.0,0.0,0.0,0.0,0.0,0.0,0.0,0.0,0.0,9.0,14.0,7.0,0.0,7.0,23.0,12.0,10.0,26.0,26.0,35.0,42.0
760,1.0,760.0,London_141,cons,151,453,1092.0,70.0,2.0,151755.0,0.8761158711276948,792.0,165.0,0.0,165.0,285.0,0.0,285.0,171.0,301.0,64.0,16.0,50.0,6.0,12.0,1.0,3.0,2.0,74.0,140.0,237.0,21.0,5.0,5.0,0.0,0.0,0.0,0.0,0.0,0.0,0.0,67.0,0.0,19.0,3.0,34.0,4.0,3.0,0.0,4.0,0.0,67.0,0.0,0.0,0.0,0.0,0.0,0.0,0.0,0.0,0.0,0.0,0.0,0.0,0.0,0.0,0.0,0.0,0.0,0.0,8.0,13.0,6.0,1.0,5.0,21.0,14.0,17.0,15.0,21.0,37.0,28.0,0.0,0.0,0.0,0.0,0.0,0.0,0.0,0.0,0.0,0.0,0.0,0.0,0.0,0.0,0.0,0.0,0.0,0.0,9.0,17.0,7.0,1.0,5.0,30.0,23.0,23.0,18.0,28.0,50.0,36.0
761,1.0,761.0,London_141,cons,151,453,1092.0,70.0,2.0,110079.0,0.5407511279918253,700.0,4.0,2.0,2.0,23.0,19.0,4.0,183.0,300.0,73.0,9.0,47.0,5.0,13.0,0.0,6.0,3.0,87.0,130.0,233.0,20.0,1.0,1.0,0.0,0.0,0.0,0.0,0.0,0.0,0.0,2.0,0.0,0.0,0.0,0.0,1.0,1.0,0.0,0.0,2.0,0.0,0.0,0.0,0.0,0.0,0.0,0.0,0.0,0.0,1.0,0.0,0.0,1.0,0.0,1.0,2.0,0.0,0.0,0.0,0.0,0.0,0.0,0.0,0.0,0.0,0.0,0.0,0.0,1.0,0.0,1.0,0.0,0.0,0.0,0.0,0.0,0.0,0.0,0.0,1.0,0.0,0.0,2.0,0.0,2.0,3.0,0.0,0.0,0.0,0.0,0.0,0.0,0.0,0.0,0.0,0.0,0.0,0.0,3.0,0.0,1.0
762,1.0,762.0,London_141,cons,151,453,1092.0,70.0,2.0,149037.0,0.7659801570698619,786.0,44.0,1.0,43.0,87.0,9.0,78.0,10.0,300.0,77.0,10.0,47.0,1.0,12.0,0.0,6.0,2.0,87.0,130.0,234.0,19.0,4.0,4.0,0.0,0.0,0.0,0.0,0.0,0.0,0.0,1.0,0.0,0.0,0.0,0.0,0.0,1.0,0.0,0.0,1.0,0.0,0.0,0.0,0.0,0.0,0.0,0.0,0.0,0.0,1.0,0.0,0.0,0.0,0.0,1.0,1.0,0.0,0.0,0.0,0.0,2.0,2.0,1.0,2.0,4.0,1.0,1.0,10.0,10.0,14.0,2.0,0.0,0.0,0.0,0.0,0.0,0.0,0.0,0.0,2.0,0.0,0.0,0.0,0.0,3.0,3.0,0.0,0.0,0.0,0.0,5.0,3.0,4.0,3.0,6.0,2.0,2.0,16.0,15.0,18.0,2.0
763,1.0,763.0,London_141,cons,151,453,1092.0,70.0,2.0,165798.0,0.9304092940874398,823.0,87.0,0.0,87.0,150.0,0.0,150.0,85.0,292.0,101.0,10.0,40.0,2.0,4.0,0.0,4.0,4.0,88.0,126.0,235.0,26.0,7.0,7.0,0.0,0.0,0.0,0.0,0.0,0.0,0.0,22.0,0.0,0.0,0.0,15.0,0.0,6.0,0.0,1.0,0.0,22.0,0.0,0.0,0.0,0.0,0.0,0.0,0.0,0.0,0.0,0.0,0.0,0.0,0.0,0.0,0.0,0.0,0.0,0.0,2.0,7.0,4.0,3.0,5.0,21.0,10.0,13.0,14.0,14.0,11.0,23.0,0.0,0.0,0.0,0.0,0.0,0.0,0.0,0.0,0.0,0.0,0.0,0.0,0.0,0.0,0.0,0.0,0.0,0.0,2.0,7.0,4.0,6.0,5.0,32.0,12.0,20.0,17.0,17.0,18.0,33.0
764,1.0,764.0,London_141,cons,151,453,1092.0,70.0,2.0,161268.0,0.9151795646175742,813.0,119.0,0.0,119.0,202.0,0.0,202.0,126.0,301.0,103.0,4.0,30.0,3.0,7.0,1.0,4.0,7.0,91.0,124.0,231.0,26.0,0.0,0.0,0.0,0.0,0.0,0.0,0.0,0.0,0.0,48.0,0.0,0.0,18.0,24.0,0.0,5.0,1.0,0.0,0.0,48.0,0.0,0.0,0.0,0.0,0.0,0.0,0.0,0.0,0.0,0.0,0.0,0.0,0.0,0.0,0.0,0.0,0.0,0.0,6.0,3.0,5.0,2.0,2.0,16.0,7.0,14.0,13.0,14.0,26.0,24.0,0.0,0.0,0.0,0.0,0.0,0.0,0.0,0.0,0.0,0.0,0.0,0.0,0.0,0.0,0.0,0.0,0.0,0.0,6.0,5.0,5.0,3.0,2.0,22.0,9.0,24.0,17.0,19.0,39.0,30.0
765,1.0,765.0,London_141,cons,151,453,1092.0,70.0,2.0,141789.0,0.8715291758999228,770.0,116.0,1.0,115.0,216.0,10.0,206.0,133.0,308.0,76.0,10.0,41.0,3.0,10.0,0.0,5.0,3.0,79.0,122.0,249.0,28.0,0.0,0.0,0.0,0.0,0.0,0.0,0.0,0.0,0.0,44.0,0.0,1.0,4.0,38.0,1.0,0.0,0.0,0.0,1.0,43.0,0.0,0.0,0.0,0.0,0.0,0.0,0.0,0.0,0.0,1.0,0.0,0.0,0.0,1.0,0.0,0.0,0.0,0.0,2.0,0.0,0.0,0.0,5.0,8.0,3.0,1.0,9.0,12.0,27.0,11.0,0.0,0.0,0.0,0.0,0.0,0.0,0.0,0.0,0.0,4.0,0.0,0.0,0.0,4.0,0.0,0.0,0.0,0.0,2.0,0.0,0.0,0.0,5.0,10.0,6.0,1.0,15.0,18.0,42.0,13.0
766,1.0,766.0,London_141,cons,151,453,1092.0,70.0,2.0,113703.0,0.564005880150944,708.0,17.0,0.0,17.0,28.0,0.0,28.0,145.0,330.0,46.0,12.0,44.0,0.0,11.0,3.0,7.0,4.0,78.0,129.0,242.0,21.0,0.0,0.0,0.0,0.0,0.0,0.0,0.0,0.0,0.0,1.0,0.0,0.0,0.0,0.0,1.0,0.0,0.0,0.0,0.0,1.0,0.0,0.0,0.0,0.0,0.0,0.0,0.0,0.0,0.0,0.0,0.0,0.0,0.0,0.0,0.0,0.0,0.0,0.0,1.0,2.0,0.0,0.0,2.0,6.0,2.0,4.0,3.0,2.0,4.0,5.0,0.0,0.0,0.0,0.0,0.0,0.0,0.0,0.0,0.0,0.0,0.0,0.0,0.0,0.0,0.0,0.0,0.0,0.0,2.0,4.0,0.0,0.0,2.0,9.0,4.0,6.0,5.0,2.0,5.0,6.0
767,1.0,767.0,London_141,cons,151,453,1092.0,70.0,2.0,140430.0,0.7518616341985762,767.0,108.0,2.0,106.0,186.0,17.0,169.0,27.0,330.0,45.0,16.0,43.0,2.0,9.0,3.0,5.0,4.0,79.0,133.0,237.0,20.0,2.0,2.0,0.0,0.0,0.0,0.0,0.0,0.0,0.0,35.0,0.0,24.0,0.0,10.0,0.0,0.0,0.0,1.0,2.0,33.0,0.0,0.0,0.0,0.0,0.0,0.0,0.0,0.0,0.0,0.0,0.0,0.0,0.0,0.0,0.0,0.0,0.0,0.0,9.0,6.0,7.0,2.0,10.0,18.0,9.0,10.0,16.0,13.0,21.0,27.0,0.0,0.0,0.0,0.0,0.0,0.0,0.0,0.0,0.0,0.0,0.0,0.0,0.0,0.0,0.0,0.0,0.0,0.0,13.0,6.0,7.0,3.0,10.0,23.0,11.0,11.0,22.0,18.0,29.0,33.0
768,1.0,768.0,London_141,cons,151,453,1092.0,70.0,2.0,121404.0,0.667159812990576,725.0,52.0,1.0,51.0,106.0,12.0,94.0,128.0,325.0,52.0,20.0,34.0,4.0,17.0,1.0,0.0,2.0,76.0,131.0,244.0,12.0,6.0,6.0,0.0,0.0,0.0,0.0,0.0,0.0,0.0,1.0,0.0,0.0,0.0,0.0,0.0,1.0,0.0,0.0,1.0,0.0,0.0,0.0,0.0,0.0,0.0,0.0,0.0,0.0,1.0,0.0,0.0,1.0,0.0,0.0,1.0,0.0,0.0,0.0,2.0,6.0,0.0,1.0,0.0,3.0,5.0,0.0,8.0,9.0,9.0,11.0,0.0,0.0,0.0,0.0,0.0,0.0,0.0,0.0,1.0,0.0,0.0,3.0,0.0,0.0,1.0,0.0,0.0,0.0,3.0,11.0,0.0,1.0,0.0,4.0,9.0,0.0,11.0,18.0,14.0,12.0
769,1.0,769.0,London_141,cons,151,453,1092.0,70.0,2.0,142242.0,0.8215357917360961,771.0,94.0,2.0,92.0,169.0,19.0,150.0,105.0,326.0,45.0,17.0,42.0,2.0,16.0,1.0,4.0,4.0,77.0,131.0,241.0,14.0,4.0,4.0,0.0,0.0,0.0,0.0,0.0,0.0,0.0,17.0,0.0,1.0,0.0,15.0,0.0,1.0,0.0,0.0,2.0,15.0,0.0,0.0,0.0,0.0,0.0,0.0,0.0,0.0,0.0,0.0,0.0,0.0,0.0,0.0,0.0,0.0,0.0,0.0,10.0,7.0,5.0,2.0,7.0,13.0,8.0,13.0,17.0,16.0,19.0,25.0,0.0,0.0,0.0,0.0,0.0,0.0,0.0,0.0,0.0,0.0,0.0,0.0,0.0,0.0,0.0,0.0,0.0,0.0,16.0,12.0,6.0,2.0,7.0,21.0,10.0,24.0,22.0,23.0,25.0,41.0
770,1.0,770.0,London_141,cons,151,453,1092.0,70.0,2.0,148131.0,0.8557947035878897,784.0,1.0,0.0,1.0,3.0,0.0,3.0,137.0,323.0,48.0,10.0,49.0,2.0,12.0,4.0,5.0,3.0,68.0,133.0,249.0,15.0,7.0,7.0,0.0,0.0,0.0,0.0,0.0,0.0,0.0,0.0,0.0,0.0,0.0,0.0,0.0,0.0,0.0,0.0,0.0,0.0,0.0,0.0,0.0,0.0,0.0,0.0,0.0,0.0,0.0,0.0,0.0,0.0,0.0,0.0,0.0,0.0,0.0,0.0,0.0,0.0,1.0,0.0,0.0,0.0,1.0,1.0,0.0,0.0,0.0,1.0,0.0,0.0,0.0,0.0,0.0,0.0,0.0,0.0,0.0,0.0,0.0,0.0,0.0,0.0,0.0,0.0,0.0,0.0,0.0,0.0,1.0,0.0,0.0,0.0,2.0,1.0,0.0,0.0,0.0,1.0
771,1.0,771.0,London_141,cons,151,453,1092.0,70.0,2.0,188901.0,1.1448421948589385,874.0,149.0,0.0,149.0,253.0,0.0,253.0,10.0,317.0,55.0,10.0,47.0,2.0,13.0,4.0,5.0,3.0,70.0,133.0,247.0,17.0,7.0,7.0,0.0,0.0,0.0,0.0,0.0,0.0,0.0,75.0,0.0,18.0,13.0,36.0,1.0,6.0,0.0,1.0,0.0,75.0,0.0,0.0,0.0,0.0,0.0,0.0,0.0,0.0,0.0,0.0,0.0,0.0,0.0,0.0,0.0,0.0,0.0,0.0,17.0,11.0,2.0,5.0,5.0,18.0,20.0,17.0,18.0,18.0,30.0,31.0,0.0,0.0,0.0,0.0,0.0,0.0,0.0,0.0,0.0,0.0,0.0,0.0,0.0,0.0,0.0,0.0,0.0,0.0,22.0,13.0,2.0,6.0,5.0,21.0,29.0,18.0,22.0,21.0,39.0,34.0
772,1.0,772.0,London_141,cons,151,453,1092.0,70.0,2.0,163986.0,0.9698052150197327,819.0,53.0,1.0,52.0,98.0,9.0,89.0,154.0,315.0,57.0,15.0,46.0,10.0,6.0,0.0,4.0,4.0,63.0,133.0,253.0,19.0,0.0,0.0,0.0,0.0,0.0,0.0,0.0,0.0,0.0,2.0,0.0,0.0,0.0,0.0,0.0,1.0,1.0,0.0,1.0,1.0,0.0,0.0,0.0,0.0,0.0,0.0,0.0,0.0,1.0,0.0,0.0,0.0,0.0,0.0,1.0,0.0,0.0,0.0,1.0,5.0,3.0,0.0,0.0,9.0,3.0,10.0,8.0,14.0,9.0,20.0,0.0,0.0,0.0,0.0,0.0,0.0,0.0,0.0,1.0,0.0,0.0,0.0,0.0,0.0,1.0,0.0,0.0,0.0,2.0,8.0,3.0,0.0,0.0,17.0,3.0,11.0,10.0,20.0,15.0,25.0
773,1.0,773.0,London_141,cons,151,453,1092.0,70.0,2.0,175764.0,0.9584404160268605,845.0,58.0,0.0,58.0,97.0,0.0,97.0,92.0,318.0,53.0,20.0,30.0,10.0,14.0,0.0,8.0,4.0,65.0,135.0,249.0,14.0,1.0,1.0,0.0,0.0,0.0,0.0,0.0,0.0,0.0,8.0,0.0,0.0,0.0,8.0,0.0,0.0,0.0,0.0,0.0,8.0,0.0,0.0,0.0,0.0,0.0,0.0,0.0,0.0,0.0,0.0,0.0,0.0,0.0,0.0,0.0,0.0,0.0,0.0,2.0,4.0,9.0,1.0,4.0,11.0,6.0,10.0,9.0,5.0,6.0,8.0,0.0,0.0,0.0,0.0,0.0,0.0,0.0,0.0,0.0,0.0,0.0,0.0,0.0,0.0,0.0,0.0,0.0,0.0,2.0,4.0,10.0,2.0,4.0,12.0,11.0,17.0,14.0,6.0,12.0,10.0
774,1.0,774.0,London_141,cons,151,453,1092.0,70.0,2.0,200679.0,1.1612565838731825,900.0,125.0,2.0,123.0,245.0,20.0,225.0,89.0,322.0,42.0,23.0,30.0,13.0,15.0,1.0,7.0,3.0,67.0,143.0,240.0,15.0,6.0,6.0,0.0,0.0,0.0,0.0,0.0,0.0,0.0,48.0,0.0,29.0,0.0,15.0,0.0,1.0,2.0,1.0,2.0,46.0,0.0,0.0,0.0,0.0,0.0,0.0,0.0,0.0,1.0,1.0,0.0,1.0,0.0,1.0,0.0,0.0,0.0,0.0,7.0,3.0,0.0,0.0,1.0,7.0,8.0,6.0,6.0,13.0,20.0,16.0,0.0,0.0,0.0,0.0,0.0,0.0,0.0,0.0,1.0,1.0,0.0,1.0,0.0,2.0,0.0,0.0,0.0,0.0,7.0,5.0,0.0,0.0,1.0,7.0,12.0,7.0,6.0,22.0,25.0,20.0
775,1.0,775.0,London_141,cons,151,453,1092.0,70.0,2.0,182106.0,0.9826926938258111,859.0,143.0,2.0,141.0,258.0,20.0,238.0,146.0,326.0,54.0,5.0,41.0,14.0,8.0,0.0,5.0,8.0,59.0,152.0,234.0,15.0,3.0,3.0,0.0,0.0,0.0,0.0,0.0,0.0,0.0,70.0,0.0,20.0,9.0,30.0,0.0,7.0,1.0,3.0,2.0,68.0,0.0,0.0,0.0,0.0,0.0,0.0,0.0,0.0,0.0,0.0,0.0,0.0,0.0,0.0,0.0,0.0,0.0,0.0,12.0,10.0,5.0,2.0,7.0,18.0,14.0,13.0,21.0,21.0,25.0,30.0,0.0,0.0,0.0,0.0,0.0,0.0,0.0,0.0,0.0,0.0,0.0,0.0,0.0,0.0,0.0,0.0,0.0,0.0,12.0,15.0,5.0,3.0,7.0,22.0,18.0,22.0,27.0,29.0,29.0,35.0
776,1.0,776.0,London_141,cons,151,453,1092.0,70.0,2.0,151755.0,1.2107091611251235,792.0,51.0,1.0,50.0,104.0,10.0,94.0,152.0,323.0,62.0,7.0,40.0,6.0,13.0,2.0,0.0,7.0,63.0,141.0,242.0,35.0,4.0,4.0,0.0,0.0,0.0,0.0,0.0,0.0,0.0,7.0,0.0,0.0,1.0,3.0,0.0,0.0,0.0,3.0,1.0,6.0,0.0,0.0,0.0,0.0,0.0,0.0,0.0,0.0,0.0,0.0,0.0,0.0,0.0,0.0,1.0,0.0,0.0,0.0,6.0,7.0,2.0,2.0,9.0,10.0,9.0,5.0,9.0,10.0,13.0,8.0,0.0,0.0,0.0,0.0,0.0,0.0,0.0,0.0,0.0,0.0,0.0,0.0,0.0,0.0,1.0,0.0,0.0,0.0,7.0,7.0,2.0,4.0,11.0,15.0,15.0,7.0,16.0,13.0,23.0,11.0
777,1.0,777.0,London_141,cons,151,453,1092.0,70.0,2.0,169875.0,1.3360573244281113,832.0,207.0,2.0,205.0,360.0,18.0,342.0,90.0,315.0,82.0,8.0,29.0,5.0,12.0,0.0,2.0,7.0,56.0,144.0,246.0,29.0,3.0,3.0,0.0,0.0,0.0,0.0,0.0,0.0,0.0,125.0,0.0,43.0,7.0,52.0,0.0,13.0,3.0,7.0,2.0,123.0,0.0,0.0,0.0,0.0,0.0,0.0,0.0,0.0,0.0,0.0,0.0,0.0,0.0,0.0,0.0,0.0,0.0,0.0,7.0,10.0,4.0,0.0,7.0,17.0,19.0,20.0,22.0,24.0,24.0,19.0,0.0,0.0,0.0,0.0,0.0,0.0,0.0,0.0,0.0,0.0,0.0,0.0,0.0,0.0,0.0,0.0,0.0,0.0,7.0,14.0,4.0,0.0,8.0,22.0,26.0,28.0,32.0,32.0,33.0,25.0
778,1.0,778.0,London_141,cons,151,453,1092.0,70.0,2.0,97395.0,0.4877730617299676,672.0,31.0,0.0,31.0,54.0,0.0,54.0,160.0,315.0,59.0,10.0,48.0,7.0,12.0,0.0,2.0,4.0,70.0,145.0,234.0,26.0,1.0,1.0,0.0,0.0,0.0,0.0,0.0,0.0,0.0,0.0,0.0,0.0,0.0,0.0,0.0,0.0,0.0,0.0,0.0,0.0,0.0,0.0,0.0,0.0,0.0,0.0,0.0,0.0,0.0,0.0,0.0,0.0,0.0,0.0,0.0,0.0,0.0,0.0,4.0,8.0,4.0,3.0,3.0,7.0,9.0,3.0,6.0,6.0,13.0,8.0,0.0,0.0,0.0,0.0,0.0,0.0,0.0,0.0,0.0,0.0,0.0,0.0,0.0,0.0,0.0,0.0,0.0,0.0,7.0,12.0,4.0,3.0,3.0,17.0,12.0,5.0,12.0,10.0,21.0,10.0
779,1.0,779.0,London_141,cons,151,453,1092.0,70.0,2.0,110985.0,0.5864817937836051,702.0,21.0,2.0,19.0,54.0,20.0,34.0,58.0,318.0,69.0,10.0,38.0,3.0,12.0,0.0,3.0,3.0,75.0,146.0,229.0,29.0,7.0,7.0,0.0,0.0,0.0,0.0,0.0,0.0,0.0,2.0,0.0,0.0,0.0,1.0,0.0,1.0,0.0,0.0,2.0,0.0,0.0,0.0,0.0,0.0,0.0,0.0,0.0,0.0,1.0,0.0,0.0,1.0,0.0,1.0,1.0,0.0,0.0,0.0,0.0,0.0,0.0,1.0,0.0,2.0,2.0,2.0,0.0,1.0,8.0,1.0,0.0,0.0,0.0,0.0,0.0,0.0,0.0,0.0,2.0,0.0,0.0,2.0,0.0,3.0,2.0,0.0,0.0,0.0,0.0,0.0,0.0,1.0,0.0,2.0,2.0,4.0,0.0,1.0,13.0,2.0
780,1.0,780.0,London_141,cons,151,453,1092.0,70.0,2.0,135900.0,0.7988974512554705,757.0,94.0,0.0,94.0,169.0,0.0,169.0,48.0,311.0,79.0,8.0,38.0,3.0,11.0,0.0,3.0,3.0,74.0,148.0,228.0,30.0,4.0,4.0,0.0,0.0,0.0,0.0,0.0,0.0,0.0,13.0,0.0,2.0,2.0,3.0,0.0,6.0,0.0,0.0,0.0,13.0,0.0,0.0,0.0,0.0,0.0,0.0,0.0,0.0,0.0,0.0,0.0,0.0,0.0,0.0,0.0,0.0,0.0,0.0,4.0,10.0,5.0,2.0,8.0,16.0,8.0,9.0,14.0,12.0,21.0,25.0,0.0,0.0,0.0,0.0,0.0,0.0,0.0,0.0,0.0,0.0,0.0,0.0,0.0,0.0,0.0,0.0,0.0,0.0,5.0,13.0,7.0,3.0,8.0,21.0,17.0,18.0,23.0,19.0,33.0,36.0
781,1.0,781.0,London_141,cons,151,453,1092.0,70.0,2.0,128199.0,0.699546379968524,740.0,41.0,0.0,41.0,63.0,0.0,63.0,153.0,319.0,59.0,12.0,44.0,10.0,8.0,0.0,1.0,4.0,68.0,159.0,222.0,15.0,0.0,0.0,0.0,0.0,0.0,0.0,0.0,0.0,0.0,0.0,0.0,0.0,0.0,0.0,0.0,0.0,0.0,0.0,0.0,0.0,0.0,0.0,0.0,0.0,0.0,0.0,0.0,0.0,0.0,0.0,0.0,0.0,0.0,0.0,0.0,0.0,0.0,0.0,2.0,5.0,2.0,1.0,3.0,6.0,4.0,7.0,6.0,5.0,8.0,5.0,0.0,0.0,0.0,0.0,0.0,0.0,0.0,0.0,0.0,0.0,0.0,0.0,0.0,0.0,0.0,0.0,0.0,0.0,3.0,7.0,2.0,2.0,3.0,7.0,6.0,10.0,6.0,8.0,11.0,6.0
782,1.0,782.0,London_141,cons,151,453,1092.0,70.0,2.0,149037.0,0.8417158150114119,786.0,59.0,2.0,57.0,114.0,17.0,97.0,65.0,319.0,56.0,20.0,43.0,8.0,6.0,1.0,0.0,4.0,72.0,152.0,225.0,15.0,4.0,4.0,0.0,0.0,0.0,0.0,0.0,0.0,0.0,5.0,0.0,1.0,0.0,0.0,0.0,1.0,0.0,3.0,2.0,3.0,0.0,0.0,0.0,0.0,0.0,0.0,0.0,0.0,1.0,0.0,0.0,1.0,0.0,0.0,0.0,0.0,0.0,0.0,1.0,3.0,7.0,0.0,1.0,6.0,3.0,3.0,3.0,12.0,14.0,12.0,0.0,0.0,0.0,0.0,0.0,0.0,0.0,0.0,1.0,0.0,0.0,1.0,0.0,0.0,0.0,0.0,0.0,0.0,1.0,9.0,8.0,0.0,1.0,10.0,3.0,5.0,3.0,18.0,16.0,16.0
783,1.0,783.0,London_141,cons,151,453,1092.0,70.0,2.0,161268.0,0.8524170159362257,813.0,141.0,0.0,141.0,240.0,0.0,240.0,102.0,324.0,49.0,22.0,38.0,8.0,9.0,0.0,3.0,5.0,70.0,155.0,223.0,20.0,10.0,10.0,0.0,0.0,0.0,0.0,0.0,0.0,0.0,66.0,0.0,12.0,0.0,41.0,0.0,5.0,0.0,8.0,0.0,66.0,0.0,0.0,0.0,0.0,0.0,0.0,0.0,0.0,0.0,0.0,0.0,0.0,0.0,0.0,0.0,0.0,0.0,0.0,4.0,8.0,8.0,4.0,7.0,16.0,9.0,15.0,10.0,19.0,22.0,21.0,0.0,0.0,0.0,0.0,0.0,0.0,0.0,0.0,0.0,0.0,0.0,0.0,0.0,0.0,0.0,0.0,0.0,0.0,7.0,10.0,8.0,5.0,7.0,19.0,13.0,18.0,16.0,24.0,31.0,28.0
784,1.0,784.0,London_141,cons,151,453,1092.0,70.0,2.0,144507.0,0.7939690491184592,776.0,9.0,2.0,7.0,28.0,17.0,11.0,151.0,320.0,54.0,15.0,42.0,8.0,10.0,2.0,2.0,7.0,77.0,160.0,209.0,14.0,6.0,6.0,0.0,0.0,0.0,0.0,0.0,0.0,0.0,2.0,0.0,0.0,0.0,1.0,0.0,1.0,0.0,0.0,2.0,0.0,0.0,0.0,0.0,0.0,0.0,0.0,0.0,0.0,0.0,0.0,0.0,1.0,1.0,0.0,1.0,0.0,0.0,0.0,0.0,0.0,0.0,0.0,0.0,0.0,0.0,1.0,1.0,2.0,1.0,0.0,0.0,0.0,0.0,0.0,0.0,0.0,0.0,0.0,0.0,0.0,0.0,5.0,3.0,0.0,1.0,0.0,0.0,0.0,0.0,0.0,0.0,0.0,0.0,0.0,0.0,2.0,1.0,3.0,1.0,0.0
785,1.0,785.0,London_141,cons,151,453,1092.0,70.0,2.0,186183.0,2.038785445969552,868.0,38.0,0.0,38.0,65.0,0.0,65.0,24.0,317.0,53.0,20.0,40.0,7.0,12.0,2.0,2.0,8.0,77.0,151.0,217.0,16.0,2.0,2.0,0.0,0.0,0.0,0.0,0.0,0.0,0.0,1.0,0.0,0.0,0.0,0.0,0.0,0.0,0.0,1.0,0.0,1.0,0.0,0.0,0.0,0.0,0.0,0.0,0.0,0.0,0.0,0.0,0.0,0.0,0.0,0.0,0.0,0.0,0.0,0.0,1.0,6.0,9.0,0.0,1.0,8.0,5.0,8.0,4.0,7.0,8.0,8.0,0.0,0.0,0.0,0.0,0.0,0.0,0.0,0.0,0.0,0.0,0.0,0.0,0.0,0.0,0.0,0.0,0.0,0.0,2.0,8.0,9.0,0.0,1.0,9.0,7.0,12.0,4.0,10.0,11.0,12.0
786,1.0,786.0,London_141,cons,151,453,1092.0,70.0,2.0,216534.0,1.2051673890091479,935.0,160.0,1.0,159.0,281.0,8.0,273.0,66.0,326.0,54.0,23.0,31.0,8.0,9.0,0.0,2.0,6.0,81.0,154.0,212.0,16.0,3.0,3.0,0.0,0.0,0.0,0.0,0.0,0.0,0.0,83.0,0.0,27.0,2.0,39.0,0.0,8.0,1.0,6.0,1.0,82.0,0.0,0.0,0.0,0.0,0.0,0.0,0.0,0.0,0.0,0.0,0.0,0.0,0.0,0.0,0.0,0.0,0.0,0.0,9.0,8.0,4.0,0.0,8.0,21.0,12.0,11.0,27.0,14.0,23.0,26.0,0.0,0.0,0.0,0.0,0.0,0.0,0.0,0.0,0.0,0.0,0.0,0.0,0.0,0.0,0.0,0.0,0.0,0.0,12.0,11.0,4.0,0.0,8.0,30.0,15.0,14.0,40.0,19.0,30.0,32.0
787,1.0,787.0,London_141,cons,151,453,1092.0,70.0,2.0,183465.0,0.9841631990857422,862.0,188.0,2.0,186.0,333.0,18.0,315.0,150.0,333.0,51.0,8.0,48.0,4.0,6.0,1.0,2.0,3.0,74.0,149.0,227.0,19.0,2.0,2.0,0.0,0.0,0.0,0.0,0.0,0.0,0.0,114.0,0.0,35.0,8.0,48.0,0.0,16.0,1.0,6.0,2.0,112.0,0.0,0.0,0.0,0.0,0.0,0.0,0.0,0.0,0.0,0.0,0.0,0.0,1.0,0.0,0.0,0.0,0.0,0.0,7.0,15.0,11.0,0.0,4.0,11.0,15.0,21.0,16.0,24.0,26.0,19.0,0.0,0.0,0.0,0.0,0.0,0.0,0.0,0.0,0.0,0.0,0.0,0.0,3.0,0.0,0.0,0.0,0.0,0.0,7.0,18.0,13.0,0.0,4.0,12.0,25.0,25.0,22.0,30.0,33.0,23.0
788,1.0,788.0,London_141,cons,151,453,1092.0,70.0,2.0,122310.0,0.5903913038782775,727.0,0.0,0.0,0.0,0.0,0.0,0.0,150.0,333.0,56.0,7.0,37.0,3.0,11.0,0.0,6.0,8.0,77.0,148.0,220.0,24.0,1.0,1.0,0.0,0.0,0.0,0.0,0.0,0.0,0.0,0.0,0.0,0.0,0.0,0.0,0.0,0.0,0.0,0.0,0.0,0.0,0.0,0.0,0.0,0.0,0.0,0.0,0.0,0.0,0.0,0.0,0.0,0.0,0.0,0.0,0.0,0.0,0.0,0.0,0.0,0.0,0.0,0.0,0.0,0.0,0.0,0.0,0.0,0.0,0.0,0.0,0.0,0.0,0.0,0.0,0.0,0.0,0.0,0.0,0.0,0.0,0.0,0.0,0.0,0.0,0.0,0.0,0.0,0.0,0.0,0.0,0.0,0.0,0.0,0.0,0.0,0.0,0.0,0.0,0.0,0.0
789,1.0,789.0,London_141,cons,151,453,1092.0,70.0,2.0,157191.0,0.8583855577744544,804.0,103.0,2.0,101.0,189.0,19.0,170.0,1.0,332.0,56.0,7.0,38.0,3.0,11.0,0.0,6.0,8.0,77.0,147.0,221.0,24.0,2.0,2.0,0.0,0.0,0.0,0.0,0.0,0.0,0.0,28.0,0.0,10.0,6.0,7.0,0.0,5.0,0.0,0.0,2.0,26.0,0.0,0.0,0.0,0.0,0.0,0.0,0.0,0.0,1.0,0.0,0.0,0.0,0.0,0.0,2.0,0.0,0.0,0.0,6.0,11.0,1.0,4.0,6.0,13.0,9.0,13.0,11.0,9.0,17.0,18.0,0.0,0.0,0.0,0.0,0.0,0.0,0.0,0.0,1.0,0.0,0.0,0.0,0.0,0.0,3.0,0.0,0.0,0.0,7.0,14.0,1.0,7.0,6.0,18.0,11.0,19.0,18.0,15.0,21.0,27.0
790,1.0,790.0,London_141,cons,151,453,1092.0,70.0,2.0,145413.0,0.7795891938731074,778.0,94.0,0.0,94.0,166.0,0.0,166.0,136.0,331.0,52.0,11.0,35.0,5.0,9.0,0.0,10.0,6.0,84.0,145.0,218.0,18.0,8.0,8.0,0.0,0.0,0.0,0.0,0.0,0.0,0.0,25.0,0.0,4.0,3.0,12.0,0.0,6.0,0.0,0.0,0.0,25.0,0.0,0.0,0.0,0.0,0.0,0.0,0.0,0.0,0.0,0.0,0.0,0.0,0.0,0.0,0.0,0.0,0.0,0.0,8.0,11.0,7.0,0.0,5.0,24.0,8.0,9.0,14.0,17.0,15.0,20.0,0.0,0.0,0.0,0.0,0.0,0.0,0.0,0.0,0.0,0.0,0.0,0.0,0.0,0.0,0.0,0.0,0.0,0.0,13.0,16.0,7.0,0.0,5.0,32.0,11.0,13.0,19.0,24.0,18.0,29.0
791,1.0,791.0,London_141,cons,151,453,1092.0,70.0,2.0,138618.0,0.6891061817295849,763.0,88.0,0.0,88.0,159.0,0.0,159.0,138.0,328.0,50.0,9.0,46.0,3.0,10.0,0.0,7.0,4.0,81.0,141.0,227.0,18.0,2.0,2.0,0.0,0.0,0.0,0.0,0.0,0.0,0.0,13.0,0.0,3.0,2.0,7.0,0.0,1.0,0.0,0.0,0.0,13.0,0.0,0.0,0.0,0.0,0.0,0.0,0.0,0.0,0.0,0.0,0.0,0.0,0.0,0.0,0.0,0.0,0.0,0.0,4.0,11.0,5.0,1.0,9.0,13.0,9.0,6.0,18.0,14.0,21.0,23.0,0.0,0.0,0.0,0.0,0.0,0.0,0.0,0.0,0.0,0.0,0.0,0.0,0.0,0.0,0.0,0.0,0.0,0.0,5.0,15.0,5.0,1.0,9.0,18.0,15.0,8.0,29.0,20.0,29.0,32.0
792,1.0,792.0,London_141,cons,151,453,1092.0,70.0,2.0,134994.0,0.7755355122499168,755.0,118.0,3.0,115.0,225.0,25.0,200.0,143.0,332.0,55.0,14.0,23.0,8.0,17.0,1.0,3.0,4.0,86.0,141.0,222.0,13.0,5.0,5.0,0.0,0.0,0.0,0.0,0.0,0.0,0.0,50.0,0.0,11.0,4.0,27.0,1.0,2.0,0.0,5.0,3.0,47.0,0.0,0.0,0.0,0.0,0.0,0.0,0.0,0.0,0.0,3.0,0.0,0.0,1.0,1.0,0.0,0.0,0.0,0.0,4.0,0.0,0.0,2.0,3.0,3.0,5.0,5.0,3.0,20.0,19.0,11.0,0.0,0.0,0.0,0.0,0.0,0.0,0.0,0.0,0.0,5.0,0.0,0.0,1.0,1.0,0.0,0.0,0.0,0.0,5.0,0.0,0.0,3.0,3.0,4.0,7.0,8.0,3.0,27.0,25.0,15.0
793,1.0,793.0,London_141,cons,151,453,1092.0,70.0,2.0,121404.0,0.6839672503992915,725.0,1.0,1.0,0.0,10.0,10.0,0.0,137.0,330.0,49.0,9.0,41.0,2.0,15.0,1.0,6.0,2.0,92.0,135.0,224.0,19.0,5.0,5.0,0.0,0.0,0.0,0.0,0.0,0.0,0.0,1.0,0.0,0.0,0.0,1.0,0.0,0.0,0.0,0.0,1.0,0.0,0.0,0.0,0.0,0.0,0.0,0.0,0.0,0.0,1.0,0.0,0.0,1.0,0.0,0.0,1.0,0.0,0.0,0.0,0.0,0.0,0.0,0.0,0.0,0.0,0.0,0.0,0.0,0.0,0.0,0.0,0.0,0.0,0.0,0.0,0.0,0.0,0.0,0.0,2.0,0.0,0.0,2.0,0.0,0.0,4.0,0.0,0.0,0.0,0.0,0.0,0.0,0.0,0.0,0.0,0.0,0.0,0.0,0.0,0.0,0.0
794,1.0,794.0,London_141,cons,151,453,1092.0,70.0,2.0,173499.0,1.0174668128602207,840.0,114.0,1.0,113.0,213.0,7.0,206.0,12.0,326.0,54.0,10.0,38.0,2.0,16.0,1.0,6.0,2.0,93.0,135.0,223.0,18.0,8.0,8.0,0.0,0.0,0.0,0.0,0.0,0.0,0.0,47.0,0.0,3.0,10.0,29.0,0.0,0.0,1.0,4.0,1.0,46.0,0.0,0.0,0.0,0.0,0.0,0.0,0.0,0.0,1.0,0.0,0.0,0.0,0.0,0.0,1.0,0.0,0.0,0.0,2.0,10.0,7.0,0.0,5.0,20.0,10.0,8.0,19.0,13.0,16.0,25.0,0.0,0.0,0.0,0.0,0.0,0.0,0.0,0.0,1.0,0.0,0.0,0.0,0.0,0.0,1.0,0.0,0.0,0.0,3.0,14.0,7.0,0.0,5.0,29.0,11.0,10.0,24.0,18.0,20.0,32.0
795,1.0,795.0,London_141,cons,151,453,1092.0,70.0,2.0,161721.0,0.9372617062181234,814.0,100.0,0.0,100.0,169.0,0.0,169.0,138.0,332.0,48.0,7.0,36.0,6.0,19.0,2.0,3.0,6.0,85.0,134.0,228.0,16.0,7.0,7.0,0.0,0.0,0.0,0.0,0.0,0.0,0.0,39.0,0.0,14.0,3.0,19.0,0.0,0.0,0.0,3.0,0.0,39.0,0.0,0.0,0.0,0.0,0.0,0.0,0.0,0.0,0.0,0.0,0.0,0.0,0.0,0.0,0.0,0.0,0.0,0.0,3.0,8.0,13.0,1.0,1.0,24.0,10.0,13.0,20.0,12.0,15.0,22.0,0.0,0.0,0.0,0.0,0.0,0.0,0.0,0.0,0.0,0.0,0.0,0.0,0.0,0.0,0.0,0.0,0.0,0.0,4.0,8.0,13.0,1.0,1.0,29.0,15.0,18.0,37.0,19.0,20.0,34.0
796,1.0,796.0,London_141,cons,151,453,1092.0,70.0,2.0,151302.0,0.888612937182188,791.0,48.0,2.0,46.0,103.0,19.0,84.0,124.0,325.0,47.0,10.0,34.0,11.0,22.0,1.0,3.0,3.0,76.0,147.0,227.0,18.0,0.0,0.0,0.0,0.0,0.0,0.0,0.0,0.0,0.0,5.0,0.0,0.0,0.0,4.0,0.0,1.0,0.0,0.0,1.0,4.0,0.0,0.0,0.0,0.0,0.0,0.0,0.0,0.0,1.0,0.0,0.0,0.0,0.0,0.0,0.0,0.0,0.0,0.0,0.0,1.0,0.0,0.0,0.0,5.0,2.0,2.0,5.0,9.0,6.0,5.0,0.0,0.0,0.0,0.0,0.0,0.0,0.0,0.0,3.0,0.0,0.0,0.0,0.0,0.0,0.0,0.0,0.0,0.0,0.0,1.0,0.0,0.0,0.0,5.0,3.0,2.0,6.0,16.0,9.0,7.0
797,1.0,797.0,London_141,cons,151,453,1092.0,70.0,2.0,159909.0,0.9782694079913199,810.0,107.0,0.0,107.0,181.0,0.0,181.0,95.0,316.0,58.0,10.0,31.0,10.0,23.0,2.0,3.0,7.0,75.0,140.0,231.0,11.0,2.0,2.0,0.0,0.0,0.0,0.0,0.0,0.0,0.0,30.0,0.0,0.0,3.0,25.0,0.0,0.0,2.0,0.0,0.0,30.0,0.0,0.0,0.0,0.0,0.0,0.0,0.0,0.0,0.0,0.0,0.0,0.0,0.0,0.0,0.0,0.0,0.0,0.0,8.0,7.0,6.0,5.0,2.0,17.0,11.0,17.0,13.0,12.0,17.0,18.0,0.0,0.0,0.0,0.0,0.0,0.0,0.0,0.0,0.0,0.0,0.0,0.0,0.0,0.0,0.0,0.0,0.0,0.0,8.0,9.0,6.0,8.0,2.0,21.0,16.0,32.0,21.0,15.0,24.0,23.0
798,1.0,798.0,London_141,cons,151,453,1092.0,70.0,2.0,154020.0,0.8152503180317581,797.0,53.0,0.0,53.0,91.0,0.0,91.0,133.0,319.0,54.0,6.0,45.0,9.0,17.0,2.0,1.0,4.0,74.0,135.0,240.0,19.0,8.0,8.0,0.0,0.0,0.0,0.0,0.0,0.0,0.0,0.0,0.0,0.0,0.0,0.0,0.0,0.0,0.0,0.0,0.0,0.0,0.0,0.0,0.0,0.0,0.0,0.0,0.0,0.0,0.0,0.0,0.0,0.0,0.0,0.0,0.0,0.0,0.0,0.0,6.0,4.0,1.0,1.0,2.0,8.0,11.0,8.0,12.0,7.0,9.0,25.0,0.0,0.0,0.0,0.0,0.0,0.0,0.0,0.0,0.0,0.0,0.0,0.0,0.0,0.0,0.0,0.0,0.0,0.0,8.0,6.0,1.0,2.0,2.0,11.0,18.0,11.0,15.0,11.0,14.0,33.0
799,1.0,799.0,London_141,cons,151,453,1092.0,70.0,2.0,175764.0,0.9802856692112982,845.0,125.0,0.0,125.0,223.0,0.0,223.0,99.0,323.0,48.0,8.0,42.0,7.0,22.0,1.0,2.0,8.0,77.0,136.0,232.0,27.0,6.0,6.0,0.0,0.0,0.0,0.0,0.0,0.0,0.0,60.0,0.0,31.0,3.0,22.0,1.0,0.0,0.0,3.0,0.0,60.0,0.0,0.0,0.0,0.0,0.0,0.0,0.0,0.0,0.0,0.0,0.0,0.0,0.0,0.0,0.0,0.0,0.0,0.0,5.0,17.0,6.0,1.0,6.0,16.0,11.0,13.0,16.0,22.0,18.0,23.0,0.0,0.0,0.0,0.0,0.0,0.0,0.0,0.0,0.0,0.0,0.0,0.0,0.0,0.0,0.0,0.0,0.0,0.0,8.0,21.0,6.0,1.0,6.0,21.0,14.0,16.0,24.0,31.0,24.0,30.0
800,1.0,800.0,London_141,cons,151,453,1092.0,70.0,2.0,152208.0,0.8444125228561461,793.0,135.0,2.0,133.0,249.0,17.0,232.0,138.0,322.0,52.0,17.0,40.0,1.0,19.0,0.0,2.0,4.0,73.0,143.0,233.0,10.0,12.0,12.0,0.0,0.0,0.0,0.0,0.0,0.0,0.0,70.0,0.0,40.0,0.0,26.0,2.0,1.0,0.0,1.0,2.0,68.0,0.0,0.0,0.0,0.0,0.0,0.0,0.0,0.0,0.0,0.0,0.0,0.0,0.0,0.0,0.0,0.0,0.0,0.0,9.0,7.0,2.0,1.0,11.0,16.0,14.0,13.0,16.0,16.0,26.0,21.0,0.0,0.0,0.0,0.0,0.0,0.0,0.0,0.0,0.0,0.0,0.0,0.0,0.0,0.0,0.0,0.0,0.0,0.0,12.0,9.0,2.0,1.0,11.0,17.0,21.0,17.0,23.0,23.0,31.0,27.0
801,1.0,801.0,London_141,cons,151,453,1092.0,70.0,2.0,125481.0,0.6562925786711276,734.0,52.0,2.0,50.0,111.0,18.0,93.0,144.0,314.0,53.0,18.0,42.0,3.0,14.0,2.0,7.0,3.0,75.0,143.0,232.0,20.0,0.0,0.0,0.0,0.0,0.0,0.0,0.0,0.0,0.0,2.0,0.0,0.0,0.0,2.0,0.0,0.0,0.0,0.0,2.0,0.0,0.0,0.0,0.0,0.0,0.0,0.0,0.0,0.0,0.0,0.0,0.0,1.0,0.0,0.0,0.0,0.0,0.0,0.0,1.0,1.0,1.0,1.0,2.0,6.0,5.0,4.0,2.0,8.0,13.0,7.0,0.0,0.0,0.0,0.0,0.0,0.0,0.0,0.0,0.0,0.0,0.0,4.0,0.0,0.0,0.0,0.0,0.0,0.0,1.0,2.0,1.0,1.0,2.0,10.0,12.0,6.0,2.0,13.0,18.0,7.0
802,1.0,802.0,London_141,cons,151,453,1092.0,70.0,2.0,131823.0,0.6345677697099745,748.0,48.0,0.0,48.0,80.0,0.0,80.0,101.0,322.0,58.0,12.0,36.0,5.0,10.0,3.0,7.0,8.0,78.0,142.0,225.0,20.0,2.0,2.0,0.0,0.0,0.0,0.0,0.0,0.0,0.0,0.0,0.0,0.0,0.0,0.0,0.0,0.0,0.0,0.0,0.0,0.0,0.0,0.0,0.0,0.0,0.0,0.0,0.0,0.0,0.0,0.0,0.0,0.0,0.0,0.0,0.0,0.0,0.0,0.0,2.0,6.0,3.0,0.0,1.0,8.0,4.0,7.0,8.0,2.0,12.0,11.0,0.0,0.0,0.0,0.0,0.0,0.0,0.0,0.0,0.0,0.0,0.0,0.0,0.0,0.0,0.0,0.0,0.0,0.0,2.0,7.0,3.0,0.0,1.0,9.0,5.0,9.0,10.0,3.0,19.0,13.0
803,1.0,803.0,London_141,cons,151,453,1092.0,70.0,2.0,145413.0,0.8229005979374051,778.0,6.0,2.0,4.0,29.0,19.0,10.0,83.0,321.0,64.0,15.0,19.0,8.0,15.0,5.0,6.0,5.0,74.0,133.0,241.0,12.0,1.0,1.0,0.0,0.0,0.0,0.0,0.0,0.0,0.0,2.0,0.0,0.0,0.0,0.0,1.0,1.0,0.0,0.0,2.0,0.0,0.0,0.0,0.0,0.0,0.0,0.0,0.0,0.0,1.0,0.0,0.0,2.0,0.0,1.0,1.0,0.0,0.0,0.0,0.0,0.0,0.0,0.0,0.0,1.0,1.0,1.0,0.0,1.0,1.0,0.0,0.0,0.0,0.0,0.0,0.0,0.0,0.0,0.0,1.0,0.0,0.0,3.0,0.0,3.0,2.0,0.0,0.0,0.0,0.0,0.0,0.0,0.0,0.0,4.0,2.0,1.0,0.0,4.0,2.0,0.0
804,1.0,804.0,London_141,cons,151,453,1092.0,70.0,2.0,173046.0,1.0445365998893976,839.0,156.0,1.0,155.0,279.0,9.0,270.0,15.0,321.0,71.0,15.0,15.0,5.0,14.0,6.0,6.0,5.0,74.0,134.0,240.0,12.0,8.0,8.0,0.0,0.0,0.0,0.0,0.0,0.0,0.0,82.0,0.0,15.0,7.0,54.0,0.0,6.0,0.0,0.0,1.0,81.0,0.0,0.0,0.0,0.0,0.0,0.0,0.0,0.0,0.0,0.0,0.0,0.0,0.0,1.0,0.0,0.0,0.0,0.0,8.0,4.0,0.0,2.0,9.0,16.0,9.0,16.0,15.0,18.0,18.0,26.0,0.0,0.0,0.0,0.0,0.0,0.0,0.0,0.0,0.0,0.0,0.0,0.0,0.0,1.0,0.0,0.0,0.0,0.0,15.0,5.0,0.0,3.0,11.0,23.0,13.0,17.0,23.0,26.0,30.0,34.0
805,1.0,805.0,London_141,cons,151,453,1092.0,70.0,2.0,141789.0,0.8448092630133033,770.0,96.0,0.0,96.0,163.0,0.0,163.0,155.0,320.0,55.0,14.0,44.0,5.0,11.0,1.0,3.0,3.0,78.0,148.0,224.0,19.0,0.0,0.0,0.0,0.0,0.0,0.0,0.0,0.0,0.0,19.0,0.0,0.0,0.0,18.0,0.0,0.0,0.0,1.0,0.0,19.0,0.0,0.0,0.0,0.0,0.0,0.0,0.0,0.0,0.0,0.0,0.0,0.0,0.0,0.0,0.0,0.0,0.0,0.0,7.0,11.0,4.0,2.0,6.0,19.0,14.0,16.0,14.0,14.0,25.0,24.0,0.0,0.0,0.0,0.0,0.0,0.0,0.0,0.0,0.0,0.0,0.0,0.0,0.0,0.0,0.0,0.0,0.0,0.0,8.0,18.0,4.0,4.0,7.0,26.0,17.0,21.0,15.0,21.0,35.0,27.0
806,1.0,806.0,London_141,cons,151,453,1092.0,70.0,2.0,141789.0,0.8664428289048374,770.0,81.0,0.0,81.0,133.0,0.0,133.0,134.0,327.0,59.0,16.0,42.0,2.0,6.0,0.0,1.0,3.0,76.0,152.0,222.0,18.0,0.0,0.0,0.0,0.0,0.0,0.0,0.0,0.0,0.0,11.0,0.0,0.0,0.0,3.0,0.0,4.0,0.0,4.0,0.0,11.0,0.0,0.0,0.0,0.0,0.0,0.0,0.0,0.0,0.0,0.0,0.0,0.0,0.0,0.0,0.0,0.0,0.0,0.0,4.0,11.0,5.0,2.0,3.0,15.0,11.0,11.0,14.0,10.0,18.0,23.0,0.0,0.0,0.0,0.0,0.0,0.0,0.0,0.0,0.0,0.0,0.0,0.0,0.0,0.0,0.0,0.0,0.0,0.0,5.0,17.0,8.0,3.0,3.0,20.0,14.0,19.0,22.0,13.0,23.0,30.0
807,1.0,807.0,London_141,cons,151,453,1092.0,70.0,2.0,149490.0,0.8251644261181355,787.0,40.0,1.0,39.0,75.0,10.0,65.0,117.0,332.0,55.0,14.0,38.0,4.0,6.0,0.0,4.0,3.0,77.0,151.0,222.0,14.0,1.0,1.0,0.0,0.0,0.0,0.0,0.0,0.0,0.0,1.0,0.0,1.0,0.0,0.0,0.0,0.0,0.0,0.0,1.0,0.0,0.0,0.0,0.0,0.0,0.0,0.0,0.0,0.0,0.0,1.0,0.0,0.0,0.0,1.0,0.0,0.0,0.0,0.0,3.0,0.0,0.0,0.0,0.0,3.0,1.0,3.0,3.0,8.0,12.0,6.0,0.0,0.0,0.0,0.0,0.0,0.0,0.0,0.0,0.0,5.0,0.0,0.0,0.0,6.0,0.0,0.0,0.0,0.0,3.0,0.0,0.0,0.0,0.0,3.0,1.0,5.0,3.0,11.0,18.0,6.0
808,1.0,808.0,London_141,cons,151,453,1092.0,70.0,2.0,176217.0,1.063203380908817,846.0,42.0,0.0,42.0,78.0,0.0,78.0,74.0,331.0,55.0,11.0,35.0,4.0,11.0,1.0,5.0,4.0,79.0,147.0,223.0,10.0,4.0,4.0,0.0,0.0,0.0,0.0,0.0,0.0,0.0,0.0,0.0,0.0,0.0,0.0,0.0,0.0,0.0,0.0,0.0,0.0,0.0,0.0,0.0,0.0,0.0,0.0,0.0,0.0,0.0,0.0,0.0,0.0,0.0,0.0,0.0,0.0,0.0,0.0,7.0,8.0,4.0,2.0,3.0,16.0,3.0,5.0,13.0,8.0,12.0,9.0,0.0,0.0,0.0,0.0,0.0,0.0,0.0,0.0,0.0,0.0,0.0,0.0,0.0,0.0,0.0,0.0,0.0,0.0,10.0,11.0,5.0,3.0,3.0,20.0,6.0,8.0,18.0,13.0,18.0,12.0
809,1.0,809.0,London_141,cons,151,453,1092.0,70.0,2.0,218799.0,1.8771418891847134,940.0,122.0,2.0,120.0,224.0,17.0,207.0,82.0,328.0,52.0,12.0,34.0,4.0,14.0,3.0,6.0,7.0,84.0,150.0,212.0,16.0,8.0,8.0,0.0,0.0,0.0,0.0,0.0,0.0,0.0,46.0,0.0,28.0,4.0,14.0,0.0,0.0,0.0,0.0,2.0,44.0,0.0,0.0,0.0,0.0,0.0,0.0,0.0,0.0,0.0,0.0,0.0,0.0,0.0,0.0,0.0,0.0,0.0,0.0,8.0,8.0,8.0,0.0,6.0,15.0,14.0,17.0,8.0,15.0,18.0,19.0,0.0,0.0,0.0,0.0,0.0,0.0,0.0,0.0,0.0,0.0,0.0,0.0,0.0,0.0,0.0,0.0,0.0,0.0,11.0,8.0,8.0,0.0,6.0,17.0,17.0,25.0,12.0,24.0,22.0,27.0
810,1.0,810.0,London_141,cons,151,453,1092.0,70.0,2.0,212910.0,1.4007181599736214,927.0,102.0,1.0,101.0,182.0,12.0,170.0,149.0,328.0,55.0,10.0,41.0,3.0,13.0,1.0,2.0,6.0,82.0,149.0,216.0,21.0,1.0,1.0,0.0,0.0,0.0,0.0,0.0,0.0,0.0,30.0,0.0,0.0,5.0,23.0,0.0,1.0,0.0,1.0,1.0,29.0,0.0,0.0,0.0,0.0,0.0,0.0,0.0,0.0,0.0,0.0,0.0,1.0,0.0,0.0,1.0,0.0,0.0,0.0,4.0,4.0,2.0,1.0,3.0,15.0,5.0,16.0,15.0,13.0,22.0,16.0,0.0,0.0,0.0,0.0,0.0,0.0,0.0,0.0,0.0,0.0,0.0,1.0,0.0,0.0,1.0,0.0,0.0,0.0,5.0,4.0,2.0,2.0,3.0,16.0,7.0,22.0,23.0,13.0,29.0,22.0
811,1.0,811.0,London_141,cons,151,453,1092.0,70.0,2.0,206115.0,1.2916258531622589,912.0,106.0,2.0,104.0,202.0,19.0,183.0,128.0,328.0,53.0,10.0,43.0,3.0,13.0,0.0,3.0,3.0,68.0,141.0,241.0,17.0,0.0,0.0,0.0,0.0,0.0,0.0,0.0,0.0,0.0,34.0,0.0,13.0,8.0,6.0,0.0,3.0,0.0,4.0,2.0,32.0,0.0,0.0,0.0,0.0,0.0,0.0,0.0,0.0,0.0,0.0,0.0,0.0,0.0,0.0,0.0,0.0,0.0,0.0,7.0,11.0,5.0,1.0,8.0,19.0,17.0,10.0,12.0,16.0,22.0,27.0,0.0,0.0,0.0,0.0,0.0,0.0,0.0,0.0,0.0,0.0,0.0,0.0,0.0,0.0,0.0,0.0,0.0,0.0,12.0,11.0,6.0,1.0,8.0,26.0,28.0,13.0,14.0,25.0,29.0,36.0
812,1.0,812.0,London_141,cons,151,453,1092.0,70.0,2.0,195696.0,1.4617763250134885,889.0,135.0,0.0,135.0,228.0,0.0,228.0,137.0,332.0,50.0,18.0,38.0,2.0,10.0,0.0,3.0,5.0,76.0,127.0,245.0,10.0,8.0,8.0,0.0,0.0,0.0,0.0,0.0,0.0,0.0,63.0,0.0,25.0,0.0,23.0,1.0,8.0,1.0,5.0,0.0,63.0,0.0,0.0,0.0,0.0,0.0,0.0,0.0,0.0,0.0,0.0,0.0,0.0,0.0,0.0,0.0,0.0,0.0,0.0,8.0,11.0,5.0,1.0,7.0,21.0,11.0,12.0,23.0,14.0,16.0,23.0,0.0,0.0,0.0,0.0,0.0,0.0,0.0,0.0,0.0,0.0,0.0,0.0,0.0,0.0,0.0,0.0,0.0,0.0,8.0,14.0,6.0,1.0,7.0,26.0,14.0,16.0,33.0,19.0,20.0,31.0
813,1.0,813.0,London_141,cons,151,453,1092.0,70.0,2.0,172593.0,1.0634201341308653,838.0,153.0,0.0,153.0,260.0,0.0,260.0,141.0,323.0,53.0,18.0,41.0,4.0,9.0,2.0,3.0,10.0,73.0,129.0,241.0,19.0,0.0,0.0,0.0,0.0,0.0,0.0,0.0,0.0,0.0,83.0,0.0,36.0,0.0,35.0,0.0,10.0,1.0,1.0,0.0,83.0,0.0,0.0,0.0,0.0,0.0,0.0,0.0,0.0,0.0,0.0,0.0,0.0,0.0,0.0,0.0,0.0,0.0,0.0,8.0,12.0,7.0,3.0,6.0,18.0,7.0,17.0,12.0,19.0,21.0,23.0,0.0,0.0,0.0,0.0,0.0,0.0,0.0,0.0,0.0,0.0,0.0,0.0,0.0,0.0,0.0,0.0,0.0,0.0,11.0,15.0,8.0,6.0,6.0,20.0,8.0,23.0,16.0,26.0,26.0,30.0
814,1.0,814.0,London_141,cons,151,453,1092.0,70.0,2.0,138618.0,0.7626475412398577,763.0,76.0,1.0,75.0,127.0,9.0,118.0,132.0,325.0,46.0,16.0,42.0,4.0,17.0,1.0,2.0,10.0,67.0,130.0,246.0,25.0,0.0,0.0,0.0,0.0,0.0,0.0,0.0,0.0,0.0,9.0,0.0,0.0,0.0,1.0,0.0,1.0,3.0,4.0,1.0,8.0,0.0,0.0,0.0,0.0,0.0,0.0,0.0,0.0,1.0,0.0,0.0,0.0,0.0,0.0,0.0,0.0,0.0,0.0,8.0,3.0,1.0,2.0,6.0,15.0,8.0,5.0,14.0,14.0,14.0,16.0,0.0,0.0,0.0,0.0,0.0,0.0,0.0,0.0,1.0,0.0,0.0,0.0,0.0,0.0,0.0,0.0,0.0,0.0,13.0,3.0,1.0,3.0,6.0,18.0,10.0,6.0,19.0,16.0,20.0,19.0
815,1.0,815.0,London_141,cons,151,453,1092.0,70.0,2.0,131823.0,0.6564281568862498,748.0,162.0,0.0,162.0,285.0,0.0,285.0,108.0,338.0,43.0,12.0,36.0,3.0,17.0,0.0,4.0,3.0,78.0,132.0,240.0,17.0,5.0,5.0,0.0,0.0,0.0,0.0,0.0,0.0,0.0,97.0,0.0,43.0,10.0,38.0,0.0,0.0,0.0,6.0,0.0,97.0,0.0,0.0,0.0,0.0,0.0,0.0,0.0,0.0,0.0,0.0,0.0,0.0,0.0,0.0,0.0,0.0,0.0,0.0,7.0,7.0,6.0,0.0,9.0,22.0,8.0,8.0,11.0,12.0,34.0,16.0,0.0,0.0,0.0,0.0,0.0,0.0,0.0,0.0,0.0,0.0,0.0,0.0,0.0,0.0,0.0,0.0,0.0,0.0,11.0,11.0,6.0,0.0,9.0,27.0,11.0,9.0,18.0,17.0,46.0,18.0
816,1.0,816.0,London_141,cons,151,453,1092.0,70.0,2.0,81993.0,0.4045960740186274,638.0,10.0,2.0,8.0,33.0,20.0,13.0,138.0,332.0,54.0,6.0,41.0,4.0,16.0,0.0,0.0,4.0,75.0,120.0,254.0,16.0,2.0,2.0,0.0,0.0,0.0,0.0,0.0,0.0,0.0,3.0,0.0,0.0,0.0,0.0,0.0,1.0,0.0,2.0,2.0,1.0,0.0,0.0,0.0,0.0,0.0,0.0,0.0,0.0,0.0,1.0,0.0,1.0,0.0,1.0,1.0,0.0,0.0,0.0,0.0,0.0,0.0,0.0,0.0,1.0,1.0,0.0,3.0,2.0,0.0,1.0,0.0,0.0,0.0,0.0,0.0,0.0,0.0,0.0,0.0,4.0,0.0,1.0,0.0,2.0,5.0,0.0,0.0,0.0,0.0,0.0,0.0,0.0,0.0,1.0,1.0,0.0,4.0,3.0,0.0,1.0
817,1.0,817.0,London_141,cons,151,453,1092.0,70.0,2.0,104190.0,0.48515060171484947,687.0,4.0,2.0,2.0,24.0,20.0,4.0,18.0,330.0,56.0,6.0,46.0,4.0,11.0,0.0,0.0,3.0,79.0,116.0,255.0,11.0,5.0,5.0,0.0,0.0,0.0,0.0,0.0,0.0,0.0,2.0,0.0,0.0,0.0,0.0,0.0,2.0,0.0,0.0,2.0,0.0,0.0,0.0,0.0,0.0,0.0,0.0,0.0,0.0,1.0,0.0,0.0,0.0,0.0,0.0,1.0,0.0,0.0,0.0,2.0,0.0,0.0,0.0,0.0,1.0,1.0,0.0,1.0,1.0,0.0,0.0,0.0,0.0,0.0,0.0,0.0,0.0,0.0,0.0,2.0,0.0,0.0,0.0,0.0,0.0,2.0,0.0,0.0,0.0,2.0,0.0,0.0,0.0,0.0,1.0,1.0,0.0,1.0,2.0,0.0,0.0
818,1.0,818.0,London_141,cons,151,453,1092.0,70.0,2.0,138618.0,0.6772966370917857,763.0,57.0,1.0,56.0,101.0,10.0,91.0,12.0,326.0,63.0,7.0,43.0,2.0,12.0,0.0,0.0,4.0,77.0,119.0,253.0,11.0,6.0,6.0,0.0,0.0,0.0,0.0,0.0,0.0,0.0,2.0,0.0,0.0,0.0,1.0,0.0,0.0,0.0,1.0,1.0,1.0,0.0,0.0,0.0,0.0,0.0,0.0,0.0,0.0,0.0,0.0,0.0,0.0,0.0,1.0,1.0,0.0,0.0,0.0,5.0,5.0,6.0,0.0,4.0,9.0,11.0,11.0,7.0,11.0,15.0,20.0,0.0,0.0,0.0,0.0,0.0,0.0,0.0,0.0,0.0,0.0,0.0,0.0,0.0,1.0,1.0,0.0,0.0,0.0,8.0,6.0,6.0,0.0,4.0,14.0,15.0,15.0,11.0,16.0,21.0,29.0
819,1.0,819.0,London_141,cons,151,453,1092.0,70.0,2.0,148584.0,1.103502041194588,785.0,100.0,2.0,98.0,197.0,18.0,179.0,98.0,319.0,57.0,10.0,45.0,5.0,14.0,0.0,3.0,8.0,71.0,126.0,248.0,21.0,0.0,0.0,0.0,0.0,0.0,0.0,0.0,0.0,0.0,20.0,0.0,0.0,0.0,9.0,0.0,5.0,0.0,6.0,2.0,18.0,0.0,0.0,0.0,0.0,0.0,0.0,0.0,0.0,1.0,0.0,0.0,1.0,0.0,1.0,1.0,0.0,0.0,0.0,7.0,8.0,4.0,2.0,1.0,13.0,11.0,12.0,11.0,15.0,21.0,22.0,0.0,0.0,0.0,0.0,0.0,0.0,0.0,0.0,1.0,0.0,0.0,1.0,0.0,2.0,1.0,0.0,0.0,0.0,12.0,9.0,4.0,3.0,1.0,20.0,14.0,16.0,15.0,21.0,30.0,30.0
820,1.0,820.0,London_141,cons,151,453,1092.0,70.0,2.0,130011.0,0.7038322300650179,744.0,110.0,0.0,110.0,185.0,0.0,185.0,149.0,320.0,59.0,13.0,38.0,3.0,16.0,2.0,2.0,6.0,74.0,138.0,235.0,23.0,1.0,1.0,0.0,0.0,0.0,0.0,0.0,0.0,0.0,33.0,0.0,2.0,0.0,29.0,1.0,0.0,1.0,0.0,0.0,33.0,0.0,0.0,0.0,0.0,0.0,0.0,0.0,0.0,0.0,0.0,0.0,0.0,0.0,0.0,0.0,0.0,0.0,0.0,6.0,11.0,5.0,2.0,4.0,15.0,16.0,16.0,16.0,13.0,14.0,24.0,0.0,0.0,0.0,0.0,0.0,0.0,0.0,0.0,0.0,0.0,0.0,0.0,0.0,0.0,0.0,0.0,0.0,0.0,8.0,16.0,5.0,2.0,4.0,19.0,24.0,24.0,21.0,21.0,20.0,34.0
821,1.0,821.0,London_141,cons,151,453,1092.0,70.0,2.0,112797.0,0.5461583388969302,706.0,13.0,2.0,11.0,39.0,20.0,19.0,139.0,315.0,55.0,22.0,37.0,6.0,15.0,1.0,2.0,7.0,78.0,125.0,243.0,21.0,8.0,8.0,0.0,0.0,0.0,0.0,0.0,0.0,0.0,2.0,0.0,0.0,0.0,1.0,0.0,1.0,0.0,0.0,2.0,0.0,0.0,0.0,0.0,0.0,0.0,0.0,0.0,0.0,1.0,0.0,0.0,1.0,0.0,1.0,1.0,0.0,0.0,0.0,1.0,0.0,0.0,1.0,0.0,3.0,1.0,0.0,0.0,1.0,5.0,3.0,0.0,0.0,0.0,0.0,0.0,0.0,0.0,0.0,1.0,0.0,0.0,3.0,0.0,4.0,1.0,0.0,0.0,0.0,1.0,0.0,0.0,1.0,0.0,5.0,1.0,0.0,0.0,1.0,6.0,3.0
822,1.0,822.0,London_141,cons,151,453,1092.0,70.0,2.0,144960.0,0.8768095639534295,777.0,86.0,0.0,86.0,144.0,0.0,144.0,36.0,311.0,66.0,23.0,33.0,5.0,12.0,1.0,2.0,6.0,73.0,124.0,250.0,19.0,9.0,9.0,0.0,0.0,0.0,0.0,0.0,0.0,0.0,18.0,0.0,0.0,0.0,15.0,0.0,0.0,0.0,3.0,0.0,18.0,0.0,0.0,0.0,0.0,0.0,0.0,0.0,0.0,0.0,0.0,0.0,0.0,0.0,0.0,0.0,0.0,0.0,0.0,8.0,4.0,4.0,1.0,6.0,25.0,6.0,15.0,13.0,15.0,23.0,24.0,0.0,0.0,0.0,0.0,0.0,0.0,0.0,0.0,0.0,0.0,0.0,0.0,0.0,0.0,0.0,0.0,0.0,0.0,11.0,5.0,4.0,2.0,6.0,32.0,10.0,21.0,16.0,18.0,34.0,30.0
823,1.0,823.0,London_141,cons,151,453,1092.0,70.0,2.0,161721.0,0.931743131019175,814.0,118.0,0.0,118.0,211.0,0.0,211.0,128.0,314.0,62.0,24.0,41.0,5.0,4.0,1.0,2.0,5.0,69.0,131.0,248.0,18.0,0.0,0.0,0.0,0.0,0.0,0.0,0.0,0.0,0.0,46.0,0.0,19.0,0.0,25.0,0.0,2.0,0.0,0.0,0.0,46.0,0.0,0.0,0.0,0.0,0.0,0.0,0.0,0.0,0.0,0.0,0.0,0.0,0.0,0.0,0.0,0.0,0.0,0.0,5.0,9.0,3.0,0.0,11.0,18.0,17.0,12.0,19.0,17.0,20.0,21.0,0.0,0.0,0.0,0.0,0.0,0.0,0.0,0.0,0.0,0.0,0.0,0.0,0.0,0.0,0.0,0.0,0.0,0.0,5.0,13.0,3.0,0.0,11.0,22.0,23.0,13.0,30.0,24.0,24.0,30.0
824,1.0,824.0,London_141,cons,151,453,1092.0,70.0,2.0,149037.0,0.824689073022455,786.0,8.0,2.0,6.0,26.0,17.0,9.0,148.0,329.0,53.0,7.0,38.0,7.0,16.0,0.0,3.0,3.0,71.0,134.0,245.0,23.0,2.0,2.0,0.0,0.0,0.0,0.0,0.0,0.0,0.0,2.0,0.0,1.0,0.0,0.0,0.0,1.0,0.0,0.0,2.0,0.0,0.0,0.0,0.0,0.0,0.0,0.0,0.0,0.0,1.0,0.0,0.0,1.0,0.0,0.0,1.0,0.0,0.0,0.0,1.0,0.0,0.0,0.0,0.0,0.0,0.0,0.0,0.0,1.0,3.0,0.0,0.0,0.0,0.0,0.0,0.0,0.0,0.0,0.0,2.0,0.0,0.0,1.0,0.0,0.0,2.0,0.0,0.0,0.0,1.0,0.0,0.0,0.0,0.0,0.0,0.0,0.0,0.0,1.0,4.0,0.0
825,1.0,825.0,London_141,cons,151,453,1092.0,70.0,2.0,191619.0,1.105293638072908,880.0,143.0,0.0,143.0,253.0,0.0,253.0,19.0,328.0,51.0,7.0,45.0,4.0,15.0,0.0,3.0,3.0,72.0,130.0,248.0,20.0,6.0,6.0,0.0,0.0,0.0,0.0,0.0,0.0,0.0,77.0,0.0,30.0,13.0,25.0,0.0,5.0,1.0,3.0,0.0,77.0,0.0,0.0,0.0,0.0,0.0,0.0,0.0,0.0,0.0,0.0,0.0,0.0,0.0,0.0,0.0,0.0,0.0,0.0,3.0,8.0,7.0,0.0,7.0,16.0,10.0,14.0,17.0,20.0,22.0,23.0,0.0,0.0,0.0,0.0,0.0,0.0,0.0,0.0,0.0,0.0,0.0,0.0,0.0,0.0,0.0,0.0,0.0,0.0,3.0,10.0,8.0,0.0,7.0,18.0,19.0,26.0,23.0,32.0,31.0,25.0
826,1.0,826.0,London_141,cons,151,453,1092.0,70.0,2.0,167610.0,0.9740051650442183,827.0,3.0,2.0,1.0,20.0,17.0,3.0,140.0,331.0,60.0,15.0,34.0,2.0,9.0,1.0,1.0,1.0,79.0,132.0,241.0,10.0,8.0,8.0,0.0,0.0,0.0,0.0,0.0,0.0,0.0,2.0,0.0,0.0,0.0,1.0,0.0,1.0,0.0,0.0,2.0,0.0,0.0,0.0,0.0,0.0,0.0,0.0,0.0,0.0,0.0,0.0,0.0,1.0,1.0,0.0,1.0,0.0,0.0,0.0,0.0,0.0,0.0,0.0,0.0,1.0,0.0,0.0,0.0,0.0,1.0,0.0,0.0,0.0,0.0,0.0,0.0,0.0,0.0,0.0,0.0,0.0,0.0,5.0,5.0,0.0,4.0,0.0,0.0,0.0,0.0,0.0,0.0,0.0,0.0,2.0,0.0,0.0,0.0,0.0,2.0,0.0
827,1.0,827.0,London_141,cons,151,453,1092.0,70.0,2.0,212910.0,1.2427057181484997,927.0,184.0,0.0,184.0,324.0,0.0,324.0,19.0,326.0,65.0,16.0,29.0,2.0,13.0,1.0,1.0,1.0,82.0,124.0,246.0,12.0,6.0,6.0,0.0,0.0,0.0,0.0,0.0,0.0,0.0,102.0,0.0,28.0,6.0,53.0,2.0,8.0,1.0,4.0,0.0,102.0,0.0,0.0,0.0,0.0,0.0,0.0,0.0,0.0,0.0,0.0,0.0,0.0,0.0,0.0,0.0,0.0,0.0,0.0,7.0,11.0,11.0,1.0,5.0,20.0,14.0,16.0,22.0,28.0,28.0,22.0,0.0,0.0,0.0,0.0,0.0,0.0,0.0,0.0,0.0,0.0,0.0,0.0,0.0,0.0,0.0,0.0,0.0,0.0,7.0,12.0,11.0,1.0,5.0,24.0,22.0,18.0,35.0,38.0,37.0,33.0
828,1.0,828.0,London_141,cons,151,453,1092.0,70.0,2.0,162174.0,1.1748145269230008,815.0,125.0,1.0,124.0,231.0,8.0,223.0,166.0,313.0,71.0,9.0,40.0,1.0,14.0,1.0,4.0,7.0,74.0,138.0,234.0,25.0,0.0,0.0,0.0,0.0,0.0,0.0,0.0,0.0,0.0,55.0,0.0,4.0,8.0,28.0,1.0,10.0,2.0,2.0,1.0,54.0,0.0,0.0,0.0,0.0,0.0,0.0,0.0,0.0,0.0,0.0,0.0,0.0,0.0,1.0,0.0,0.0,0.0,0.0,9.0,10.0,14.0,1.0,4.0,21.0,13.0,10.0,16.0,22.0,18.0,22.0,0.0,0.0,0.0,0.0,0.0,0.0,0.0,0.0,0.0,0.0,0.0,0.0,0.0,2.0,0.0,0.0,0.0,0.0,9.0,14.0,17.0,1.0,4.0,31.0,17.0,14.0,25.0,35.0,29.0,30.0
829,1.0,829.0,London_141,cons,151,453,1092.0,70.0,2.0,132729.0,0.7137452019378543,750.0,178.0,2.0,176.0,316.0,18.0,298.0,149.0,319.0,64.0,12.0,32.0,10.0,11.0,1.0,4.0,4.0,78.0,142.0,229.0,15.0,5.0,5.0,0.0,0.0,0.0,0.0,0.0,0.0,0.0,101.0,0.0,39.0,11.0,47.0,0.0,2.0,1.0,1.0,2.0,99.0,0.0,0.0,0.0,0.0,0.0,0.0,0.0,0.0,0.0,0.0,0.0,0.0,1.0,0.0,0.0,0.0,0.0,0.0,11.0,14.0,7.0,1.0,7.0,17.0,18.0,10.0,21.0,25.0,29.0,34.0,0.0,0.0,0.0,0.0,0.0,0.0,0.0,0.0,0.0,0.0,0.0,0.0,1.0,0.0,0.0,0.0,0.0,0.0,14.0,18.0,8.0,2.0,7.0,20.0,23.0,11.0,27.0,36.0,38.0,44.0
830,1.0,830.0,London_141,cons,151,453,1092.0,70.0,2.0,82446.0,0.3895703819580376,639.0,19.0,0.0,19.0,31.0,0.0,31.0,155.0,322.0,69.0,9.0,37.0,2.0,11.0,1.0,2.0,5.0,92.0,131.0,225.0,23.0,8.0,8.0,0.0,0.0,0.0,0.0,0.0,0.0,0.0,0.0,0.0,0.0,0.0,0.0,0.0,0.0,0.0,0.0,0.0,0.0,0.0,0.0,0.0,0.0,0.0,0.0,0.0,0.0,0.0,0.0,0.0,0.0,0.0,0.0,0.0,0.0,0.0,0.0,2.0,4.0,1.0,1.0,1.0,7.0,2.0,5.0,2.0,2.0,8.0,7.0,0.0,0.0,0.0,0.0,0.0,0.0,0.0,0.0,0.0,0.0,0.0,0.0,0.0,0.0,0.0,0.0,0.0,0.0,3.0,7.0,1.0,1.0,1.0,12.0,2.0,5.0,2.0,2.0,11.0,10.0
831,1.0,831.0,London_141,cons,151,453,1092.0,70.0,2.0,107814.0,0.4932337743230164,695.0,9.0,2.0,7.0,32.0,19.0,13.0,40.0,321.0,72.0,10.0,35.0,2.0,12.0,1.0,0.0,5.0,93.0,137.0,218.0,23.0,4.0,4.0,0.0,0.0,0.0,0.0,0.0,0.0,0.0,2.0,0.0,1.0,0.0,0.0,0.0,1.0,0.0,0.0,2.0,0.0,0.0,0.0,0.0,0.0,0.0,0.0,0.0,0.0,2.0,0.0,0.0,0.0,0.0,0.0,2.0,0.0,0.0,0.0,0.0,0.0,0.0,0.0,0.0,0.0,2.0,0.0,2.0,1.0,1.0,1.0,0.0,0.0,0.0,0.0,0.0,0.0,0.0,0.0,3.0,0.0,0.0,0.0,0.0,0.0,3.0,0.0,0.0,0.0,0.0,0.0,0.0,0.0,0.0,0.0,5.0,0.0,3.0,3.0,1.0,2.0
832,1.0,832.0,London_141,cons,151,453,1092.0,70.0,2.0,135447.0,0.947582630906254,756.0,64.0,0.0,64.0,108.0,0.0,108.0,28.0,319.0,75.0,5.0,42.0,2.0,9.0,1.0,0.0,2.0,90.0,135.0,226.0,17.0,5.0,5.0,0.0,0.0,0.0,0.0,0.0,0.0,0.0,7.0,0.0,0.0,5.0,0.0,0.0,0.0,0.0,2.0,0.0,7.0,0.0,0.0,0.0,0.0,0.0,0.0,0.0,0.0,0.0,0.0,0.0,0.0,0.0,0.0,0.0,0.0,0.0,0.0,3.0,9.0,4.0,2.0,5.0,17.0,6.0,10.0,8.0,9.0,7.0,17.0,0.0,0.0,0.0,0.0,0.0,0.0,0.0,0.0,0.0,0.0,0.0,0.0,0.0,0.0,0.0,0.0,0.0,0.0,3.0,11.0,5.0,4.0,5.0,26.0,8.0,15.0,10.0,13.0,10.0,22.0
833,1.0,833.0,London_141,cons,151,453,1092.0,70.0,2.0,145866.0,0.7522185822017491,779.0,34.0,0.0,34.0,61.0,0.0,61.0,103.0,319.0,68.0,7.0,39.0,4.0,14.0,0.0,2.0,2.0,88.0,146.0,217.0,22.0,9.0,9.0,0.0,0.0,0.0,0.0,0.0,0.0,0.0,0.0,0.0,0.0,0.0,0.0,0.0,0.0,0.0,0.0,0.0,0.0,0.0,0.0,0.0,0.0,0.0,0.0,0.0,0.0,0.0,0.0,0.0,0.0,0.0,0.0,0.0,0.0,0.0,0.0,1.0,8.0,5.0,1.0,0.0,7.0,4.0,5.0,8.0,8.0,9.0,17.0,0.0,0.0,0.0,0.0,0.0,0.0,0.0,0.0,0.0,0.0,0.0,0.0,0.0,0.0,0.0,0.0,0.0,0.0,1.0,12.0,9.0,1.0,0.0,9.0,7.0,6.0,10.0,12.0,15.0,23.0
834,1.0,834.0,London_141,cons,151,453,1092.0,70.0,2.0,174858.0,1.1014243974350393,843.0,80.0,3.0,77.0,153.0,25.0,128.0,70.0,316.0,76.0,7.0,34.0,4.0,14.0,1.0,1.0,3.0,92.0,134.0,224.0,21.0,6.0,6.0,0.0,0.0,0.0,0.0,0.0,0.0,0.0,13.0,0.0,0.0,2.0,6.0,1.0,2.0,1.0,1.0,3.0,10.0,0.0,0.0,0.0,0.0,0.0,0.0,0.0,0.0,0.0,2.0,0.0,0.0,0.0,0.0,0.0,0.0,0.0,0.0,3.0,4.0,1.0,0.0,3.0,18.0,9.0,7.0,12.0,17.0,9.0,21.0,0.0,0.0,0.0,0.0,0.0,0.0,0.0,0.0,0.0,3.0,0.0,0.0,0.0,0.0,0.0,0.0,0.0,0.0,5.0,4.0,1.0,0.0,3.0,23.0,10.0,8.0,16.0,23.0,13.0,28.0
835,1.0,835.0,London_141,cons,151,453,1092.0,70.0,2.0,178029.0,1.1010615578852594,850.0,105.0,1.0,104.0,195.0,10.0,185.0,125.0,331.0,62.0,4.0,38.0,4.0,14.0,0.0,0.0,5.0,97.0,125.0,226.0,23.0,1.0,1.0,0.0,0.0,0.0,0.0,0.0,0.0,0.0,31.0,0.0,6.0,3.0,19.0,0.0,0.0,0.0,3.0,1.0,30.0,0.0,0.0,0.0,0.0,0.0,0.0,0.0,0.0,0.0,0.0,0.0,0.0,0.0,0.0,0.0,0.0,0.0,0.0,3.0,9.0,10.0,0.0,6.0,15.0,17.0,9.0,16.0,13.0,18.0,17.0,0.0,0.0,0.0,0.0,0.0,0.0,0.0,0.0,0.0,0.0,0.0,0.0,0.0,0.0,0.0,0.0,0.0,0.0,3.0,12.0,12.0,0.0,6.0,21.0,29.0,10.0,22.0,24.0,26.0,22.0
836,1.0,836.0,London_141,cons,151,453,1092.0,70.0,2.0,162627.0,0.921993728261441,816.0,115.0,1.0,114.0,199.0,7.0,192.0,137.0,335.0,44.0,8.0,44.0,5.0,13.0,1.0,3.0,7.0,83.0,131.0,232.0,12.0,3.0,3.0,0.0,0.0,0.0,0.0,0.0,0.0,0.0,36.0,0.0,9.0,2.0,16.0,0.0,2.0,1.0,6.0,1.0,35.0,0.0,0.0,0.0,0.0,0.0,0.0,0.0,0.0,0.0,0.0,0.0,0.0,0.0,0.0,0.0,0.0,0.0,0.0,5.0,17.0,8.0,2.0,4.0,14.0,11.0,18.0,16.0,13.0,20.0,24.0,0.0,0.0,0.0,0.0,0.0,0.0,0.0,0.0,0.0,0.0,0.0,0.0,0.0,0.0,0.0,0.0,0.0,0.0,5.0,22.0,9.0,3.0,4.0,19.0,14.0,21.0,20.0,19.0,25.0,30.0
837,1.0,837.0,London_141,cons,151,453,1092.0,70.0,2.0,138165.0,0.8587485970929265,762.0,86.0,0.0,86.0,156.0,0.0,156.0,148.0,321.0,61.0,12.0,39.0,3.0,14.0,0.0,3.0,6.0,85.0,139.0,223.0,20.0,3.0,3.0,0.0,0.0,0.0,0.0,0.0,0.0,0.0,20.0,0.0,4.0,3.0,13.0,0.0,0.0,0.0,0.0,0.0,20.0,0.0,0.0,0.0,0.0,0.0,0.0,0.0,0.0,0.0,0.0,0.0,0.0,0.0,0.0,0.0,0.0,0.0,0.0,4.0,3.0,4.0,3.0,4.0,9.0,7.0,2.0,5.0,17.0,13.0,16.0,0.0,0.0,0.0,0.0,0.0,0.0,0.0,0.0,0.0,0.0,0.0,0.0,0.0,0.0,0.0,0.0,0.0,0.0,5.0,4.0,6.0,6.0,5.0,12.0,8.0,3.0,6.0,24.0,23.0,18.0
838,1.0,838.0,London_141,cons,151,453,1092.0,70.0,2.0,135447.0,0.7650998281314969,756.0,120.0,2.0,118.0,211.0,19.0,192.0,129.0,326.0,49.0,10.0,43.0,8.0,15.0,0.0,2.0,4.0,81.0,145.0,223.0,14.0,0.0,0.0,0.0,0.0,0.0,0.0,0.0,0.0,0.0,42.0,0.0,6.0,9.0,20.0,0.0,1.0,1.0,5.0,1.0,41.0,0.0,0.0,0.0,0.0,0.0,0.0,0.0,0.0,1.0,0.0,0.0,0.0,0.0,0.0,0.0,0.0,0.0,0.0,5.0,0.0,2.0,1.0,1.0,7.0,3.0,1.0,6.0,10.0,18.0,7.0,0.0,0.0,0.0,0.0,0.0,0.0,0.0,0.0,3.0,0.0,0.0,0.0,0.0,0.0,0.0,0.0,0.0,0.0,8.0,0.0,2.0,1.0,1.0,8.0,4.0,1.0,8.0,12.0,20.0,9.0
839,1.0,839.0,London_141,cons,151,453,1092.0,70.0,2.0,124122.0,1.222236456349492,731.0,53.0,0.0,53.0,86.0,0.0,86.0,146.0,318.0,64.0,3.0,46.0,3.0,13.0,0.0,6.0,7.0,91.0,139.0,216.0,25.0,9.0,9.0,0.0,0.0,0.0,0.0,0.0,0.0,0.0,2.0,0.0,0.0,0.0,0.0,0.0,0.0,1.0,1.0,0.0,2.0,0.0,0.0,0.0,0.0,0.0,0.0,0.0,0.0,0.0,0.0,0.0,0.0,0.0,0.0,0.0,0.0,0.0,0.0,2.0,5.0,8.0,1.0,3.0,9.0,8.0,13.0,10.0,9.0,7.0,13.0,0.0,0.0,0.0,0.0,0.0,0.0,0.0,0.0,0.0,0.0,0.0,0.0,0.0,0.0,0.0,0.0,0.0,0.0,3.0,8.0,10.0,1.0,3.0,14.0,12.0,21.0,16.0,17.0,9.0,18.0
840,1.0,840.0,London_141,cons,151,453,1092.0,70.0,2.0,131823.0,0.7052168059162796,748.0,116.0,0.0,116.0,192.0,0.0,192.0,93.0,323.0,70.0,7.0,38.0,5.0,8.0,1.0,1.0,7.0,89.0,143.0,214.0,25.0,7.0,7.0,0.0,0.0,0.0,0.0,0.0,0.0,0.0,31.0,0.0,0.0,4.0,20.0,0.0,2.0,0.0,5.0,0.0,31.0,0.0,0.0,0.0,0.0,0.0,0.0,0.0,0.0,0.0,0.0,0.0,0.0,0.0,0.0,0.0,0.0,0.0,0.0,9.0,11.0,10.0,2.0,1.0,9.0,16.0,8.0,7.0,20.0,22.0,19.0,0.0,0.0,0.0,0.0,0.0,0.0,0.0,0.0,0.0,0.0,0.0,0.0,0.0,0.0,0.0,0.0,0.0,0.0,13.0,14.0,11.0,2.0,1.0,11.0,21.0,9.0,11.0,31.0,29.0,26.0
841,1.0,841.0,London_141,cons,151,453,1092.0,70.0,2.0,115062.0,0.6336638508364558,711.0,0.0,0.0,0.0,0.0,0.0,0.0,152.0,316.0,58.0,8.0,46.0,6.0,14.0,1.0,4.0,6.0,81.0,132.0,234.0,17.0,7.0,7.0,0.0,0.0,0.0,0.0,0.0,0.0,0.0,0.0,0.0,0.0,0.0,0.0,0.0,0.0,0.0,0.0,0.0,0.0,0.0,0.0,0.0,0.0,0.0,0.0,0.0,0.0,0.0,0.0,0.0,0.0,0.0,0.0,0.0,0.0,0.0,0.0,0.0,0.0,0.0,0.0,0.0,0.0,0.0,0.0,0.0,0.0,0.0,0.0,0.0,0.0,0.0,0.0,0.0,0.0,0.0,0.0,0.0,0.0,0.0,0.0,0.0,0.0,0.0,0.0,0.0,0.0,0.0,0.0,0.0,0.0,0.0,0.0,0.0,0.0,0.0,0.0,0.0,0.0
842,1.0,842.0,London_141,cons,151,453,1092.0,70.0,2.0,152661.0,0.8307814402505755,794.0,20.0,2.0,18.0,53.0,17.0,36.0,7.0,311.0,59.0,9.0,49.0,6.0,14.0,1.0,4.0,6.0,82.0,131.0,234.0,19.0,2.0,2.0,0.0,0.0,0.0,0.0,0.0,0.0,0.0,1.0,0.0,0.0,0.0,1.0,0.0,0.0,0.0,0.0,1.0,0.0,0.0,0.0,0.0,0.0,0.0,0.0,0.0,0.0,2.0,0.0,0.0,0.0,0.0,0.0,1.0,0.0,0.0,0.0,1.0,1.0,0.0,0.0,0.0,3.0,1.0,0.0,3.0,5.0,5.0,2.0,0.0,0.0,0.0,0.0,0.0,0.0,0.0,0.0,2.0,0.0,0.0,0.0,0.0,0.0,2.0,0.0,0.0,0.0,3.0,1.0,0.0,0.0,0.0,3.0,1.0,0.0,4.0,9.0,7.0,4.0
843,1.0,843.0,London_141,cons,151,453,1092.0,70.0,2.0,188901.0,1.0353375971317291,874.0,63.0,2.0,61.0,121.0,18.0,103.0,49.0,311.0,64.0,10.0,42.0,8.0,14.0,0.0,4.0,5.0,84.0,129.0,235.0,19.0,1.0,1.0,0.0,0.0,0.0,0.0,0.0,0.0,0.0,3.0,0.0,0.0,0.0,2.0,0.0,0.0,0.0,1.0,2.0,1.0,0.0,0.0,0.0,0.0,0.0,0.0,0.0,0.0,0.0,0.0,0.0,1.0,0.0,0.0,0.0,0.0,0.0,0.0,1.0,5.0,11.0,2.0,1.0,5.0,5.0,4.0,9.0,14.0,15.0,10.0,0.0,0.0,0.0,0.0,0.0,0.0,0.0,0.0,0.0,0.0,0.0,3.0,0.0,0.0,0.0,0.0,0.0,0.0,2.0,8.0,15.0,3.0,1.0,7.0,9.0,5.0,10.0,21.0,20.0,17.0
844,1.0,844.0,London_141,cons,151,453,1092.0,70.0,2.0,209286.0,1.2866876302286983,919.0,125.0,0.0,125.0,225.0,0.0,225.0,110.0,322.0,63.0,8.0,33.0,11.0,14.0,1.0,1.0,6.0,84.0,119.0,244.0,21.0,10.0,10.0,0.0,0.0,0.0,0.0,0.0,0.0,0.0,54.0,0.0,18.0,6.0,20.0,0.0,4.0,0.0,6.0,0.0,54.0,0.0,0.0,0.0,0.0,0.0,0.0,0.0,0.0,0.0,0.0,0.0,0.0,0.0,0.0,0.0,0.0,0.0,0.0,5.0,4.0,7.0,1.0,7.0,16.0,19.0,10.0,13.0,13.0,25.0,26.0,0.0,0.0,0.0,0.0,0.0,0.0,0.0,0.0,0.0,0.0,0.0,0.0,0.0,0.0,0.0,0.0,0.0,0.0,5.0,7.0,8.0,1.0,7.0,22.0,28.0,15.0,15.0,22.0,37.0,32.0
845,1.0,845.0,London_141,cons,151,453,1092.0,70.0,2.0,196149.0,1.118300517089665,890.0,245.0,2.0,243.0,440.0,19.0,421.0,157.0,316.0,57.0,15.0,46.0,5.0,11.0,0.0,3.0,3.0,86.0,128.0,236.0,15.0,9.0,9.0,0.0,0.0,0.0,0.0,0.0,0.0,0.0,147.0,0.0,45.0,21.0,56.0,1.0,18.0,2.0,4.0,2.0,145.0,0.0,0.0,0.0,0.0,0.0,0.0,0.0,0.0,0.0,0.0,0.0,0.0,0.0,0.0,0.0,0.0,0.0,0.0,5.0,16.0,4.0,4.0,6.0,18.0,12.0,17.0,21.0,27.0,32.0,27.0,0.0,0.0,0.0,0.0,0.0,0.0,0.0,0.0,0.0,0.0,0.0,0.0,0.0,0.0,0.0,0.0,0.0,0.0,5.0,17.0,4.0,4.0,6.0,22.0,18.0,21.0,30.0,34.0,38.0,32.0
846,1.0,846.0,London_141,cons,151,453,1092.0,70.0,2.0,117780.0,0.6118621123023331,717.0,11.0,1.0,10.0,31.0,9.0,22.0,193.0,288.0,70.0,14.0,53.0,7.0,17.0,1.0,3.0,9.0,97.0,120.0,227.0,25.0,6.0,6.0,0.0,0.0,0.0,0.0,0.0,0.0,0.0,0.0,0.0,0.0,0.0,0.0,0.0,0.0,0.0,0.0,0.0,0.0,0.0,0.0,0.0,0.0,0.0,0.0,0.0,0.0,0.0,0.0,0.0,0.0,0.0,1.0,1.0,0.0,0.0,0.0,2.0,1.0,1.0,1.0,0.0,1.0,1.0,2.0,1.0,1.0,4.0,1.0,0.0,0.0,0.0,0.0,0.0,0.0,0.0,0.0,0.0,0.0,0.0,0.0,0.0,5.0,6.0,0.0,0.0,0.0,4.0,1.0,1.0,4.0,0.0,2.0,3.0,4.0,1.0,1.0,7.0,1.0
847,1.0,847.0,London_141,cons,151,453,1092.0,70.0,2.0,150849.0,0.8295534909702837,790.0,88.0,0.0,88.0,160.0,0.0,160.0,37.0,282.0,79.0,16.0,53.0,6.0,10.0,2.0,5.0,7.0,103.0,115.0,228.0,28.0,7.0,7.0,0.0,0.0,0.0,0.0,0.0,0.0,0.0,10.0,0.0,0.0,0.0,9.0,0.0,0.0,0.0,1.0,0.0,10.0,0.0,0.0,0.0,0.0,0.0,0.0,0.0,0.0,0.0,0.0,0.0,0.0,0.0,0.0,0.0,0.0,0.0,0.0,2.0,4.0,7.0,1.0,7.0,15.0,12.0,16.0,14.0,13.0,15.0,22.0,0.0,0.0,0.0,0.0,0.0,0.0,0.0,0.0,0.0,0.0,0.0,0.0,0.0,0.0,0.0,0.0,0.0,0.0,3.0,7.0,8.0,1.0,7.0,20.0,17.0,23.0,22.0,17.0,20.0,32.0
848,1.0,848.0,London_141,cons,151,453,1092.0,70.0,2.0,144054.0,0.7729690503329039,775.0,59.0,0.0,59.0,101.0,0.0,101.0,156.0,280.0,85.0,18.0,47.0,4.0,11.0,1.0,7.0,7.0,84.0,137.0,225.0,27.0,2.0,2.0,0.0,0.0,0.0,0.0,0.0,0.0,0.0,4.0,0.0,0.0,0.0,3.0,1.0,0.0,0.0,0.0,0.0,4.0,0.0,0.0,0.0,0.0,0.0,0.0,0.0,0.0,0.0,0.0,0.0,0.0,0.0,0.0,0.0,0.0,0.0,0.0,3.0,6.0,2.0,1.0,3.0,16.0,8.0,12.0,15.0,10.0,6.0,13.0,0.0,0.0,0.0,0.0,0.0,0.0,0.0,0.0,0.0,0.0,0.0,0.0,0.0,0.0,0.0,0.0,0.0,0.0,3.0,8.0,2.0,1.0,3.0,23.0,14.0,16.0,27.0,14.0,10.0,17.0
849,1.0,849.0,London_141,cons,151,453,1092.0,70.0,2.0,165345.0,1.0542256301268935,822.0,93.0,1.0,92.0,162.0,10.0,152.0,97.0,283.0,92.0,24.0,23.0,3.0,19.0,2.0,7.0,5.0,92.0,148.0,208.0,30.0,9.0,9.0,0.0,0.0,0.0,0.0,0.0,0.0,0.0,22.0,0.0,1.0,0.0,21.0,0.0,0.0,0.0,0.0,1.0,21.0,0.0,0.0,0.0,0.0,0.0,0.0,0.0,0.0,0.0,1.0,0.0,0.0,0.0,1.0,0.0,0.0,0.0,0.0,3.0,0.0,1.0,1.0,0.0,2.0,3.0,2.0,2.0,9.0,18.0,6.0,0.0,0.0,0.0,0.0,0.0,0.0,0.0,0.0,0.0,5.0,0.0,0.0,0.0,4.0,0.0,0.0,0.0,0.0,3.0,0.0,1.0,1.0,0.0,2.0,5.0,2.0,3.0,12.0,24.0,8.0
850,1.0,850.0,London_141,cons,151,453,1092.0,70.0,2.0,160362.0,0.9449570085853338,811.0,97.0,0.0,97.0,162.0,0.0,162.0,136.0,276.0,84.0,24.0,39.0,2.0,20.0,3.0,5.0,4.0,90.0,132.0,227.0,22.0,7.0,7.0,0.0,0.0,0.0,0.0,0.0,0.0,0.0,11.0,0.0,3.0,0.0,8.0,0.0,0.0,0.0,0.0,0.0,11.0,0.0,0.0,0.0,0.0,0.0,0.0,0.0,0.0,0.0,0.0,0.0,0.0,0.0,0.0,0.0,0.0,0.0,0.0,2.0,5.0,3.0,2.0,1.0,10.0,6.0,9.0,18.0,23.0,14.0,21.0,0.0,0.0,0.0,0.0,0.0,0.0,0.0,0.0,0.0,0.0,0.0,0.0,0.0,0.0,0.0,0.0,0.0,0.0,2.0,6.0,3.0,2.0,1.0,14.0,8.0,12.0,22.0,27.0,20.0,28.0
851,1.0,851.0,London_141,cons,151,453,1092.0,70.0,2.0,155379.0,0.9899145690724254,800.0,91.0,2.0,89.0,170.0,17.0,153.0,157.0,272.0,76.0,22.0,45.0,7.0,20.0,4.0,7.0,5.0,98.0,133.0,217.0,24.0,0.0,0.0,0.0,0.0,0.0,0.0,0.0,0.0,0.0,5.0,0.0,1.0,0.0,4.0,0.0,0.0,0.0,0.0,1.0,4.0,0.0,0.0,0.0,0.0,0.0,0.0,0.0,0.0,1.0,0.0,0.0,0.0,0.0,0.0,1.0,0.0,0.0,0.0,3.0,2.0,4.0,0.0,0.0,5.0,10.0,7.0,10.0,19.0,22.0,27.0,0.0,0.0,0.0,0.0,0.0,0.0,0.0,0.0,2.0,0.0,0.0,0.0,0.0,0.0,2.0,0.0,0.0,0.0,3.0,3.0,5.0,0.0,0.0,6.0,17.0,10.0,13.0,27.0,34.0,31.0
852,1.0,852.0,London_141,cons,151,453,1092.0,70.0,2.0,150396.0,0.8725255862809718,789.0,15.0,1.0,14.0,39.0,12.0,27.0,162.0,276.0,83.0,24.0,36.0,7.0,19.0,3.0,5.0,6.0,94.0,131.0,222.0,26.0,0.0,0.0,0.0,0.0,0.0,0.0,0.0,0.0,0.0,1.0,0.0,0.0,0.0,0.0,0.0,1.0,0.0,0.0,1.0,0.0,0.0,0.0,0.0,0.0,0.0,0.0,0.0,0.0,1.0,0.0,0.0,1.0,0.0,0.0,1.0,0.0,0.0,0.0,0.0,0.0,0.0,0.0,0.0,1.0,4.0,1.0,1.0,2.0,1.0,1.0,0.0,0.0,0.0,0.0,0.0,0.0,0.0,0.0,1.0,0.0,0.0,3.0,0.0,0.0,2.0,0.0,0.0,0.0,0.0,0.0,0.0,0.0,0.0,1.0,6.0,2.0,1.0,2.0,2.0,1.0
853,1.0,853.0,London_141,cons,151,453,1092.0,70.0,2.0,190260.0,1.3158573368564248,877.0,140.0,2.0,138.0,263.0,19.0,244.0,32.0,280.0,87.0,22.0,34.0,5.0,18.0,3.0,4.0,7.0,92.0,127.0,227.0,21.0,0.0,0.0,0.0,0.0,0.0,0.0,0.0,0.0,0.0,40.0,0.0,4.0,0.0,27.0,3.0,3.0,0.0,3.0,2.0,38.0,0.0,0.0,0.0,0.0,0.0,0.0,0.0,0.0,0.0,0.0,0.0,0.0,0.0,0.0,0.0,0.0,0.0,0.0,7.0,17.0,7.0,4.0,3.0,11.0,16.0,13.0,18.0,23.0,34.0,33.0,0.0,0.0,0.0,0.0,0.0,0.0,0.0,0.0,0.0,0.0,0.0,0.0,0.0,0.0,0.0,0.0,0.0,0.0,8.0,23.0,7.0,6.0,4.0,14.0,22.0,16.0,31.0,34.0,42.0,48.0
854,1.0,854.0,London_141,cons,151,453,1092.0,70.0,2.0,161721.0,0.988375922665,814.0,93.0,0.0,93.0,162.0,0.0,162.0,190.0,285.0,70.0,15.0,62.0,1.0,17.0,0.0,3.0,8.0,93.0,138.0,214.0,26.0,11.0,11.0,0.0,0.0,0.0,0.0,0.0,0.0,0.0,4.0,0.0,0.0,0.0,0.0,2.0,1.0,1.0,0.0,0.0,4.0,0.0,0.0,0.0,0.0,0.0,0.0,0.0,0.0,0.0,0.0,0.0,0.0,0.0,0.0,0.0,0.0,0.0,0.0,3.0,7.0,3.0,3.0,10.0,6.0,9.0,8.0,14.0,16.0,22.0,21.0,0.0,0.0,0.0,0.0,0.0,0.0,0.0,0.0,0.0,0.0,0.0,0.0,0.0,0.0,0.0,0.0,0.0,0.0,3.0,9.0,5.0,4.0,11.0,7.0,10.0,10.0,24.0,24.0,33.0,32.0
855,1.0,855.0,London_141,cons,151,453,1092.0,70.0,2.0,160362.0,0.9382285289466381,811.0,86.0,0.0,86.0,148.0,0.0,148.0,168.0,295.0,72.0,24.0,47.0,3.0,11.0,0.0,1.0,7.0,88.0,136.0,222.0,19.0,1.0,1.0,0.0,0.0,0.0,0.0,0.0,0.0,0.0,10.0,0.0,0.0,0.0,6.0,0.0,0.0,0.0,4.0,0.0,10.0,0.0,0.0,0.0,0.0,0.0,0.0,0.0,0.0,0.0,0.0,0.0,0.0,0.0,0.0,0.0,0.0,0.0,0.0,6.0,11.0,3.0,0.0,3.0,17.0,14.0,16.0,6.0,14.0,23.0,20.0,0.0,0.0,0.0,0.0,0.0,0.0,0.0,0.0,0.0,0.0,0.0,0.0,0.0,0.0,0.0,0.0,0.0,0.0,7.0,14.0,4.0,0.0,3.0,21.0,22.0,21.0,8.0,19.0,34.0,26.0
856,1.0,856.0,London_141,cons,151,453,1092.0,70.0,2.0,175764.0,1.3760692910291255,845.0,80.0,1.0,79.0,145.0,9.0,136.0,131.0,294.0,73.0,28.0,38.0,5.0,14.0,0.0,1.0,10.0,89.0,136.0,218.0,21.0,0.0,0.0,0.0,0.0,0.0,0.0,0.0,0.0,0.0,12.0,0.0,0.0,0.0,9.0,0.0,1.0,1.0,1.0,1.0,11.0,0.0,0.0,0.0,0.0,0.0,0.0,0.0,0.0,1.0,0.0,0.0,0.0,0.0,0.0,0.0,0.0,0.0,0.0,5.0,7.0,0.0,0.0,4.0,14.0,13.0,9.0,10.0,12.0,13.0,19.0,0.0,0.0,0.0,0.0,0.0,0.0,0.0,0.0,1.0,0.0,0.0,0.0,0.0,0.0,0.0,0.0,0.0,0.0,8.0,12.0,0.0,0.0,4.0,15.0,21.0,11.0,12.0,21.0,25.0,28.0
857,1.0,857.0,London_141,cons,151,453,1092.0,70.0,2.0,197508.0,1.3634498165920377,893.0,82.0,0.0,82.0,133.0,0.0,133.0,124.0,299.0,66.0,28.0,39.0,4.0,14.0,0.0,3.0,6.0,93.0,129.0,225.0,29.0,2.0,2.0,0.0,0.0,0.0,0.0,0.0,0.0,0.0,10.0,0.0,0.0,0.0,9.0,0.0,0.0,1.0,0.0,0.0,10.0,0.0,0.0,0.0,0.0,0.0,0.0,0.0,0.0,0.0,0.0,0.0,0.0,0.0,0.0,0.0,0.0,0.0,0.0,5.0,3.0,1.0,2.0,6.0,13.0,8.0,12.0,9.0,16.0,25.0,27.0,0.0,0.0,0.0,0.0,0.0,0.0,0.0,0.0,0.0,0.0,0.0,0.0,0.0,0.0,0.0,0.0,0.0,0.0,6.0,4.0,1.0,5.0,6.0,20.0,11.0,16.0,13.0,26.0,40.0,39.0
858,1.0,858.0,London_141,cons,151,453,1092.0,70.0,2.0,206115.0,1.219539200887084,912.0,60.0,2.0,58.0,111.0,20.0,91.0,124.0,299.0,63.0,35.0,29.0,6.0,13.0,3.0,5.0,4.0,93.0,142.0,214.0,21.0,7.0,7.0,0.0,0.0,0.0,0.0,0.0,0.0,0.0,5.0,0.0,0.0,0.0,3.0,0.0,1.0,0.0,1.0,2.0,3.0,0.0,0.0,0.0,0.0,0.0,0.0,0.0,0.0,0.0,1.0,0.0,2.0,0.0,1.0,0.0,0.0,0.0,0.0,1.0,1.0,3.0,0.0,0.0,1.0,4.0,1.0,3.0,12.0,11.0,5.0,0.0,0.0,0.0,0.0,0.0,0.0,0.0,0.0,0.0,3.0,0.0,3.0,0.0,2.0,0.0,0.0,0.0,0.0,2.0,3.0,3.0,0.0,0.0,1.0,6.0,3.0,6.0,13.0,13.0,7.0
859,1.0,859.0,London_141,cons,151,453,1092.0,70.0,2.0,227859.0,1.368555658031255,960.0,143.0,2.0,141.0,251.0,20.0,231.0,98.0,298.0,75.0,36.0,27.0,5.0,8.0,2.0,2.0,5.0,90.0,130.0,228.0,13.0,0.0,0.0,0.0,0.0,0.0,0.0,0.0,0.0,0.0,58.0,0.0,20.0,0.0,30.0,2.0,5.0,0.0,1.0,2.0,56.0,0.0,0.0,0.0,0.0,0.0,0.0,0.0,0.0,0.0,0.0,0.0,0.0,0.0,0.0,0.0,0.0,0.0,0.0,9.0,8.0,4.0,4.0,5.0,19.0,14.0,17.0,24.0,9.0,26.0,25.0,0.0,0.0,0.0,0.0,0.0,0.0,0.0,0.0,0.0,0.0,0.0,0.0,0.0,0.0,0.0,0.0,0.0,0.0,11.0,11.0,4.0,4.0,5.0,23.0,21.0,17.0,34.0,12.0,33.0,29.0
860,1.0,860.0,London_141,cons,151,453,1092.0,70.0,2.0,199773.0,1.1521011227741838,898.0,60.0,1.0,59.0,109.0,10.0,99.0,151.0,299.0,62.0,25.0,47.0,5.0,10.0,1.0,4.0,3.0,87.0,136.0,227.0,18.0,7.0,7.0,0.0,0.0,0.0,0.0,0.0,0.0,0.0,3.0,0.0,0.0,0.0,3.0,0.0,0.0,0.0,0.0,1.0,2.0,0.0,0.0,0.0,0.0,0.0,0.0,0.0,0.0,0.0,0.0,0.0,0.0,0.0,1.0,0.0,0.0,0.0,0.0,5.0,10.0,3.0,1.0,4.0,14.0,4.0,10.0,8.0,11.0,14.0,16.0,0.0,0.0,0.0,0.0,0.0,0.0,0.0,0.0,0.0,0.0,0.0,0.0,0.0,2.0,0.0,0.0,0.0,0.0,6.0,13.0,3.0,2.0,4.0,19.0,5.0,16.0,11.0,17.0,22.0,23.0
861,1.0,861.0,London_141,cons,151,453,1092.0,70.0,2.0,218346.0,1.3171062641777098,939.0,150.0,2.0,148.0,264.0,18.0,246.0,105.0,290.0,67.0,34.0,30.0,8.0,22.0,1.0,1.0,3.0,87.0,137.0,226.0,17.0,2.0,2.0,0.0,0.0,0.0,0.0,0.0,0.0,0.0,61.0,0.0,20.0,0.0,33.0,0.0,1.0,1.0,6.0,2.0,59.0,0.0,0.0,0.0,0.0,0.0,0.0,0.0,0.0,1.0,0.0,0.0,1.0,0.0,1.0,1.0,0.0,0.0,0.0,1.0,0.0,1.0,0.0,0.0,5.0,5.0,2.0,8.0,12.0,19.0,10.0,0.0,0.0,0.0,0.0,0.0,0.0,0.0,0.0,1.0,0.0,0.0,3.0,0.0,4.0,2.0,0.0,0.0,0.0,1.0,0.0,1.0,0.0,0.0,8.0,5.0,2.0,10.0,20.0,22.0,14.0
862,1.0,862.0,London_141,cons,151,453,1092.0,70.0,2.0,182106.0,0.9393533752299845,859.0,123.0,0.0,123.0,216.0,0.0,216.0,161.0,290.0,63.0,23.0,46.0,4.0,25.0,0.0,2.0,6.0,75.0,150.0,222.0,27.0,3.0,3.0,0.0,0.0,0.0,0.0,0.0,0.0,0.0,42.0,0.0,7.0,0.0,29.0,1.0,0.0,1.0,4.0,0.0,42.0,0.0,0.0,0.0,0.0,0.0,0.0,0.0,0.0,0.0,0.0,0.0,0.0,0.0,0.0,0.0,0.0,0.0,0.0,12.0,11.0,3.0,2.0,7.0,12.0,12.0,13.0,16.0,16.0,19.0,27.0,0.0,0.0,0.0,0.0,0.0,0.0,0.0,0.0,0.0,0.0,0.0,0.0,0.0,0.0,0.0,0.0,0.0,0.0,14.0,16.0,3.0,4.0,7.0,14.0,19.0,18.0,21.0,26.0,28.0,33.0
863,1.0,863.0,London_141,cons,151,453,1092.0,70.0,2.0,157191.0,0.8528086910955608,804.0,263.0,2.0,261.0,458.0,20.0,438.0,155.0,293.0,59.0,33.0,40.0,2.0,21.0,0.0,5.0,6.0,83.0,146.0,218.0,19.0,4.0,4.0,0.0,0.0,0.0,0.0,0.0,0.0,0.0,164.0,0.0,59.0,0.0,83.0,2.0,13.0,2.0,5.0,2.0,162.0,0.0,0.0,0.0,0.0,0.0,0.0,0.0,0.0,0.0,0.0,0.0,0.0,0.0,0.0,0.0,0.0,0.0,0.0,8.0,14.0,9.0,1.0,4.0,25.0,16.0,14.0,28.0,20.0,22.0,23.0,0.0,0.0,0.0,0.0,0.0,0.0,0.0,0.0,0.0,0.0,0.0,0.0,0.0,0.0,0.0,0.0,0.0,0.0,9.0,17.0,10.0,1.0,4.0,32.0,21.0,17.0,40.0,26.0,27.0,27.0
864,1.0,864.0,London_141,cons,151,453,1092.0,70.0,2.0,56172.0,0.30490845488384366,581.0,9.0,0.0,9.0,17.0,0.0,17.0,198.0,272.0,83.0,18.0,51.0,8.0,16.0,0.0,5.0,2.0,75.0,143.0,233.0,24.0,5.0,5.0,0.0,0.0,0.0,0.0,0.0,0.0,0.0,0.0,0.0,0.0,0.0,0.0,0.0,0.0,0.0,0.0,0.0,0.0,0.0,0.0,0.0,0.0,0.0,0.0,0.0,0.0,0.0,0.0,0.0,0.0,0.0,0.0,0.0,0.0,0.0,0.0,0.0,0.0,0.0,0.0,0.0,1.0,0.0,0.0,2.0,4.0,0.0,5.0,0.0,0.0,0.0,0.0,0.0,0.0,0.0,0.0,0.0,0.0,0.0,0.0,0.0,0.0,0.0,0.0,0.0,0.0,0.0,0.0,0.0,0.0,0.0,2.0,0.0,0.0,4.0,7.0,0.0,8.0
865,1.0,865.0,London_141,cons,151,453,1092.0,70.0,2.0,76557.0,0.34489353373646736,626.0,12.0,0.0,12.0,19.0,0.0,19.0,23.0,269.0,80.0,18.0,56.0,8.0,17.0,0.0,5.0,2.0,75.0,146.0,230.0,23.0,0.0,0.0,0.0,0.0,0.0,0.0,0.0,0.0,0.0,0.0,0.0,0.0,0.0,0.0,0.0,0.0,0.0,0.0,0.0,0.0,0.0,0.0,0.0,0.0,0.0,0.0,0.0,0.0,0.0,0.0,0.0,0.0,0.0,0.0,0.0,0.0,0.0,0.0,0.0,1.0,1.0,0.0,0.0,1.0,1.0,2.0,2.0,1.0,3.0,4.0,0.0,0.0,0.0,0.0,0.0,0.0,0.0,0.0,0.0,0.0,0.0,0.0,0.0,0.0,0.0,0.0,0.0,0.0,0.0,1.0,1.0,0.0,0.0,1.0,1.0,3.0,2.0,2.0,5.0,6.0
866,1.0,866.0,London_141,cons,151,453,1092.0,70.0,2.0,104190.0,0.5781011721119285,687.0,32.0,2.0,30.0,71.0,17.0,54.0,21.0,271.0,78.0,13.0,60.0,8.0,18.0,0.0,5.0,2.0,74.0,150.0,227.0,23.0,0.0,0.0,0.0,0.0,0.0,0.0,0.0,0.0,0.0,3.0,0.0,1.0,0.0,0.0,0.0,1.0,0.0,1.0,2.0,1.0,0.0,0.0,0.0,0.0,0.0,0.0,0.0,0.0,1.0,0.0,0.0,1.0,0.0,0.0,1.0,0.0,0.0,0.0,0.0,0.0,0.0,1.0,1.0,4.0,2.0,1.0,4.0,2.0,9.0,2.0,0.0,0.0,0.0,0.0,0.0,0.0,0.0,0.0,1.0,0.0,0.0,3.0,0.0,0.0,3.0,0.0,0.0,0.0,0.0,0.0,0.0,2.0,1.0,9.0,2.0,1.0,8.0,3.0,15.0,3.0
867,1.0,867.0,London_141,cons,151,453,1092.0,70.0,2.0,115968.0,0.6108428942970932,713.0,8.0,0.0,8.0,11.0,0.0,11.0,64.0,276.0,75.0,18.0,68.0,2.0,13.0,0.0,1.0,3.0,80.0,144.0,226.0,19.0,0.0,0.0,0.0,0.0,0.0,0.0,0.0,0.0,0.0,0.0,0.0,0.0,0.0,0.0,0.0,0.0,0.0,0.0,0.0,0.0,0.0,0.0,0.0,0.0,0.0,0.0,0.0,0.0,0.0,0.0,0.0,0.0,0.0,0.0,0.0,0.0,0.0,0.0,0.0,2.0,0.0,0.0,1.0,0.0,3.0,2.0,1.0,0.0,1.0,2.0,0.0,0.0,0.0,0.0,0.0,0.0,0.0,0.0,0.0,0.0,0.0,0.0,0.0,0.0,0.0,0.0,0.0,0.0,0.0,2.0,0.0,0.0,1.0,0.0,3.0,2.0,1.0,0.0,1.0,3.0
868,1.0,868.0,London_141,cons,151,453,1092.0,70.0,2.0,150396.0,0.8880082652904093,789.0,111.0,2.0,109.0,209.0,17.0,192.0,11.0,276.0,73.0,18.0,67.0,3.0,15.0,0.0,1.0,4.0,78.0,144.0,227.0,24.0,1.0,1.0,0.0,0.0,0.0,0.0,0.0,0.0,0.0,11.0,0.0,2.0,0.0,1.0,0.0,2.0,0.0,6.0,2.0,9.0,0.0,0.0,0.0,0.0,0.0,0.0,0.0,0.0,0.0,0.0,0.0,1.0,1.0,0.0,1.0,0.0,0.0,0.0,7.0,5.0,1.0,2.0,9.0,16.0,2.0,5.0,12.0,24.0,28.0,31.0,0.0,0.0,0.0,0.0,0.0,0.0,0.0,0.0,0.0,0.0,0.0,1.0,6.0,0.0,2.0,0.0,0.0,0.0,8.0,10.0,1.0,3.0,9.0,23.0,3.0,6.0,17.0,38.0,40.0,46.0
869,1.0,869.0,London_141,cons,151,453,1092.0,70.0,2.0,136353.0,0.7544756252318621,758.0,46.0,0.0,46.0,89.0,0.0,89.0,183.0,287.0,58.0,17.0,61.0,4.0,20.0,1.0,5.0,6.0,76.0,143.0,228.0,28.0,5.0,5.0,0.0,0.0,0.0,0.0,0.0,0.0,0.0,0.0,0.0,0.0,0.0,0.0,0.0,0.0,0.0,0.0,0.0,0.0,0.0,0.0,0.0,0.0,0.0,0.0,0.0,0.0,0.0,0.0,0.0,0.0,0.0,0.0,0.0,0.0,0.0,0.0,6.0,3.0,1.0,3.0,6.0,10.0,5.0,6.0,4.0,5.0,17.0,12.0,0.0,0.0,0.0,0.0,0.0,0.0,0.0,0.0,0.0,0.0,0.0,0.0,0.0,0.0,0.0,0.0,0.0,0.0,9.0,4.0,2.0,8.0,6.0,15.0,10.0,7.0,7.0,13.0,26.0,22.0
870,1.0,870.0,London_141,cons,151,453,1092.0,70.0,2.0,150849.0,0.8910692073404789,790.0,36.0,1.0,35.0,66.0,8.0,58.0,96.0,282.0,61.0,17.0,70.0,4.0,17.0,1.0,1.0,7.0,73.0,157.0,216.0,33.0,6.0,6.0,0.0,0.0,0.0,0.0,0.0,0.0,0.0,3.0,0.0,0.0,0.0,0.0,0.0,0.0,0.0,3.0,0.0,3.0,0.0,0.0,0.0,0.0,0.0,0.0,0.0,0.0,1.0,0.0,0.0,0.0,0.0,1.0,0.0,0.0,0.0,0.0,3.0,0.0,0.0,2.0,0.0,10.0,5.0,3.0,7.0,12.0,6.0,12.0,0.0,0.0,0.0,0.0,0.0,0.0,0.0,0.0,2.0,0.0,0.0,0.0,0.0,4.0,0.0,0.0,0.0,0.0,4.0,0.0,0.0,2.0,0.0,11.0,9.0,3.0,8.0,18.0,8.0,16.0
871,1.0,871.0,London_141,cons,151,453,1092.0,70.0,2.0,183012.0,1.0495923249982297,861.0,155.0,2.0,153.0,257.0,18.0,239.0,70.0,281.0,68.0,18.0,67.0,4.0,15.0,0.0,0.0,6.0,75.0,159.0,213.0,39.0,7.0,7.0,0.0,0.0,0.0,0.0,0.0,0.0,0.0,51.0,0.0,11.0,0.0,35.0,0.0,0.0,0.0,5.0,2.0,49.0,0.0,0.0,0.0,0.0,0.0,0.0,0.0,0.0,0.0,0.0,0.0,0.0,0.0,1.0,0.0,0.0,0.0,0.0,11.0,7.0,11.0,2.0,2.0,21.0,8.0,18.0,18.0,24.0,28.0,24.0,0.0,0.0,0.0,0.0,0.0,0.0,0.0,0.0,0.0,0.0,0.0,0.0,0.0,3.0,0.0,0.0,0.0,0.0,12.0,10.0,12.0,2.0,2.0,33.0,12.0,25.0,23.0,33.0,38.0,29.0
872,1.0,872.0,London_141,cons,151,453,1092.0,70.0,2.0,155379.0,0.8354803533293307,800.0,56.0,0.0,56.0,105.0,0.0,105.0,183.0,279.0,72.0,16.0,49.0,6.0,28.0,0.0,3.0,3.0,70.0,176.0,204.0,17.0,4.0,4.0,0.0,0.0,0.0,0.0,0.0,0.0,0.0,2.0,0.0,0.0,0.0,0.0,0.0,0.0,0.0,2.0,0.0,2.0,0.0,0.0,0.0,0.0,0.0,0.0,0.0,0.0,0.0,0.0,0.0,0.0,0.0,0.0,0.0,0.0,0.0,0.0,4.0,2.0,5.0,0.0,4.0,12.0,3.0,7.0,18.0,11.0,14.0,19.0,0.0,0.0,0.0,0.0,0.0,0.0,0.0,0.0,0.0,0.0,0.0,0.0,0.0,0.0,0.0,0.0,0.0,0.0,7.0,6.0,6.0,0.0,4.0,18.0,3.0,10.0,34.0,16.0,18.0,23.0
873,1.0,873.0,London_141,cons,151,453,1092.0,70.0,2.0,165345.0,0.8729149522259831,822.0,92.0,2.0,90.0,173.0,19.0,154.0,106.0,286.0,71.0,14.0,44.0,7.0,29.0,2.0,0.0,5.0,74.0,181.0,193.0,27.0,3.0,3.0,0.0,0.0,0.0,0.0,0.0,0.0,0.0,22.0,0.0,0.0,0.0,19.0,0.0,1.0,0.0,2.0,1.0,21.0,0.0,0.0,0.0,0.0,0.0,0.0,0.0,0.0,1.0,0.0,0.0,0.0,0.0,0.0,2.0,0.0,0.0,0.0,2.0,0.0,0.0,0.0,0.0,1.0,3.0,0.0,4.0,10.0,21.0,10.0,0.0,0.0,0.0,0.0,0.0,0.0,0.0,0.0,2.0,0.0,0.0,0.0,0.0,0.0,6.0,0.0,0.0,0.0,2.0,0.0,0.0,0.0,0.0,2.0,4.0,0.0,6.0,10.0,22.0,13.0
874,1.0,874.0,London_141,cons,151,453,1092.0,70.0,2.0,158550.0,0.8889614283107221,807.0,95.0,0.0,95.0,162.0,0.0,162.0,136.0,295.0,75.0,8.0,35.0,10.0,25.0,2.0,3.0,6.0,64.0,167.0,216.0,23.0,0.0,0.0,0.0,0.0,0.0,0.0,0.0,0.0,0.0,21.0,0.0,0.0,0.0,21.0,0.0,0.0,0.0,0.0,0.0,21.0,0.0,0.0,0.0,0.0,0.0,0.0,0.0,0.0,0.0,0.0,0.0,0.0,0.0,0.0,0.0,0.0,0.0,0.0,5.0,0.0,0.0,2.0,4.0,14.0,8.0,14.0,15.0,7.0,22.0,18.0,0.0,0.0,0.0,0.0,0.0,0.0,0.0,0.0,0.0,0.0,0.0,0.0,0.0,0.0,0.0,0.0,0.0,0.0,6.0,0.0,0.0,3.0,4.0,17.0,10.0,17.0,19.0,8.0,32.0,23.0
875,1.0,875.0,London_141,cons,151,453,1092.0,70.0,2.0,156738.0,0.848840719088912,803.0,127.0,0.0,127.0,209.0,0.0,209.0,132.0,292.0,76.0,9.0,37.0,11.0,25.0,1.0,2.0,4.0,67.0,177.0,205.0,19.0,1.0,1.0,0.0,0.0,0.0,0.0,0.0,0.0,0.0,42.0,0.0,4.0,6.0,27.0,0.0,0.0,1.0,4.0,0.0,42.0,0.0,0.0,0.0,0.0,0.0,0.0,0.0,0.0,0.0,0.0,0.0,0.0,0.0,0.0,0.0,0.0,0.0,0.0,2.0,0.0,0.0,1.0,6.0,6.0,4.0,7.0,3.0,16.0,29.0,14.0,0.0,0.0,0.0,0.0,0.0,0.0,0.0,0.0,0.0,0.0,0.0,0.0,0.0,0.0,0.0,0.0,0.0,0.0,3.0,0.0,0.0,1.0,6.0,6.0,6.0,8.0,3.0,20.0,44.0,14.0
876,1.0,876.0,London_141,cons,151,453,1092.0,70.0,2.0,138165.0,0.6957029672339559,762.0,5.0,3.0,2.0,29.0,25.0,4.0,151.0,299.0,61.0,13.0,41.0,14.0,20.0,1.0,4.0,2.0,69.0,172.0,210.0,21.0,0.0,0.0,0.0,0.0,0.0,0.0,0.0,0.0,0.0,2.0,0.0,0.0,0.0,0.0,0.0,2.0,0.0,0.0,2.0,0.0,0.0,0.0,0.0,0.0,0.0,0.0,0.0,0.0,0.0,2.0,0.0,0.0,0.0,0.0,0.0,0.0,0.0,0.0,0.0,0.0,0.0,0.0,0.0,0.0,0.0,0.0,0.0,1.0,0.0,0.0,0.0,0.0,0.0,0.0,0.0,0.0,0.0,0.0,0.0,5.0,0.0,0.0,0.0,0.0,0.0,0.0,0.0,0.0,0.0,0.0,0.0,0.0,0.0,0.0,0.0,0.0,0.0,1.0,0.0,0.0
877,1.0,877.0,London_141,cons,151,453,1092.0,70.0,2.0,179841.0,1.1026081750169396,854.0,151.0,1.0,150.0,274.0,10.0,264.0,13.0,301.0,62.0,14.0,46.0,6.0,18.0,1.0,5.0,1.0,66.0,172.0,214.0,20.0,1.0,1.0,0.0,0.0,0.0,0.0,0.0,0.0,0.0,59.0,0.0,21.0,4.0,22.0,0.0,6.0,0.0,6.0,1.0,58.0,0.0,0.0,0.0,0.0,0.0,0.0,0.0,0.0,0.0,0.0,0.0,0.0,0.0,0.0,0.0,0.0,0.0,0.0,8.0,9.0,2.0,1.0,7.0,31.0,20.0,17.0,22.0,22.0,22.0,29.0,0.0,0.0,0.0,0.0,0.0,0.0,0.0,0.0,0.0,0.0,0.0,0.0,0.0,0.0,0.0,0.0,0.0,0.0,9.0,11.0,2.0,2.0,7.0,45.0,33.0,22.0,34.0,32.0,29.0,39.0
878,1.0,878.0,London_141,cons,151,453,1092.0,70.0,2.0,151302.0,0.8801613082177937,791.0,58.0,1.0,57.0,101.0,7.0,94.0,171.0,310.0,69.0,6.0,47.0,3.0,12.0,2.0,4.0,4.0,72.0,180.0,197.0,26.0,1.0,1.0,0.0,0.0,0.0,0.0,0.0,0.0,0.0,1.0,0.0,0.0,0.0,1.0,0.0,0.0,0.0,0.0,1.0,0.0,0.0,0.0,0.0,0.0,0.0,0.0,0.0,0.0,1.0,0.0,0.0,0.0,0.0,0.0,1.0,0.0,0.0,0.0,1.0,0.0,0.0,1.0,0.0,5.0,4.0,7.0,3.0,9.0,19.0,9.0,0.0,0.0,0.0,0.0,0.0,0.0,0.0,0.0,3.0,0.0,0.0,0.0,0.0,0.0,2.0,0.0,0.0,0.0,1.0,0.0,0.0,2.0,0.0,7.0,5.0,9.0,4.0,16.0,26.0,12.0
879,1.0,879.0,London_141,cons,151,453,1092.0,70.0,2.0,171687.0,0.9823625306598842,836.0,46.0,0.0,46.0,74.0,0.0,74.0,100.0,319.0,69.0,12.0,33.0,5.0,11.0,0.0,4.0,4.0,69.0,173.0,207.0,14.0,5.0,5.0,0.0,0.0,0.0,0.0,0.0,0.0,0.0,1.0,0.0,0.0,0.0,0.0,0.0,0.0,1.0,0.0,0.0,1.0,0.0,0.0,0.0,0.0,0.0,0.0,0.0,0.0,0.0,0.0,0.0,0.0,0.0,0.0,0.0,0.0,0.0,0.0,7.0,8.0,8.0,1.0,2.0,9.0,7.0,7.0,9.0,12.0,12.0,13.0,0.0,0.0,0.0,0.0,0.0,0.0,0.0,0.0,0.0,0.0,0.0,0.0,0.0,0.0,0.0,0.0,0.0,0.0,9.0,14.0,8.0,1.0,3.0,14.0,12.0,12.0,12.0,19.0,17.0,19.0
880,1.0,880.0,London_141,cons,151,453,1092.0,70.0,2.0,193884.0,1.0662506567314267,885.0,151.0,2.0,149.0,267.0,19.0,248.0,79.0,316.0,67.0,9.0,38.0,3.0,15.0,1.0,4.0,4.0,70.0,181.0,198.0,25.0,6.0,6.0,0.0,0.0,0.0,0.0,0.0,0.0,0.0,60.0,0.0,3.0,5.0,44.0,0.0,4.0,1.0,3.0,1.0,59.0,0.0,0.0,0.0,0.0,0.0,0.0,0.0,0.0,0.0,0.0,0.0,0.0,0.0,0.0,0.0,0.0,0.0,0.0,14.0,8.0,4.0,4.0,6.0,21.0,11.0,25.0,20.0,22.0,21.0,29.0,0.0,0.0,0.0,0.0,0.0,0.0,0.0,0.0,0.0,0.0,0.0,0.0,0.0,0.0,0.0,0.0,0.0,0.0,15.0,9.0,4.0,4.0,6.0,26.0,16.0,31.0,30.0,29.0,25.0,36.0
881,1.0,881.0,London_141,cons,151,453,1092.0,70.0,2.0,165345.0,0.9865198899060488,822.0,61.0,0.0,61.0,106.0,0.0,106.0,171.0,301.0,61.0,18.0,50.0,2.0,18.0,1.0,2.0,3.0,84.0,169.0,197.0,12.0,0.0,0.0,0.0,0.0,0.0,0.0,0.0,0.0,0.0,0.0,0.0,0.0,0.0,0.0,0.0,0.0,0.0,0.0,0.0,0.0,0.0,0.0,0.0,0.0,0.0,0.0,0.0,0.0,0.0,0.0,0.0,0.0,0.0,0.0,0.0,0.0,0.0,0.0,10.0,5.0,1.0,0.0,3.0,11.0,10.0,7.0,10.0,9.0,14.0,20.0,0.0,0.0,0.0,0.0,0.0,0.0,0.0,0.0,0.0,0.0,0.0,0.0,0.0,0.0,0.0,0.0,0.0,0.0,13.0,7.0,1.0,0.0,3.0,16.0,15.0,9.0,13.0,14.0,20.0,24.0
882,1.0,882.0,London_141,cons,151,453,1092.0,70.0,2.0,177576.0,1.0739801554009318,849.0,171.0,0.0,171.0,296.0,0.0,296.0,106.0,309.0,62.0,19.0,36.0,2.0,21.0,2.0,2.0,3.0,77.0,172.0,201.0,13.0,4.0,4.0,0.0,0.0,0.0,0.0,0.0,0.0,0.0,82.0,0.0,33.0,3.0,41.0,0.0,2.0,0.0,3.0,0.0,82.0,0.0,0.0,0.0,0.0,0.0,0.0,0.0,0.0,0.0,0.0,0.0,0.0,0.0,0.0,0.0,0.0,0.0,0.0,4.0,12.0,3.0,0.0,8.0,18.0,17.0,23.0,19.0,13.0,27.0,25.0,0.0,0.0,0.0,0.0,0.0,0.0,0.0,0.0,0.0,0.0,0.0,0.0,0.0,0.0,0.0,0.0,0.0,0.0,5.0,15.0,4.0,0.0,8.0,23.0,21.0,29.0,23.0,18.0,38.0,35.0
883,1.0,883.0,London_141,cons,151,453,1092.0,70.0,2.0,134994.0,1.0564210969023407,755.0,24.0,0.0,24.0,42.0,0.0,42.0,176.0,296.0,67.0,22.0,49.0,4.0,11.0,0.0,4.0,2.0,84.0,160.0,207.0,24.0,1.0,1.0,0.0,0.0,0.0,0.0,0.0,0.0,0.0,0.0,0.0,0.0,0.0,0.0,0.0,0.0,0.0,0.0,0.0,0.0,0.0,0.0,0.0,0.0,0.0,0.0,0.0,0.0,0.0,0.0,0.0,0.0,0.0,0.0,0.0,0.0,0.0,0.0,3.0,1.0,1.0,1.0,2.0,7.0,3.0,3.0,5.0,1.0,6.0,2.0,0.0,0.0,0.0,0.0,0.0,0.0,0.0,0.0,0.0,0.0,0.0,0.0,0.0,0.0,0.0,0.0,0.0,0.0,6.0,3.0,2.0,4.0,2.0,9.0,3.0,4.0,11.0,1.0,9.0,3.0
884,1.0,884.0,London_141,cons,151,453,1092.0,70.0,2.0,160362.0,0.9736300990916789,811.0,125.0,2.0,123.0,236.0,17.0,219.0,44.0,295.0,78.0,19.0,44.0,5.0,8.0,0.0,4.0,3.0,85.0,163.0,202.0,22.0,7.0,7.0,0.0,0.0,0.0,0.0,0.0,0.0,0.0,34.0,0.0,8.0,0.0,23.0,1.0,0.0,0.0,2.0,1.0,33.0,0.0,0.0,0.0,0.0,0.0,0.0,0.0,0.0,0.0,0.0,0.0,0.0,0.0,0.0,0.0,0.0,0.0,0.0,4.0,10.0,4.0,1.0,7.0,17.0,12.0,14.0,22.0,22.0,26.0,26.0,0.0,0.0,0.0,0.0,0.0,0.0,0.0,0.0,0.0,0.0,0.0,0.0,0.0,0.0,0.0,0.0,0.0,0.0,5.0,16.0,5.0,1.0,7.0,26.0,15.0,17.0,27.0,33.0,35.0,34.0
885,1.0,885.0,London_141,cons,151,453,1092.0,70.0,2.0,139071.0,0.7440868779085577,764.0,92.0,2.0,90.0,170.0,18.0,152.0,178.0,297.0,59.0,17.0,61.0,5.0,10.0,1.0,3.0,5.0,96.0,162.0,190.0,19.0,2.0,2.0,0.0,0.0,0.0,0.0,0.0,0.0,0.0,6.0,0.0,0.0,0.0,6.0,0.0,0.0,0.0,0.0,2.0,4.0,0.0,0.0,0.0,0.0,0.0,0.0,0.0,0.0,0.0,0.0,0.0,1.0,0.0,1.0,1.0,0.0,0.0,0.0,10.0,6.0,3.0,3.0,4.0,18.0,12.0,14.0,14.0,11.0,21.0,26.0,0.0,0.0,0.0,0.0,0.0,0.0,0.0,0.0,0.0,0.0,0.0,1.0,0.0,1.0,1.0,0.0,0.0,0.0,10.0,6.0,3.0,5.0,4.0,24.0,21.0,18.0,20.0,14.0,32.0,35.0
886,1.0,886.0,London_141,cons,151,453,1092.0,70.0,2.0,142242.0,0.994650601875037,771.0,94.0,0.0,94.0,159.0,0.0,159.0,154.0,299.0,67.0,20.0,39.0,10.0,9.0,3.0,6.0,4.0,89.0,167.0,193.0,29.0,1.0,1.0,0.0,0.0,0.0,0.0,0.0,0.0,0.0,9.0,0.0,0.0,0.0,4.0,0.0,4.0,0.0,1.0,0.0,9.0,0.0,0.0,0.0,0.0,0.0,0.0,0.0,0.0,0.0,0.0,0.0,0.0,0.0,0.0,0.0,0.0,0.0,0.0,8.0,4.0,3.0,1.0,7.0,19.0,7.0,10.0,24.0,20.0,19.0,21.0,0.0,0.0,0.0,0.0,0.0,0.0,0.0,0.0,0.0,0.0,0.0,0.0,0.0,0.0,0.0,0.0,0.0,0.0,9.0,5.0,3.0,2.0,7.0,24.0,10.0,13.0,33.0,30.0,25.0,26.0
887,1.0,887.0,London_141,cons,151,453,1092.0,70.0,2.0,134994.0,0.7385218739509583,755.0,75.0,2.0,73.0,151.0,19.0,132.0,149.0,305.0,68.0,25.0,44.0,1.0,7.0,1.0,2.0,6.0,90.0,160.0,197.0,29.0,0.0,0.0,0.0,0.0,0.0,0.0,0.0,0.0,0.0,14.0,0.0,0.0,0.0,7.0,1.0,5.0,0.0,1.0,2.0,12.0,0.0,0.0,0.0,0.0,0.0,0.0,0.0,0.0,1.0,0.0,0.0,1.0,0.0,1.0,1.0,0.0,0.0,0.0,1.0,3.0,0.0,0.0,1.0,12.0,5.0,6.0,17.0,16.0,16.0,16.0,0.0,0.0,0.0,0.0,0.0,0.0,0.0,0.0,1.0,0.0,0.0,1.0,0.0,1.0,1.0,0.0,0.0,0.0,1.0,5.0,0.0,0.0,1.0,15.0,7.0,9.0,25.0,25.0,21.0,23.0
888,1.0,888.0,London_141,cons,151,453,1092.0,70.0,2.0,145866.0,1.0532920039258897,779.0,1.0,1.0,0.0,9.0,9.0,0.0,118.0,313.0,57.0,31.0,34.0,3.0,14.0,0.0,1.0,6.0,88.0,168.0,191.0,23.0,7.0,7.0,0.0,0.0,0.0,0.0,0.0,0.0,0.0,1.0,0.0,0.0,0.0,0.0,0.0,1.0,0.0,0.0,1.0,0.0,0.0,0.0,0.0,0.0,0.0,0.0,0.0,0.0,1.0,0.0,0.0,0.0,0.0,1.0,1.0,0.0,0.0,0.0,0.0,0.0,0.0,0.0,0.0,0.0,0.0,0.0,0.0,0.0,0.0,0.0,0.0,0.0,0.0,0.0,0.0,0.0,0.0,0.0,3.0,0.0,0.0,0.0,0.0,5.0,4.0,0.0,0.0,0.0,0.0,0.0,0.0,0.0,0.0,0.0,0.0,0.0,0.0,0.0,0.0,0.0
889,1.0,889.0,London_141,cons,151,453,1092.0,70.0,2.0,181653.0,1.0311936573125422,858.0,66.0,0.0,66.0,110.0,0.0,110.0,13.0,307.0,63.0,33.0,36.0,3.0,9.0,1.0,1.0,6.0,89.0,167.0,191.0,20.0,6.0,6.0,0.0,0.0,0.0,0.0,0.0,0.0,0.0,2.0,0.0,0.0,0.0,2.0,0.0,0.0,0.0,0.0,0.0,2.0,0.0,0.0,0.0,0.0,0.0,0.0,0.0,0.0,0.0,0.0,0.0,0.0,0.0,0.0,0.0,0.0,0.0,0.0,3.0,10.0,5.0,1.0,6.0,16.0,3.0,5.0,11.0,11.0,16.0,22.0,0.0,0.0,0.0,0.0,0.0,0.0,0.0,0.0,0.0,0.0,0.0,0.0,0.0,0.0,0.0,0.0,0.0,0.0,3.0,15.0,6.0,1.0,6.0,20.0,6.0,8.0,17.0,16.0,25.0,27.0
890,1.0,890.0,London_141,cons,151,453,1092.0,70.0,2.0,184824.0,0.9914011531509459,865.0,136.0,0.0,136.0,237.0,0.0,237.0,116.0,305.0,67.0,27.0,29.0,4.0,17.0,1.0,3.0,8.0,91.0,163.0,191.0,21.0,4.0,4.0,0.0,0.0,0.0,0.0,0.0,0.0,0.0,55.0,0.0,0.0,0.0,43.0,1.0,7.0,1.0,3.0,0.0,55.0,0.0,0.0,0.0,0.0,0.0,0.0,0.0,0.0,0.0,0.0,0.0,0.0,0.0,0.0,0.0,0.0,0.0,0.0,5.0,10.0,2.0,3.0,8.0,22.0,10.0,10.0,18.0,24.0,17.0,22.0,0.0,0.0,0.0,0.0,0.0,0.0,0.0,0.0,0.0,0.0,0.0,0.0,0.0,0.0,0.0,0.0,0.0,0.0,6.0,15.0,2.0,4.0,8.0,26.0,14.0,13.0,21.0,32.0,20.0,25.0
891,1.0,891.0,London_141,cons,151,453,1092.0,70.0,2.0,151755.0,1.167648334056139,792.0,125.0,1.0,124.0,219.0,10.0,209.0,147.0,303.0,58.0,29.0,50.0,1.0,10.0,0.0,2.0,3.0,87.0,164.0,199.0,29.0,3.0,3.0,0.0,0.0,0.0,0.0,0.0,0.0,0.0,45.0,0.0,21.0,0.0,14.0,0.0,9.0,0.0,1.0,1.0,44.0,0.0,0.0,0.0,0.0,0.0,0.0,0.0,0.0,0.0,0.0,0.0,0.0,0.0,1.0,0.0,0.0,0.0,0.0,7.0,9.0,5.0,2.0,4.0,18.0,17.0,15.0,15.0,19.0,27.0,21.0,0.0,0.0,0.0,0.0,0.0,0.0,0.0,0.0,0.0,0.0,0.0,0.0,0.0,3.0,0.0,0.0,0.0,0.0,8.0,9.0,7.0,2.0,4.0,23.0,25.0,21.0,19.0,22.0,33.0,25.0
892,1.0,892.0,London_141,cons,151,453,1092.0,70.0,2.0,130011.0,0.7244381159543991,744.0,150.0,0.0,150.0,266.0,0.0,266.0,152.0,295.0,66.0,27.0,43.0,7.0,13.0,1.0,1.0,3.0,85.0,167.0,198.0,13.0,5.0,5.0,0.0,0.0,0.0,0.0,0.0,0.0,0.0,61.0,0.0,16.0,0.0,34.0,0.0,3.0,0.0,8.0,0.0,61.0,0.0,0.0,0.0,0.0,0.0,0.0,0.0,0.0,0.0,0.0,0.0,0.0,0.0,0.0,0.0,0.0,0.0,0.0,12.0,9.0,2.0,2.0,8.0,16.0,7.0,16.0,17.0,18.0,24.0,34.0,0.0,0.0,0.0,0.0,0.0,0.0,0.0,0.0,0.0,0.0,0.0,0.0,0.0,0.0,0.0,0.0,0.0,0.0,17.0,11.0,2.0,3.0,8.0,23.0,8.0,22.0,21.0,22.0,29.0,41.0
893,1.0,893.0,London_141,cons,151,453,1092.0,70.0,2.0,95130.0,0.5350615340285003,667.0,24.0,2.0,22.0,57.0,17.0,40.0,169.0,292.0,70.0,29.0,45.0,3.0,9.0,1.0,4.0,8.0,82.0,156.0,207.0,18.0,0.0,0.0,0.0,0.0,0.0,0.0,0.0,0.0,0.0,2.0,0.0,2.0,0.0,0.0,0.0,0.0,0.0,0.0,2.0,0.0,0.0,0.0,0.0,0.0,0.0,0.0,0.0,0.0,1.0,0.0,0.0,0.0,0.0,0.0,1.0,0.0,0.0,0.0,0.0,0.0,0.0,0.0,0.0,0.0,1.0,0.0,1.0,1.0,5.0,1.0,0.0,0.0,0.0,0.0,0.0,0.0,0.0,0.0,3.0,0.0,0.0,0.0,0.0,0.0,1.0,0.0,0.0,0.0,0.0,0.0,0.0,0.0,0.0,0.0,1.0,0.0,2.0,2.0,6.0,1.0
894,1.0,894.0,London_141,cons,151,453,1092.0,70.0,2.0,122310.0,0.7578720049932599,727.0,77.0,1.0,76.0,141.0,12.0,129.0,49.0,296.0,63.0,27.0,45.0,5.0,12.0,1.0,4.0,5.0,83.0,156.0,209.0,11.0,6.0,6.0,0.0,0.0,0.0,0.0,0.0,0.0,0.0,1.0,0.0,0.0,0.0,0.0,0.0,1.0,0.0,0.0,1.0,0.0,0.0,0.0,0.0,0.0,0.0,0.0,0.0,0.0,1.0,0.0,0.0,1.0,0.0,0.0,1.0,0.0,0.0,0.0,1.0,5.0,4.0,1.0,2.0,2.0,5.0,2.0,15.0,12.0,22.0,12.0,0.0,0.0,0.0,0.0,0.0,0.0,0.0,0.0,1.0,0.0,0.0,3.0,0.0,0.0,3.0,0.0,0.0,0.0,1.0,7.0,5.0,2.0,2.0,3.0,9.0,2.0,23.0,19.0,34.0,16.0
895,1.0,895.0,London_141,cons,151,453,1092.0,70.0,2.0,113250.0,0.5931504489853978,707.0,8.0,2.0,6.0,28.0,19.0,9.0,140.0,304.0,60.0,30.0,39.0,7.0,10.0,0.0,3.0,5.0,88.0,142.0,218.0,25.0,0.0,0.0,0.0,0.0,0.0,0.0,0.0,0.0,0.0,2.0,0.0,0.0,0.0,1.0,0.0,1.0,0.0,0.0,2.0,0.0,0.0,0.0,0.0,0.0,0.0,0.0,0.0,0.0,0.0,1.0,0.0,1.0,0.0,1.0,2.0,0.0,0.0,0.0,0.0,0.0,0.0,0.0,0.0,0.0,1.0,0.0,0.0,0.0,0.0,0.0,0.0,0.0,0.0,0.0,0.0,0.0,0.0,0.0,0.0,4.0,0.0,1.0,0.0,1.0,2.0,0.0,0.0,0.0,0.0,0.0,0.0,0.0,0.0,0.0,1.0,0.0,0.0,0.0,0.0,0.0
896,1.0,896.0,London_141,cons,151,453,1092.0,70.0,2.0,144054.0,0.7924966709688306,775.0,59.0,0.0,59.0,121.0,0.0,121.0,15.0,306.0,65.0,27.0,33.0,8.0,10.0,0.0,4.0,3.0,87.0,142.0,221.0,20.0,2.0,2.0,0.0,0.0,0.0,0.0,0.0,0.0,0.0,11.0,0.0,0.0,0.0,11.0,0.0,0.0,0.0,0.0,0.0,11.0,0.0,0.0,0.0,0.0,0.0,0.0,0.0,0.0,0.0,0.0,0.0,0.0,0.0,0.0,0.0,0.0,0.0,0.0,8.0,3.0,1.0,0.0,6.0,20.0,7.0,11.0,16.0,9.0,14.0,17.0,0.0,0.0,0.0,0.0,0.0,0.0,0.0,0.0,0.0,0.0,0.0,0.0,0.0,0.0,0.0,0.0,0.0,0.0,13.0,5.0,1.0,0.0,6.0,33.0,12.0,22.0,22.0,18.0,22.0,26.0
897,1.0,897.0,London_141,cons,151,453,1092.0,70.0,2.0,159909.0,0.910773464012891,810.0,67.0,0.0,67.0,122.0,0.0,122.0,109.0,310.0,55.0,31.0,30.0,7.0,16.0,1.0,3.0,4.0,79.0,153.0,217.0,13.0,9.0,9.0,0.0,0.0,0.0,0.0,0.0,0.0,0.0,12.0,0.0,0.0,0.0,12.0,0.0,0.0,0.0,0.0,0.0,12.0,0.0,0.0,0.0,0.0,0.0,0.0,0.0,0.0,0.0,0.0,0.0,0.0,0.0,0.0,0.0,0.0,0.0,0.0,7.0,12.0,5.0,0.0,6.0,16.0,7.0,11.0,13.0,17.0,16.0,14.0,0.0,0.0,0.0,0.0,0.0,0.0,0.0,0.0,0.0,0.0,0.0,0.0,0.0,0.0,0.0,0.0,0.0,0.0,8.0,22.0,5.0,0.0,6.0,22.0,12.0,17.0,18.0,24.0,23.0,21.0
898,1.0,898.0,London_141,cons,151,453,1092.0,70.0,2.0,160815.0,0.9821294881403446,812.0,102.0,1.0,101.0,167.0,9.0,158.0,116.0,303.0,47.0,33.0,38.0,10.0,16.0,2.0,4.0,8.0,73.0,155.0,217.0,21.0,7.0,7.0,0.0,0.0,0.0,0.0,0.0,0.0,0.0,28.0,0.0,6.0,0.0,16.0,0.0,1.0,2.0,3.0,1.0,27.0,0.0,0.0,0.0,0.0,0.0,0.0,0.0,0.0,1.0,0.0,0.0,0.0,0.0,0.0,1.0,0.0,0.0,0.0,0.0,1.0,1.0,0.0,1.0,7.0,5.0,7.0,5.0,13.0,21.0,12.0,0.0,0.0,0.0,0.0,0.0,0.0,0.0,0.0,2.0,0.0,0.0,0.0,0.0,0.0,3.0,0.0,0.0,0.0,0.0,1.0,1.0,0.0,1.0,9.0,5.0,11.0,7.0,15.0,30.0,12.0
899,1.0,899.0,London_141,cons,151,453,1092.0,70.0,2.0,138165.0,0.6953414920717478,762.0,117.0,0.0,117.0,197.0,0.0,197.0,134.0,304.0,45.0,28.0,47.0,8.0,19.0,0.0,2.0,4.0,80.0,151.0,218.0,19.0,0.0,0.0,0.0,0.0,0.0,0.0,0.0,0.0,0.0,40.0,0.0,21.0,0.0,15.0,0.0,0.0,1.0,3.0,0.0,40.0,0.0,0.0,0.0,0.0,0.0,0.0,0.0,0.0,0.0,0.0,0.0,0.0,0.0,0.0,0.0,0.0,0.0,0.0,6.0,10.0,5.0,1.0,5.0,17.0,11.0,11.0,7.0,16.0,24.0,21.0,0.0,0.0,0.0,0.0,0.0,0.0,0.0,0.0,0.0,0.0,0.0,0.0,0.0,0.0,0.0,0.0,0.0,0.0,8.0,16.0,5.0,1.0,5.0,27.0,14.0,15.0,9.0,22.0,29.0,25.0
900,1.0,900.0,London_141,cons,151,453,1092.0,70.0,2.0,107814.0,0.5923481206409633,695.0,75.0,2.0,73.0,144.0,20.0,124.0,132.0,306.0,48.0,24.0,44.0,9.0,21.0,0.0,1.0,4.0,83.0,162.0,204.0,22.0,0.0,0.0,0.0,0.0,0.0,0.0,0.0,0.0,0.0,8.0,0.0,4.0,0.0,1.0,0.0,1.0,0.0,2.0,2.0,6.0,0.0,0.0,0.0,0.0,0.0,0.0,0.0,0.0,0.0,1.0,0.0,1.0,0.0,1.0,1.0,0.0,0.0,0.0,0.0,6.0,0.0,2.0,0.0,4.0,1.0,5.0,10.0,10.0,21.0,11.0,0.0,0.0,0.0,0.0,0.0,0.0,0.0,0.0,0.0,2.0,0.0,3.0,0.0,2.0,2.0,0.0,0.0,0.0,0.0,10.0,0.0,4.0,0.0,5.0,1.0,5.0,13.0,16.0,35.0,13.0
901,1.0,901.0,London_141,cons,151,453,1092.0,70.0,2.0,94677.0,0.4513503168709576,666.0,40.0,2.0,38.0,84.0,20.0,64.0,120.0,318.0,49.0,14.0,42.0,9.0,17.0,1.0,3.0,6.0,76.0,150.0,221.0,24.0,1.0,1.0,0.0,0.0,0.0,0.0,0.0,0.0,0.0,2.0,0.0,0.0,0.0,0.0,0.0,2.0,0.0,0.0,2.0,0.0,0.0,0.0,0.0,0.0,0.0,0.0,0.0,0.0,1.0,0.0,0.0,0.0,1.0,0.0,2.0,0.0,0.0,0.0,1.0,1.0,1.0,0.0,0.0,3.0,1.0,0.0,5.0,10.0,7.0,6.0,0.0,0.0,0.0,0.0,0.0,0.0,0.0,0.0,3.0,0.0,0.0,0.0,3.0,0.0,4.0,0.0,0.0,0.0,1.0,3.0,1.0,0.0,0.0,5.0,2.0,0.0,6.0,16.0,10.0,7.0
902,1.0,902.0,London_141,cons,151,453,1092.0,70.0,2.0,110532.0,0.554777713958174,701.0,123.0,1.0,122.0,223.0,10.0,213.0,69.0,319.0,59.0,16.0,36.0,11.0,10.0,1.0,1.0,7.0,71.0,157.0,218.0,23.0,0.0,0.0,0.0,0.0,0.0,0.0,0.0,0.0,0.0,56.0,0.0,26.0,0.0,25.0,0.0,0.0,0.0,5.0,1.0,55.0,0.0,0.0,0.0,0.0,0.0,0.0,0.0,0.0,0.0,0.0,0.0,0.0,0.0,0.0,0.0,0.0,0.0,0.0,4.0,8.0,5.0,1.0,6.0,21.0,8.0,17.0,15.0,17.0,21.0,24.0,0.0,0.0,0.0,0.0,0.0,0.0,0.0,0.0,0.0,0.0,0.0,0.0,0.0,0.0,0.0,0.0,0.0,0.0,4.0,10.0,6.0,1.0,6.0,27.0,12.0,23.0,24.0,27.0,24.0,37.0
903,1.0,903.0,London_141,cons,151,453,1092.0,70.0,2.0,101925.0,0.5155797908082604,682.0,54.0,2.0,52.0,106.0,18.0,88.0,134.0,317.0,58.0,15.0,39.0,10.0,12.0,1.0,1.0,4.0,77.0,144.0,228.0,21.0,7.0,7.0,0.0,0.0,0.0,0.0,0.0,0.0,0.0,3.0,0.0,0.0,0.0,0.0,0.0,2.0,0.0,1.0,2.0,1.0,0.0,0.0,0.0,0.0,0.0,0.0,0.0,0.0,0.0,0.0,0.0,1.0,0.0,1.0,1.0,0.0,0.0,0.0,5.0,7.0,2.0,1.0,1.0,13.0,8.0,2.0,13.0,11.0,12.0,14.0,0.0,0.0,0.0,0.0,0.0,0.0,0.0,0.0,0.0,0.0,0.0,3.0,0.0,3.0,2.0,0.0,0.0,0.0,5.0,10.0,2.0,1.0,1.0,18.0,12.0,3.0,20.0,17.0,16.0,21.0
904,1.0,904.0,London_141,cons,151,453,1092.0,70.0,2.0,109626.0,0.5617285380139947,699.0,17.0,0.0,17.0,28.0,0.0,28.0,97.0,319.0,62.0,23.0,35.0,1.0,10.0,1.0,2.0,6.0,77.0,155.0,215.0,17.0,4.0,4.0,0.0,0.0,0.0,0.0,0.0,0.0,0.0,0.0,0.0,0.0,0.0,0.0,0.0,0.0,0.0,0.0,0.0,0.0,0.0,0.0,0.0,0.0,0.0,0.0,0.0,0.0,0.0,0.0,0.0,0.0,0.0,0.0,0.0,0.0,0.0,0.0,3.0,1.0,2.0,1.0,3.0,2.0,2.0,4.0,6.0,5.0,3.0,6.0,0.0,0.0,0.0,0.0,0.0,0.0,0.0,0.0,0.0,0.0,0.0,0.0,0.0,0.0,0.0,0.0,0.0,0.0,3.0,2.0,2.0,1.0,3.0,2.0,3.0,5.0,7.0,6.0,4.0,7.0
905,1.0,905.0,London_141,cons,151,453,1092.0,70.0,2.0,145413.0,0.7952639702707529,778.0,10.0,2.0,8.0,32.0,20.0,12.0,32.0,320.0,65.0,21.0,30.0,2.0,11.0,1.0,3.0,4.0,77.0,156.0,216.0,18.0,1.0,1.0,0.0,0.0,0.0,0.0,0.0,0.0,0.0,2.0,0.0,0.0,0.0,1.0,0.0,1.0,0.0,0.0,2.0,0.0,0.0,0.0,0.0,0.0,0.0,0.0,0.0,0.0,2.0,0.0,0.0,1.0,0.0,1.0,1.0,0.0,0.0,0.0,0.0,2.0,0.0,0.0,0.0,0.0,1.0,0.0,1.0,0.0,3.0,1.0,0.0,0.0,0.0,0.0,0.0,0.0,0.0,0.0,3.0,0.0,0.0,1.0,0.0,1.0,1.0,0.0,0.0,0.0,0.0,4.0,0.0,0.0,0.0,0.0,1.0,0.0,1.0,0.0,3.0,2.0
906,1.0,906.0,London_141,cons,151,453,1092.0,70.0,2.0,190260.0,1.1574371801689267,877.0,42.0,0.0,42.0,83.0,0.0,83.0,17.0,322.0,68.0,21.0,25.0,3.0,10.0,1.0,3.0,3.0,75.0,155.0,220.0,15.0,6.0,6.0,0.0,0.0,0.0,0.0,0.0,0.0,0.0,5.0,0.0,0.0,0.0,5.0,0.0,0.0,0.0,0.0,0.0,5.0,0.0,0.0,0.0,0.0,0.0,0.0,0.0,0.0,0.0,0.0,0.0,0.0,0.0,0.0,0.0,0.0,0.0,0.0,3.0,3.0,6.0,0.0,1.0,12.0,9.0,11.0,6.0,7.0,12.0,12.0,0.0,0.0,0.0,0.0,0.0,0.0,0.0,0.0,0.0,0.0,0.0,0.0,0.0,0.0,0.0,0.0,0.0,0.0,6.0,8.0,7.0,0.0,1.0,17.0,14.0,15.0,10.0,12.0,18.0,17.0
907,1.0,907.0,London_141,cons,151,453,1092.0,70.0,2.0,222423.0,1.3146834587678313,948.0,27.0,0.0,27.0,37.0,0.0,37.0,85.0,320.0,64.0,19.0,26.0,7.0,12.0,0.0,5.0,6.0,84.0,145.0,218.0,22.0,2.0,2.0,0.0,0.0,0.0,0.0,0.0,0.0,0.0,0.0,0.0,0.0,0.0,0.0,0.0,0.0,0.0,0.0,0.0,0.0,0.0,0.0,0.0,0.0,0.0,0.0,0.0,0.0,0.0,0.0,0.0,0.0,0.0,0.0,0.0,0.0,0.0,0.0,5.0,3.0,3.0,1.0,1.0,5.0,4.0,5.0,6.0,2.0,6.0,8.0,0.0,0.0,0.0,0.0,0.0,0.0,0.0,0.0,0.0,0.0,0.0,0.0,0.0,0.0,0.0,0.0,0.0,0.0,5.0,4.0,4.0,1.0,1.0,5.0,5.0,5.0,8.0,2.0,7.0,11.0
908,1.0,908.0,London_141,cons,151,453,1092.0,70.0,2.0,255945.0,1.6016195020638406,1022.0,239.0,2.0,237.0,408.0,17.0,391.0,39.0,319.0,61.0,20.0,25.0,7.0,15.0,1.0,5.0,7.0,81.0,148.0,217.0,20.0,3.0,3.0,0.0,0.0,0.0,0.0,0.0,0.0,0.0,158.0,0.0,54.0,7.0,90.0,0.0,5.0,2.0,0.0,2.0,156.0,0.0,0.0,0.0,0.0,0.0,0.0,0.0,0.0,0.0,0.0,0.0,0.0,0.0,0.0,0.0,0.0,0.0,0.0,8.0,10.0,6.0,0.0,4.0,16.0,14.0,13.0,17.0,22.0,25.0,27.0,0.0,0.0,0.0,0.0,0.0,0.0,0.0,0.0,0.0,0.0,0.0,0.0,0.0,0.0,0.0,0.0,0.0,0.0,11.0,14.0,6.0,0.0,4.0,23.0,15.0,20.0,26.0,35.0,34.0,40.0
909,1.0,909.0,London_141,cons,151,453,1092.0,70.0,2.0,194790.0,1.2455051089636981,887.0,207.0,0.0,207.0,361.0,0.0,361.0,170.0,305.0,74.0,13.0,36.0,1.0,17.0,0.0,7.0,7.0,82.0,139.0,225.0,23.0,6.0,6.0,0.0,0.0,0.0,0.0,0.0,0.0,0.0,120.0,0.0,47.0,5.0,53.0,4.0,8.0,0.0,3.0,0.0,120.0,0.0,0.0,0.0,0.0,0.0,0.0,0.0,0.0,0.0,0.0,0.0,0.0,0.0,0.0,0.0,0.0,0.0,0.0,12.0,9.0,5.0,3.0,5.0,26.0,14.0,19.0,19.0,22.0,33.0,30.0,0.0,0.0,0.0,0.0,0.0,0.0,0.0,0.0,0.0,0.0,0.0,0.0,0.0,0.0,0.0,0.0,0.0,0.0,14.0,10.0,5.0,4.0,5.0,36.0,20.0,27.0,23.0,32.0,38.0,40.0
910,1.0,910.0,London_141,cons,151,453,1092.0,70.0,2.0,148131.0,0.8425164041109383,784.0,46.0,2.0,44.0,87.0,17.0,70.0,175.0,305.0,64.0,11.0,45.0,5.0,16.0,0.0,7.0,10.0,91.0,159.0,193.0,25.0,4.0,4.0,0.0,0.0,0.0,0.0,0.0,0.0,0.0,3.0,0.0,0.0,0.0,1.0,1.0,1.0,0.0,0.0,2.0,1.0,0.0,0.0,0.0,0.0,0.0,0.0,0.0,0.0,1.0,0.0,0.0,1.0,0.0,0.0,0.0,0.0,0.0,0.0,0.0,2.0,0.0,0.0,0.0,1.0,1.0,1.0,3.0,8.0,9.0,6.0,0.0,0.0,0.0,0.0,0.0,0.0,0.0,0.0,2.0,0.0,0.0,3.0,0.0,0.0,0.0,0.0,0.0,0.0,0.0,3.0,0.0,0.0,0.0,1.0,1.0,1.0,3.0,12.0,12.0,7.0
911,1.0,911.0,London_141,cons,151,453,1092.0,70.0,2.0,168516.0,0.8771994421258569,829.0,111.0,0.0,111.0,188.0,0.0,188.0,75.0,309.0,61.0,11.0,43.0,0.0,23.0,0.0,6.0,10.0,88.0,154.0,201.0,23.0,0.0,0.0,0.0,0.0,0.0,0.0,0.0,0.0,0.0,32.0,0.0,9.0,1.0,19.0,2.0,0.0,1.0,0.0,0.0,32.0,0.0,0.0,0.0,0.0,0.0,0.0,0.0,0.0,0.0,0.0,0.0,0.0,0.0,0.0,0.0,0.0,0.0,0.0,5.0,16.0,5.0,1.0,6.0,18.0,12.0,12.0,19.0,26.0,19.0,24.0,0.0,0.0,0.0,0.0,0.0,0.0,0.0,0.0,0.0,0.0,0.0,0.0,0.0,0.0,0.0,0.0,0.0,0.0,7.0,20.0,5.0,1.0,6.0,23.0,17.0,18.0,29.0,30.0,30.0,29.0
912,1.0,912.0,London_141,cons,151,453,1092.0,70.0,2.0,158097.0,0.8909087041392922,806.0,52.0,1.0,51.0,88.0,8.0,80.0,144.0,321.0,48.0,9.0,39.0,2.0,31.0,1.0,2.0,6.0,85.0,149.0,213.0,21.0,12.0,12.0,0.0,0.0,0.0,0.0,0.0,0.0,0.0,3.0,0.0,0.0,0.0,0.0,0.0,0.0,0.0,3.0,0.0,3.0,0.0,0.0,0.0,0.0,0.0,0.0,0.0,0.0,0.0,0.0,0.0,0.0,0.0,1.0,0.0,0.0,0.0,0.0,5.0,5.0,1.0,0.0,6.0,9.0,9.0,10.0,6.0,11.0,7.0,17.0,0.0,0.0,0.0,0.0,0.0,0.0,0.0,0.0,0.0,0.0,0.0,0.0,0.0,6.0,0.0,0.0,0.0,0.0,5.0,6.0,1.0,0.0,6.0,15.0,12.0,13.0,7.0,17.0,8.0,24.0
913,1.0,913.0,London_141,cons,151,453,1092.0,70.0,2.0,176670.0,1.010221597738564,847.0,96.0,2.0,94.0,185.0,18.0,167.0,97.0,309.0,60.0,7.0,46.0,2.0,27.0,1.0,1.0,7.0,79.0,158.0,209.0,28.0,0.0,0.0,0.0,0.0,0.0,0.0,0.0,0.0,0.0,18.0,0.0,3.0,2.0,11.0,2.0,0.0,0.0,0.0,2.0,16.0,0.0,0.0,0.0,0.0,0.0,0.0,0.0,0.0,1.0,0.0,0.0,0.0,0.0,0.0,0.0,0.0,0.0,0.0,1.0,4.0,3.0,1.0,6.0,7.0,7.0,7.0,10.0,15.0,24.0,23.0,0.0,0.0,0.0,0.0,0.0,0.0,0.0,0.0,1.0,0.0,0.0,0.0,0.0,0.0,0.0,0.0,0.0,0.0,1.0,4.0,3.0,2.0,7.0,12.0,10.0,8.0,22.0,25.0,36.0,37.0
914,1.0,914.0,London_141,cons,151,453,1092.0,70.0,2.0,177576.0,0.9811904788948596,849.0,96.0,0.0,96.0,173.0,0.0,173.0,145.0,316.0,51.0,11.0,43.0,0.0,23.0,5.0,4.0,5.0,91.0,140.0,217.0,19.0,5.0,5.0,0.0,0.0,0.0,0.0,0.0,0.0,0.0,31.0,0.0,15.0,0.0,16.0,0.0,0.0,0.0,0.0,0.0,31.0,0.0,0.0,0.0,0.0,0.0,0.0,0.0,0.0,0.0,0.0,0.0,0.0,0.0,0.0,0.0,0.0,0.0,0.0,7.0,7.0,7.0,2.0,6.0,15.0,11.0,9.0,14.0,20.0,13.0,19.0,0.0,0.0,0.0,0.0,0.0,0.0,0.0,0.0,0.0,0.0,0.0,0.0,0.0,0.0,0.0,0.0,0.0,0.0,9.0,9.0,9.0,2.0,7.0,20.0,15.0,15.0,19.0,33.0,21.0,27.0
915,1.0,915.0,London_141,cons,151,453,1092.0,70.0,2.0,162174.0,0.8940450316295028,815.0,101.0,2.0,99.0,184.0,19.0,165.0,138.0,318.0,49.0,10.0,39.0,2.0,21.0,6.0,8.0,6.0,71.0,148.0,228.0,18.0,6.0,6.0,0.0,0.0,0.0,0.0,0.0,0.0,0.0,28.0,0.0,8.0,0.0,19.0,0.0,1.0,0.0,0.0,2.0,26.0,0.0,0.0,0.0,0.0,0.0,0.0,0.0,0.0,1.0,0.0,0.0,0.0,0.0,0.0,2.0,0.0,0.0,0.0,2.0,6.0,1.0,2.0,2.0,10.0,18.0,7.0,7.0,12.0,23.0,14.0,0.0,0.0,0.0,0.0,0.0,0.0,0.0,0.0,1.0,0.0,0.0,0.0,0.0,0.0,3.0,0.0,0.0,0.0,3.0,8.0,1.0,2.0,2.0,11.0,25.0,11.0,10.0,16.0,30.0,20.0
916,1.0,916.0,London_141,cons,151,453,1092.0,70.0,2.0,150396.0,0.8402666356414557,789.0,91.0,0.0,91.0,157.0,0.0,157.0,140.0,313.0,57.0,11.0,42.0,2.0,18.0,7.0,3.0,6.0,73.0,145.0,229.0,21.0,4.0,4.0,0.0,0.0,0.0,0.0,0.0,0.0,0.0,17.0,0.0,0.0,0.0,15.0,1.0,0.0,0.0,1.0,0.0,17.0,0.0,0.0,0.0,0.0,0.0,0.0,0.0,0.0,0.0,0.0,0.0,0.0,0.0,0.0,0.0,0.0,0.0,0.0,5.0,7.0,2.0,2.0,5.0,16.0,8.0,7.0,12.0,16.0,22.0,17.0,0.0,0.0,0.0,0.0,0.0,0.0,0.0,0.0,0.0,0.0,0.0,0.0,0.0,0.0,0.0,0.0,0.0,0.0,5.0,10.0,2.0,5.0,5.0,24.0,12.0,8.0,16.0,23.0,29.0,20.0
917,1.0,917.0,London_141,cons,151,453,1092.0,70.0,2.0,146319.0,0.8013994917273521,780.0,114.0,0.0,114.0,190.0,0.0,190.0,139.0,309.0,64.0,16.0,37.0,4.0,15.0,0.0,8.0,12.0,79.0,147.0,215.0,34.0,3.0,3.0,0.0,0.0,0.0,0.0,0.0,0.0,0.0,30.0,0.0,0.0,0.0,29.0,0.0,0.0,1.0,0.0,0.0,30.0,0.0,0.0,0.0,0.0,0.0,0.0,0.0,0.0,0.0,0.0,0.0,0.0,0.0,0.0,0.0,0.0,0.0,0.0,7.0,12.0,6.0,2.0,6.0,22.0,9.0,9.0,20.0,17.0,25.0,26.0,0.0,0.0,0.0,0.0,0.0,0.0,0.0,0.0,0.0,0.0,0.0,0.0,0.0,0.0,0.0,0.0,0.0,0.0,8.0,18.0,7.0,3.0,6.0,24.0,14.0,10.0,31.0,26.0,34.0,31.0
918,1.0,918.0,London_141,cons,151,453,1092.0,70.0,2.0,121404.0,0.634645024780184,725.0,108.0,3.0,105.0,225.0,25.0,200.0,148.0,306.0,64.0,11.0,52.0,6.0,9.0,1.0,4.0,6.0,72.0,155.0,220.0,30.0,0.0,0.0,0.0,0.0,0.0,0.0,0.0,0.0,0.0,33.0,0.0,15.0,3.0,9.0,1.0,5.0,0.0,0.0,3.0,30.0,0.0,0.0,0.0,0.0,0.0,0.0,0.0,0.0,0.0,1.0,0.0,0.0,0.0,0.0,0.0,0.0,0.0,0.0,9.0,9.0,2.0,1.0,3.0,23.0,14.0,12.0,14.0,17.0,19.0,25.0,0.0,0.0,0.0,0.0,0.0,0.0,0.0,0.0,0.0,2.0,0.0,0.0,0.0,0.0,0.0,0.0,0.0,0.0,11.0,9.0,2.0,1.0,3.0,29.0,30.0,17.0,20.0,22.0,28.0,32.0
919,1.0,919.0,London_141,cons,151,453,1092.0,70.0,2.0,107361.0,0.5310097066685557,694.0,22.0,1.0,21.0,52.0,10.0,42.0,156.0,321.0,49.0,11.0,51.0,5.0,13.0,0.0,3.0,7.0,85.0,154.0,207.0,15.0,9.0,9.0,0.0,0.0,0.0,0.0,0.0,0.0,0.0,1.0,0.0,0.0,0.0,1.0,0.0,0.0,0.0,0.0,1.0,0.0,0.0,0.0,0.0,0.0,0.0,0.0,0.0,0.0,0.0,0.0,0.0,1.0,0.0,0.0,1.0,0.0,0.0,0.0,1.0,0.0,0.0,0.0,0.0,1.0,3.0,1.0,4.0,5.0,4.0,4.0,0.0,0.0,0.0,0.0,0.0,0.0,0.0,0.0,0.0,0.0,0.0,4.0,0.0,0.0,5.0,0.0,0.0,0.0,1.0,0.0,0.0,0.0,0.0,1.0,4.0,1.0,7.0,10.0,7.0,5.0
920,1.0,920.0,London_141,cons,151,453,1092.0,70.0,2.0,132729.0,0.779472426045686,750.0,95.0,1.0,94.0,167.0,7.0,160.0,58.0,317.0,55.0,13.0,42.0,6.0,17.0,0.0,3.0,5.0,82.0,150.0,216.0,10.0,4.0,4.0,0.0,0.0,0.0,0.0,0.0,0.0,0.0,15.0,0.0,0.0,0.0,11.0,0.0,0.0,1.0,3.0,1.0,14.0,0.0,0.0,0.0,0.0,0.0,0.0,0.0,0.0,0.0,0.0,0.0,0.0,0.0,0.0,0.0,0.0,0.0,0.0,5.0,13.0,5.0,2.0,8.0,17.0,12.0,3.0,15.0,13.0,24.0,25.0,0.0,0.0,0.0,0.0,0.0,0.0,0.0,0.0,0.0,0.0,0.0,0.0,0.0,0.0,0.0,0.0,0.0,0.0,6.0,17.0,7.0,4.0,8.0,22.0,18.0,5.0,21.0,18.0,36.0,34.0
921,1.0,921.0,London_141,cons,151,453,1092.0,70.0,2.0,136353.0,0.795626584906131,758.0,6.0,0.0,6.0,11.0,0.0,11.0,142.0,320.0,51.0,12.0,36.0,5.0,22.0,2.0,5.0,8.0,92.0,147.0,206.0,17.0,5.0,5.0,0.0,0.0,0.0,0.0,0.0,0.0,0.0,0.0,0.0,0.0,0.0,0.0,0.0,0.0,0.0,0.0,0.0,0.0,0.0,0.0,0.0,0.0,0.0,0.0,0.0,0.0,0.0,0.0,0.0,0.0,0.0,0.0,0.0,0.0,0.0,0.0,1.0,0.0,0.0,0.0,0.0,1.0,1.0,0.0,1.0,0.0,3.0,3.0,0.0,0.0,0.0,0.0,0.0,0.0,0.0,0.0,0.0,0.0,0.0,0.0,0.0,0.0,0.0,0.0,0.0,0.0,1.0,0.0,0.0,0.0,0.0,1.0,3.0,0.0,1.0,0.0,4.0,4.0
922,1.0,922.0,London_141,cons,151,453,1092.0,70.0,2.0,174858.0,1.0793626108206809,843.0,116.0,2.0,114.0,214.0,19.0,195.0,16.0,313.0,51.0,14.0,41.0,5.0,22.0,2.0,5.0,9.0,92.0,147.0,205.0,19.0,5.0,5.0,0.0,0.0,0.0,0.0,0.0,0.0,0.0,31.0,0.0,15.0,0.0,11.0,0.0,3.0,0.0,2.0,1.0,30.0,0.0,0.0,0.0,0.0,0.0,0.0,0.0,0.0,0.0,0.0,0.0,0.0,0.0,0.0,0.0,0.0,0.0,0.0,11.0,14.0,9.0,3.0,3.0,15.0,7.0,19.0,17.0,22.0,14.0,33.0,0.0,0.0,0.0,0.0,0.0,0.0,0.0,0.0,0.0,0.0,0.0,0.0,0.0,0.0,0.0,0.0,0.0,0.0,11.0,18.0,9.0,4.0,4.0,17.0,7.0,25.0,22.0,33.0,22.0,42.0
923,1.0,923.0,London_141,cons,151,453,1092.0,70.0,2.0,165345.0,0.9743002122268081,822.0,109.0,0.0,109.0,201.0,0.0,201.0,170.0,302.0,72.0,14.0,53.0,1.0,10.0,0.0,1.0,10.0,89.0,143.0,211.0,25.0,0.0,0.0,0.0,0.0,0.0,0.0,0.0,0.0,0.0,33.0,0.0,0.0,0.0,22.0,4.0,7.0,0.0,0.0,0.0,33.0,0.0,0.0,0.0,0.0,0.0,0.0,0.0,0.0,0.0,0.0,0.0,0.0,0.0,0.0,0.0,0.0,0.0,0.0,7.0,11.0,5.0,1.0,9.0,17.0,12.0,6.0,17.0,14.0,18.0,18.0,0.0,0.0,0.0,0.0,0.0,0.0,0.0,0.0,0.0,0.0,0.0,0.0,0.0,0.0,0.0,0.0,0.0,0.0,9.0,17.0,5.0,2.0,9.0,23.0,18.0,7.0,30.0,22.0,26.0,25.0
924,1.0,924.0,London_141,cons,151,453,1092.0,70.0,2.0,151755.0,0.8569528870284557,792.0,3.0,0.0,3.0,4.0,0.0,4.0,153.0,313.0,55.0,19.0,38.0,4.0,17.0,4.0,3.0,10.0,82.0,134.0,227.0,19.0,2.0,2.0,0.0,0.0,0.0,0.0,0.0,0.0,0.0,0.0,0.0,0.0,0.0,0.0,0.0,0.0,0.0,0.0,0.0,0.0,0.0,0.0,0.0,0.0,0.0,0.0,0.0,0.0,0.0,0.0,0.0,0.0,0.0,0.0,0.0,0.0,0.0,0.0,1.0,0.0,0.0,0.0,0.0,2.0,0.0,1.0,0.0,1.0,0.0,1.0,0.0,0.0,0.0,0.0,0.0,0.0,0.0,0.0,0.0,0.0,0.0,0.0,0.0,0.0,0.0,0.0,0.0,0.0,1.0,0.0,0.0,0.0,0.0,2.0,0.0,2.0,0.0,2.0,0.0,1.0
925,1.0,925.0,London_141,cons,151,453,1092.0,70.0,2.0,186636.0,1.0960117848590016,869.0,114.0,0.0,114.0,185.0,0.0,185.0,6.0,310.0,57.0,21.0,39.0,4.0,14.0,5.0,3.0,10.0,81.0,133.0,229.0,19.0,5.0,5.0,0.0,0.0,0.0,0.0,0.0,0.0,0.0,23.0,0.0,0.0,0.0,21.0,1.0,0.0,0.0,1.0,0.0,23.0,0.0,0.0,0.0,0.0,0.0,0.0,0.0,0.0,0.0,0.0,0.0,0.0,0.0,0.0,0.0,0.0,0.0,0.0,5.0,6.0,1.0,1.0,4.0,22.0,17.0,11.0,25.0,14.0,26.0,20.0,0.0,0.0,0.0,0.0,0.0,0.0,0.0,0.0,0.0,0.0,0.0,0.0,0.0,0.0,0.0,0.0,0.0,0.0,6.0,9.0,1.0,2.0,5.0,31.0,21.0,18.0,31.0,22.0,31.0,29.0
926,1.0,926.0,London_141,cons,151,453,1092.0,70.0,2.0,171234.0,1.0270296088419855,835.0,132.0,2.0,130.0,248.0,17.0,231.0,149.0,313.0,54.0,17.0,45.0,4.0,16.0,2.0,2.0,9.0,75.0,147.0,222.0,19.0,5.0,5.0,0.0,0.0,0.0,0.0,0.0,0.0,0.0,55.0,0.0,13.0,0.0,37.0,1.0,0.0,0.0,4.0,2.0,53.0,0.0,0.0,0.0,0.0,0.0,0.0,0.0,0.0,0.0,0.0,0.0,0.0,0.0,0.0,0.0,0.0,0.0,0.0,13.0,10.0,5.0,2.0,6.0,18.0,11.0,16.0,22.0,18.0,21.0,25.0,0.0,0.0,0.0,0.0,0.0,0.0,0.0,0.0,0.0,0.0,0.0,0.0,0.0,0.0,0.0,0.0,0.0,0.0,15.0,15.0,5.0,3.0,6.0,25.0,16.0,18.0,30.0,30.0,26.0,29.0
927,1.0,927.0,London_141,cons,151,453,1092.0,70.0,2.0,158097.0,0.8206878886558115,806.0,115.0,2.0,113.0,204.0,18.0,186.0,156.0,304.0,60.0,22.0,43.0,4.0,11.0,1.0,8.0,6.0,79.0,148.0,220.0,15.0,10.0,10.0,0.0,0.0,0.0,0.0,0.0,0.0,0.0,32.0,0.0,14.0,0.0,10.0,0.0,6.0,2.0,0.0,2.0,30.0,0.0,0.0,0.0,0.0,0.0,0.0,0.0,0.0,0.0,0.0,0.0,0.0,0.0,0.0,0.0,0.0,0.0,0.0,14.0,9.0,10.0,4.0,2.0,20.0,23.0,14.0,19.0,15.0,19.0,31.0,0.0,0.0,0.0,0.0,0.0,0.0,0.0,0.0,0.0,0.0,0.0,0.0,0.0,0.0,0.0,0.0,0.0,0.0,16.0,11.0,12.0,6.0,2.0,31.0,34.0,19.0,28.0,23.0,28.0,43.0
928,1.0,928.0,London_141,cons,151,453,1092.0,70.0,2.0,143148.0,0.6740943938493729,773.0,59.0,0.0,59.0,105.0,0.0,105.0,157.0,304.0,51.0,24.0,55.0,6.0,8.0,1.0,4.0,7.0,74.0,159.0,213.0,20.0,3.0,3.0,0.0,0.0,0.0,0.0,0.0,0.0,0.0,4.0,0.0,4.0,0.0,0.0,0.0,0.0,0.0,0.0,0.0,4.0,0.0,0.0,0.0,0.0,0.0,0.0,0.0,0.0,0.0,0.0,0.0,0.0,0.0,0.0,0.0,0.0,0.0,0.0,2.0,3.0,2.0,1.0,6.0,3.0,7.0,11.0,3.0,8.0,20.0,15.0,0.0,0.0,0.0,0.0,0.0,0.0,0.0,0.0,0.0,0.0,0.0,0.0,0.0,0.0,0.0,0.0,0.0,0.0,2.0,4.0,4.0,2.0,6.0,5.0,8.0,16.0,4.0,14.0,35.0,21.0
929,1.0,929.0,London_141,cons,151,453,1092.0,70.0,2.0,160362.0,0.8391465982422233,811.0,135.0,2.0,133.0,257.0,19.0,238.0,104.0,300.0,37.0,30.0,70.0,6.0,8.0,0.0,2.0,6.0,76.0,162.0,209.0,26.0,5.0,5.0,0.0,0.0,0.0,0.0,0.0,0.0,0.0,59.0,0.0,32.0,0.0,21.0,1.0,2.0,0.0,3.0,2.0,57.0,0.0,0.0,0.0,0.0,0.0,0.0,0.0,0.0,1.0,0.0,0.0,1.0,0.0,1.0,1.0,0.0,0.0,0.0,1.0,1.0,3.0,0.0,2.0,1.0,1.0,1.0,2.0,14.0,22.0,9.0,0.0,0.0,0.0,0.0,0.0,0.0,0.0,0.0,1.0,0.0,0.0,3.0,0.0,3.0,1.0,0.0,0.0,0.0,1.0,1.0,3.0,0.0,2.0,2.0,2.0,1.0,2.0,18.0,33.0,15.0
930,1.0,930.0,London_141,cons,151,453,1092.0,70.0,2.0,130011.0,0.7105553741566837,744.0,31.0,1.0,30.0,60.0,9.0,51.0,159.0,294.0,54.0,27.0,52.0,7.0,14.0,2.0,3.0,6.0,72.0,161.0,214.0,18.0,0.0,0.0,0.0,0.0,0.0,0.0,0.0,0.0,0.0,3.0,0.0,0.0,0.0,0.0,0.0,1.0,2.0,0.0,1.0,2.0,0.0,0.0,0.0,0.0,0.0,0.0,0.0,0.0,1.0,0.0,0.0,0.0,0.0,1.0,1.0,0.0,0.0,0.0,4.0,1.0,1.0,2.0,1.0,2.0,1.0,0.0,4.0,2.0,8.0,6.0,0.0,0.0,0.0,0.0,0.0,0.0,0.0,0.0,2.0,0.0,0.0,0.0,0.0,5.0,1.0,0.0,0.0,0.0,6.0,1.0,1.0,3.0,2.0,3.0,2.0,0.0,4.0,3.0,12.0,7.0
931,1.0,931.0,London_141,cons,151,453,1092.0,70.0,2.0,158550.0,0.9201269750483334,807.0,7.0,0.0,7.0,14.0,0.0,14.0,55.0,296.0,57.0,29.0,55.0,5.0,9.0,0.0,2.0,6.0,75.0,161.0,211.0,20.0,4.0,4.0,0.0,0.0,0.0,0.0,0.0,0.0,0.0,0.0,0.0,0.0,0.0,0.0,0.0,0.0,0.0,0.0,0.0,0.0,0.0,0.0,0.0,0.0,0.0,0.0,0.0,0.0,0.0,0.0,0.0,0.0,0.0,0.0,0.0,0.0,0.0,0.0,2.0,1.0,0.0,1.0,1.0,1.0,1.0,1.0,3.0,1.0,1.0,2.0,0.0,0.0,0.0,0.0,0.0,0.0,0.0,0.0,0.0,0.0,0.0,0.0,0.0,0.0,0.0,0.0,0.0,0.0,2.0,2.0,0.0,2.0,1.0,2.0,2.0,2.0,4.0,1.0,2.0,2.0
932,1.0,932.0,London_141,cons,151,453,1092.0,70.0,2.0,187995.0,1.023246951866895,872.0,65.0,0.0,65.0,107.0,0.0,107.0,18.0,295.0,56.0,29.0,55.0,5.0,11.0,0.0,2.0,7.0,77.0,162.0,207.0,15.0,2.0,2.0,0.0,0.0,0.0,0.0,0.0,0.0,0.0,0.0,0.0,0.0,0.0,0.0,0.0,0.0,0.0,0.0,0.0,0.0,0.0,0.0,0.0,0.0,0.0,0.0,0.0,0.0,0.0,0.0,0.0,0.0,0.0,0.0,0.0,0.0,0.0,0.0,5.0,6.0,4.0,3.0,5.0,11.0,11.0,4.0,13.0,11.0,19.0,23.0,0.0,0.0,0.0,0.0,0.0,0.0,0.0,0.0,0.0,0.0,0.0,0.0,0.0,0.0,0.0,0.0,0.0,0.0,6.0,8.0,5.0,4.0,5.0,16.0,15.0,7.0,16.0,16.0,25.0,33.0
933,1.0,933.0,London_141,cons,151,453,1092.0,70.0,2.0,203397.0,1.2109338412992656,906.0,257.0,1.0,256.0,452.0,10.0,442.0,109.0,309.0,50.0,25.0,54.0,5.0,8.0,0.0,2.0,10.0,70.0,175.0,198.0,20.0,4.0,4.0,0.0,0.0,0.0,0.0,0.0,0.0,0.0,161.0,0.0,82.0,0.0,68.0,0.0,5.0,2.0,4.0,1.0,160.0,0.0,0.0,0.0,0.0,0.0,0.0,0.0,0.0,0.0,0.0,0.0,0.0,0.0,0.0,0.0,0.0,0.0,0.0,9.0,16.0,3.0,1.0,6.0,23.0,18.0,9.0,24.0,25.0,26.0,31.0,0.0,0.0,0.0,0.0,0.0,0.0,0.0,0.0,0.0,0.0,0.0,0.0,0.0,0.0,0.0,0.0,0.0,0.0,11.0,19.0,3.0,1.0,6.0,32.0,23.0,12.0,28.0,37.0,32.0,40.0
934,1.0,934.0,London_141,cons,151,453,1092.0,70.0,2.0,115968.0,0.5912139499559999,713.0,14.0,0.0,14.0,24.0,0.0,24.0,183.0,276.0,65.0,27.0,60.0,3.0,15.0,3.0,4.0,7.0,79.0,182.0,185.0,24.0,6.0,6.0,0.0,0.0,0.0,0.0,0.0,0.0,0.0,0.0,0.0,0.0,0.0,0.0,0.0,0.0,0.0,0.0,0.0,0.0,0.0,0.0,0.0,0.0,0.0,0.0,0.0,0.0,0.0,0.0,0.0,0.0,0.0,0.0,0.0,0.0,0.0,0.0,0.0,0.0,0.0,0.0,1.0,0.0,4.0,0.0,4.0,4.0,2.0,3.0,0.0,0.0,0.0,0.0,0.0,0.0,0.0,0.0,0.0,0.0,0.0,0.0,0.0,0.0,0.0,0.0,0.0,0.0,0.0,0.0,0.0,0.0,1.0,0.0,5.0,0.0,5.0,7.0,2.0,4.0
935,1.0,935.0,London_141,cons,151,453,1092.0,70.0,2.0,153567.0,1.021197616122663,796.0,92.0,2.0,90.0,171.0,17.0,154.0,30.0,271.0,71.0,29.0,54.0,1.0,20.0,3.0,4.0,8.0,78.0,178.0,189.0,21.0,1.0,1.0,0.0,0.0,0.0,0.0,0.0,0.0,0.0,5.0,0.0,2.0,0.0,1.0,1.0,1.0,0.0,0.0,2.0,3.0,0.0,0.0,0.0,0.0,0.0,0.0,0.0,0.0,0.0,0.0,0.0,0.0,0.0,0.0,1.0,0.0,0.0,0.0,2.0,3.0,3.0,3.0,12.0,5.0,5.0,1.0,12.0,21.0,26.0,13.0,0.0,0.0,0.0,0.0,0.0,0.0,0.0,0.0,0.0,0.0,0.0,0.0,0.0,0.0,2.0,0.0,0.0,0.0,3.0,4.0,5.0,4.0,14.0,6.0,6.0,1.0,17.0,31.0,40.0,18.0
936,1.0,936.0,London_141,cons,151,453,1092.0,70.0,2.0,147678.0,0.8064580950886011,783.0,38.0,1.0,37.0,80.0,12.0,68.0,158.0,270.0,80.0,32.0,42.0,5.0,12.0,6.0,6.0,8.0,69.0,165.0,211.0,17.0,4.0,4.0,0.0,0.0,0.0,0.0,0.0,0.0,0.0,1.0,0.0,0.0,0.0,0.0,0.0,1.0,0.0,0.0,1.0,0.0,0.0,0.0,0.0,0.0,0.0,0.0,0.0,0.0,1.0,0.0,0.0,1.0,0.0,0.0,1.0,0.0,0.0,0.0,4.0,2.0,0.0,3.0,0.0,4.0,2.0,1.0,3.0,3.0,10.0,4.0,0.0,0.0,0.0,0.0,0.0,0.0,0.0,0.0,1.0,0.0,0.0,2.0,0.0,0.0,1.0,0.0,0.0,0.0,4.0,3.0,0.0,5.0,0.0,5.0,2.0,1.0,4.0,6.0,15.0,4.0
937,1.0,937.0,London_141,cons,151,453,1092.0,70.0,2.0,184371.0,1.1051274500787258,864.0,113.0,2.0,111.0,209.0,19.0,190.0,76.0,273.0,79.0,34.0,39.0,4.0,13.0,6.0,5.0,7.0,82.0,150.0,214.0,15.0,4.0,4.0,0.0,0.0,0.0,0.0,0.0,0.0,0.0,28.0,0.0,3.0,0.0,23.0,0.0,2.0,0.0,0.0,2.0,26.0,0.0,0.0,0.0,0.0,0.0,0.0,0.0,0.0,0.0,0.0,0.0,0.0,0.0,0.0,0.0,0.0,0.0,0.0,3.0,10.0,4.0,3.0,7.0,8.0,3.0,5.0,7.0,18.0,24.0,17.0,0.0,0.0,0.0,0.0,0.0,0.0,0.0,0.0,0.0,0.0,0.0,0.0,0.0,0.0,0.0,0.0,0.0,0.0,4.0,14.0,8.0,6.0,10.0,12.0,3.0,6.0,10.0,30.0,40.0,23.0
938,1.0,938.0,London_141,cons,151,453,1092.0,70.0,2.0,171687.0,0.9916557129472494,836.0,115.0,0.0,115.0,198.0,0.0,198.0,157.0,288.0,64.0,39.0,38.0,4.0,13.0,5.0,2.0,8.0,84.0,155.0,206.0,27.0,2.0,2.0,0.0,0.0,0.0,0.0,0.0,0.0,0.0,26.0,0.0,2.0,0.0,14.0,1.0,6.0,0.0,3.0,0.0,26.0,0.0,0.0,0.0,0.0,0.0,0.0,0.0,0.0,0.0,0.0,0.0,0.0,0.0,0.0,0.0,0.0,0.0,0.0,5.0,15.0,9.0,0.0,3.0,16.0,10.0,18.0,17.0,25.0,26.0,30.0,0.0,0.0,0.0,0.0,0.0,0.0,0.0,0.0,0.0,0.0,0.0,0.0,0.0,0.0,0.0,0.0,0.0,0.0,6.0,21.0,9.0,0.0,3.0,20.0,15.0,23.0,21.0,30.0,34.0,38.0
939,1.0,939.0,London_141,cons,151,453,1092.0,70.0,2.0,157191.0,0.8405355201102793,804.0,135.0,0.0,135.0,224.0,0.0,224.0,156.0,293.0,54.0,42.0,41.0,6.0,14.0,2.0,1.0,6.0,78.0,153.0,216.0,17.0,0.0,0.0,0.0,0.0,0.0,0.0,0.0,0.0,0.0,53.0,0.0,12.0,0.0,38.0,0.0,0.0,0.0,3.0,0.0,53.0,0.0,0.0,0.0,0.0,0.0,0.0,0.0,0.0,0.0,0.0,0.0,0.0,0.0,0.0,0.0,0.0,0.0,0.0,10.0,8.0,3.0,0.0,4.0,21.0,14.0,14.0,15.0,23.0,25.0,29.0,0.0,0.0,0.0,0.0,0.0,0.0,0.0,0.0,0.0,0.0,0.0,0.0,0.0,0.0,0.0,0.0,0.0,0.0,11.0,8.0,3.0,0.0,4.0,29.0,23.0,20.0,23.0,28.0,30.0,39.0
940,1.0,940.0,London_141,cons,151,453,1092.0,70.0,2.0,125028.0,0.6858448958955705,733.0,18.0,1.0,17.0,39.0,9.0,30.0,149.0,299.0,52.0,29.0,48.0,7.0,12.0,2.0,4.0,8.0,79.0,155.0,211.0,19.0,0.0,0.0,0.0,0.0,0.0,0.0,0.0,0.0,0.0,1.0,0.0,0.0,0.0,0.0,0.0,1.0,0.0,0.0,1.0,0.0,0.0,0.0,0.0,0.0,0.0,0.0,0.0,0.0,1.0,0.0,0.0,0.0,0.0,0.0,0.0,0.0,0.0,0.0,0.0,0.0,0.0,0.0,0.0,0.0,1.0,3.0,1.0,3.0,3.0,2.0,0.0,0.0,0.0,0.0,0.0,0.0,0.0,0.0,2.0,0.0,0.0,0.0,0.0,0.0,0.0,0.0,0.0,0.0,0.0,0.0,0.0,0.0,0.0,0.0,1.0,4.0,2.0,3.0,4.0,3.0
941,1.0,941.0,London_141,cons,151,453,1092.0,70.0,2.0,148584.0,0.9529595491476357,785.0,110.0,0.0,110.0,197.0,0.0,197.0,33.0,301.0,60.0,25.0,41.0,6.0,15.0,0.0,5.0,7.0,79.0,156.0,211.0,20.0,5.0,5.0,0.0,0.0,0.0,0.0,0.0,0.0,0.0,30.0,0.0,4.0,0.0,22.0,0.0,0.0,2.0,2.0,0.0,30.0,0.0,0.0,0.0,0.0,0.0,0.0,0.0,0.0,0.0,0.0,0.0,0.0,0.0,0.0,0.0,0.0,0.0,0.0,7.0,8.0,4.0,1.0,6.0,15.0,6.0,13.0,15.0,9.0,27.0,27.0,0.0,0.0,0.0,0.0,0.0,0.0,0.0,0.0,0.0,0.0,0.0,0.0,0.0,0.0,0.0,0.0,0.0,0.0,7.0,13.0,5.0,1.0,6.0,25.0,12.0,16.0,21.0,12.0,40.0,40.0
942,1.0,942.0,London_141,cons,151,453,1092.0,70.0,2.0,125481.0,0.6119479928165674,734.0,30.0,2.0,28.0,67.0,20.0,47.0,153.0,303.0,54.0,24.0,43.0,4.0,19.0,1.0,5.0,7.0,76.0,169.0,201.0,16.0,0.0,0.0,0.0,0.0,0.0,0.0,0.0,0.0,0.0,2.0,0.0,0.0,0.0,0.0,0.0,1.0,0.0,1.0,2.0,0.0,0.0,0.0,0.0,0.0,0.0,0.0,0.0,0.0,0.0,1.0,0.0,1.0,0.0,1.0,0.0,0.0,0.0,0.0,1.0,3.0,0.0,0.0,0.0,4.0,1.0,1.0,4.0,6.0,4.0,5.0,0.0,0.0,0.0,0.0,0.0,0.0,0.0,0.0,0.0,2.0,0.0,3.0,0.0,5.0,0.0,0.0,0.0,0.0,1.0,4.0,0.0,0.0,0.0,5.0,1.0,1.0,4.0,7.0,6.0,7.0
943,1.0,943.0,London_141,cons,151,453,1092.0,70.0,2.0,157644.0,1.077734347898513,805.0,104.0,2.0,102.0,194.0,20.0,174.0,52.0,306.0,63.0,24.0,30.0,5.0,13.0,3.0,9.0,8.0,74.0,169.0,202.0,19.0,6.0,6.0,0.0,0.0,0.0,0.0,0.0,0.0,0.0,25.0,0.0,0.0,0.0,20.0,1.0,2.0,2.0,0.0,2.0,23.0,0.0,0.0,0.0,0.0,0.0,0.0,0.0,0.0,0.0,0.0,0.0,0.0,0.0,0.0,0.0,0.0,0.0,0.0,12.0,5.0,2.0,3.0,7.0,8.0,6.0,15.0,17.0,12.0,20.0,21.0,0.0,0.0,0.0,0.0,0.0,0.0,0.0,0.0,0.0,0.0,0.0,0.0,0.0,0.0,0.0,0.0,0.0,0.0,13.0,6.0,2.0,3.0,9.0,10.0,6.0,17.0,22.0,15.0,25.0,26.0
944,1.0,944.0,London_141,cons,151,453,1092.0,70.0,2.0,151302.0,1.112060850020498,791.0,81.0,1.0,80.0,140.0,10.0,130.0,147.0,307.0,54.0,16.0,41.0,3.0,20.0,2.0,10.0,7.0,80.0,166.0,200.0,14.0,6.0,6.0,0.0,0.0,0.0,0.0,0.0,0.0,0.0,3.0,0.0,0.0,2.0,1.0,0.0,0.0,0.0,0.0,1.0,2.0,0.0,0.0,0.0,0.0,0.0,0.0,0.0,0.0,1.0,0.0,0.0,0.0,0.0,1.0,0.0,0.0,0.0,0.0,0.0,4.0,0.0,2.0,3.0,4.0,9.0,12.0,12.0,12.0,24.0,14.0,0.0,0.0,0.0,0.0,0.0,0.0,0.0,0.0,2.0,0.0,0.0,0.0,0.0,2.0,0.0,0.0,0.0,0.0,0.0,4.0,0.0,3.0,4.0,4.0,11.0,13.0,15.0,18.0,34.0,17.0
945,1.0,945.0,London_141,cons,151,453,1092.0,70.0,2.0,158550.0,0.9237682637758553,807.0,111.0,2.0,109.0,194.0,18.0,176.0,136.0,310.0,63.0,5.0,40.0,8.0,19.0,2.0,6.0,9.0,67.0,171.0,206.0,15.0,1.0,1.0,0.0,0.0,0.0,0.0,0.0,0.0,0.0,27.0,0.0,4.0,6.0,15.0,0.0,1.0,0.0,1.0,2.0,25.0,0.0,0.0,0.0,0.0,0.0,0.0,0.0,0.0,1.0,0.0,0.0,1.0,0.0,1.0,2.0,0.0,0.0,0.0,2.0,2.0,9.0,1.0,1.0,9.0,3.0,4.0,8.0,15.0,22.0,11.0,0.0,0.0,0.0,0.0,0.0,0.0,0.0,0.0,1.0,0.0,0.0,1.0,0.0,2.0,3.0,0.0,0.0,0.0,2.0,2.0,9.0,1.0,1.0,11.0,7.0,5.0,10.0,26.0,30.0,15.0
946,1.0,946.0,London_141,cons,151,453,1092.0,70.0,2.0,143601.0,0.7774391421116889,774.0,84.0,0.0,84.0,144.0,0.0,144.0,151.0,313.0,62.0,16.0,46.0,3.0,13.0,0.0,0.0,8.0,78.0,163.0,204.0,22.0,5.0,5.0,0.0,0.0,0.0,0.0,0.0,0.0,0.0,6.0,0.0,0.0,4.0,0.0,0.0,0.0,0.0,2.0,0.0,6.0,0.0,0.0,0.0,0.0,0.0,0.0,0.0,0.0,0.0,0.0,0.0,0.0,0.0,0.0,0.0,0.0,0.0,0.0,6.0,6.0,7.0,2.0,9.0,11.0,8.0,14.0,9.0,21.0,10.0,33.0,0.0,0.0,0.0,0.0,0.0,0.0,0.0,0.0,0.0,0.0,0.0,0.0,0.0,0.0,0.0,0.0,0.0,0.0,8.0,9.0,7.0,4.0,9.0,14.0,14.0,20.0,17.0,35.0,15.0,45.0
947,1.0,947.0,London_141,cons,151,453,1092.0,70.0,2.0,127293.0,0.7103820298798382,738.0,85.0,2.0,83.0,157.0,20.0,137.0,140.0,329.0,48.0,14.0,44.0,6.0,10.0,0.0,2.0,5.0,77.0,158.0,213.0,15.0,4.0,4.0,0.0,0.0,0.0,0.0,0.0,0.0,0.0,17.0,0.0,10.0,0.0,6.0,0.0,1.0,0.0,0.0,2.0,15.0,0.0,0.0,0.0,0.0,0.0,0.0,0.0,0.0,1.0,0.0,0.0,0.0,0.0,1.0,1.0,0.0,0.0,0.0,0.0,3.0,2.0,1.0,1.0,3.0,12.0,5.0,3.0,11.0,19.0,10.0,0.0,0.0,0.0,0.0,0.0,0.0,0.0,0.0,2.0,0.0,0.0,0.0,0.0,3.0,2.0,0.0,0.0,0.0,0.0,5.0,2.0,1.0,1.0,4.0,19.0,6.0,4.0,13.0,27.0,15.0
948,1.0,948.0,London_141,cons,151,453,1092.0,70.0,2.0,116874.0,0.6069384710863233,715.0,39.0,0.0,39.0,68.0,0.0,68.0,124.0,332.0,36.0,16.0,41.0,10.0,15.0,1.0,2.0,7.0,84.0,160.0,202.0,9.0,2.0,2.0,0.0,0.0,0.0,0.0,0.0,0.0,0.0,0.0,0.0,0.0,0.0,0.0,0.0,0.0,0.0,0.0,0.0,0.0,0.0,0.0,0.0,0.0,0.0,0.0,0.0,0.0,0.0,0.0,0.0,0.0,0.0,0.0,0.0,0.0,0.0,0.0,2.0,7.0,10.0,0.0,1.0,10.0,7.0,7.0,4.0,11.0,10.0,9.0,0.0,0.0,0.0,0.0,0.0,0.0,0.0,0.0,0.0,0.0,0.0,0.0,0.0,0.0,0.0,0.0,0.0,0.0,2.0,9.0,11.0,0.0,1.0,12.0,11.0,12.0,7.0,20.0,13.0,14.0
949,1.0,949.0,London_141,cons,151,453,1092.0,70.0,2.0,130917.0,0.7483797338791192,746.0,99.0,0.0,99.0,168.0,0.0,168.0,71.0,339.0,27.0,19.0,33.0,11.0,20.0,2.0,2.0,6.0,87.0,160.0,200.0,14.0,7.0,7.0,0.0,0.0,0.0,0.0,0.0,0.0,0.0,42.0,0.0,16.0,0.0,26.0,0.0,0.0,0.0,0.0,0.0,42.0,0.0,0.0,0.0,0.0,0.0,0.0,0.0,0.0,0.0,0.0,0.0,0.0,0.0,0.0,0.0,0.0,0.0,0.0,3.0,9.0,8.0,1.0,4.0,15.0,8.0,12.0,11.0,14.0,12.0,20.0,0.0,0.0,0.0,0.0,0.0,0.0,0.0,0.0,0.0,0.0,0.0,0.0,0.0,0.0,0.0,0.0,0.0,0.0,3.0,10.0,10.0,1.0,4.0,18.0,15.0,17.0,13.0,22.0,14.0,25.0
950,1.0,950.0,London_141,cons,151,453,1092.0,70.0,2.0,116421.0,0.6763305501081049,714.0,90.0,2.0,88.0,175.0,17.0,158.0,112.0,339.0,33.0,18.0,38.0,11.0,12.0,0.0,2.0,7.0,89.0,152.0,205.0,11.0,5.0,5.0,0.0,0.0,0.0,0.0,0.0,0.0,0.0,34.0,0.0,21.0,0.0,11.0,0.0,1.0,0.0,1.0,2.0,32.0,0.0,0.0,0.0,0.0,0.0,0.0,0.0,0.0,1.0,0.0,0.0,0.0,0.0,0.0,1.0,0.0,0.0,0.0,1.0,2.0,0.0,2.0,0.0,3.0,4.0,4.0,6.0,7.0,23.0,9.0,0.0,0.0,0.0,0.0,0.0,0.0,0.0,0.0,3.0,0.0,0.0,0.0,0.0,0.0,2.0,0.0,0.0,0.0,1.0,4.0,0.0,3.0,0.0,3.0,5.0,6.0,7.0,11.0,29.0,12.0
951,1.0,951.0,London_141,cons,151,453,1092.0,70.0,2.0,100566.0,0.5455439533106983,679.0,92.0,0.0,92.0,149.0,0.0,149.0,118.0,339.0,46.0,16.0,35.0,9.0,6.0,0.0,2.0,6.0,81.0,165.0,201.0,16.0,4.0,4.0,0.0,0.0,0.0,0.0,0.0,0.0,0.0,22.0,0.0,1.0,0.0,14.0,0.0,0.0,2.0,5.0,0.0,22.0,0.0,0.0,0.0,0.0,0.0,0.0,0.0,0.0,0.0,0.0,0.0,0.0,0.0,0.0,0.0,0.0,0.0,0.0,8.0,14.0,6.0,0.0,4.0,12.0,16.0,18.0,16.0,16.0,18.0,20.0,0.0,0.0,0.0,0.0,0.0,0.0,0.0,0.0,0.0,0.0,0.0,0.0,0.0,0.0,0.0,0.0,0.0,0.0,8.0,17.0,7.0,0.0,4.0,14.0,22.0,23.0,27.0,20.0,25.0,22.0
952,1.0,952.0,London_141,cons,151,453,1092.0,70.0,2.0,95130.0,0.4704546323046088,667.0,28.0,2.0,26.0,58.0,17.0,41.0,121.0,340.0,51.0,11.0,32.0,4.0,12.0,0.0,3.0,4.0,78.0,156.0,215.0,16.0,5.0,5.0,0.0,0.0,0.0,0.0,0.0,0.0,0.0,2.0,0.0,0.0,0.0,1.0,0.0,1.0,0.0,0.0,2.0,0.0,0.0,0.0,0.0,0.0,0.0,0.0,0.0,0.0,1.0,0.0,0.0,1.0,0.0,0.0,0.0,0.0,0.0,0.0,1.0,0.0,0.0,0.0,0.0,1.0,0.0,1.0,3.0,4.0,5.0,4.0,0.0,0.0,0.0,0.0,0.0,0.0,0.0,0.0,1.0,0.0,0.0,4.0,0.0,0.0,0.0,0.0,0.0,0.0,2.0,0.0,0.0,0.0,0.0,1.0,0.0,2.0,6.0,7.0,7.0,6.0
953,1.0,953.0,London_141,cons,151,453,1092.0,70.0,2.0,130917.0,0.6824106108397245,746.0,13.0,0.0,13.0,18.0,0.0,18.0,51.0,337.0,62.0,14.0,18.0,3.0,15.0,1.0,3.0,7.0,72.0,159.0,215.0,24.0,8.0,8.0,0.0,0.0,0.0,0.0,0.0,0.0,0.0,0.0,0.0,0.0,0.0,0.0,0.0,0.0,0.0,0.0,0.0,0.0,0.0,0.0,0.0,0.0,0.0,0.0,0.0,0.0,0.0,0.0,0.0,0.0,0.0,0.0,0.0,0.0,0.0,0.0,2.0,1.0,2.0,0.0,1.0,4.0,1.0,2.0,5.0,2.0,5.0,2.0,0.0,0.0,0.0,0.0,0.0,0.0,0.0,0.0,0.0,0.0,0.0,0.0,0.0,0.0,0.0,0.0,0.0,0.0,2.0,1.0,3.0,0.0,1.0,5.0,1.0,3.0,5.0,3.0,5.0,3.0
954,1.0,954.0,London_141,cons,151,453,1092.0,70.0,2.0,161268.0,1.0083911921828985,813.0,46.0,1.0,45.0,83.0,8.0,75.0,26.0,330.0,71.0,15.0,14.0,3.0,18.0,1.0,1.0,7.0,69.0,163.0,214.0,23.0,2.0,2.0,0.0,0.0,0.0,0.0,0.0,0.0,0.0,10.0,0.0,0.0,0.0,9.0,0.0,0.0,0.0,1.0,0.0,10.0,0.0,0.0,0.0,0.0,0.0,0.0,0.0,0.0,1.0,0.0,0.0,0.0,0.0,1.0,0.0,0.0,0.0,0.0,3.0,3.0,1.0,3.0,2.0,14.0,1.0,5.0,6.0,7.0,11.0,12.0,0.0,0.0,0.0,0.0,0.0,0.0,0.0,0.0,1.0,0.0,0.0,0.0,0.0,7.0,0.0,0.0,0.0,0.0,3.0,4.0,1.0,3.0,2.0,16.0,1.0,8.0,7.0,9.0,13.0,12.0
955,1.0,955.0,London_141,cons,151,453,1092.0,70.0,2.0,182106.0,1.0847773561254144,859.0,101.0,2.0,99.0,195.0,18.0,177.0,71.0,333.0,76.0,14.0,18.0,2.0,10.0,0.0,0.0,8.0,77.0,157.0,211.0,22.0,8.0,8.0,0.0,0.0,0.0,0.0,0.0,0.0,0.0,37.0,0.0,0.0,9.0,20.0,3.0,4.0,0.0,1.0,2.0,35.0,0.0,0.0,0.0,0.0,0.0,0.0,0.0,0.0,0.0,0.0,1.0,0.0,0.0,0.0,0.0,0.0,0.0,0.0,6.0,9.0,6.0,1.0,4.0,18.0,9.0,8.0,15.0,19.0,13.0,20.0,0.0,0.0,0.0,0.0,0.0,0.0,0.0,0.0,0.0,0.0,1.0,0.0,0.0,0.0,0.0,0.0,0.0,0.0,8.0,16.0,6.0,2.0,4.0,21.0,14.0,12.0,19.0,26.0,19.0,25.0
956,1.0,956.0,London_141,cons,151,453,1092.0,70.0,2.0,175311.0,0.9184453459456563,844.0,37.0,0.0,37.0,62.0,0.0,62.0,128.0,337.0,57.0,7.0,27.0,4.0,18.0,1.0,2.0,7.0,72.0,159.0,215.0,21.0,0.0,0.0,0.0,0.0,0.0,0.0,0.0,0.0,0.0,0.0,0.0,0.0,0.0,0.0,0.0,0.0,0.0,0.0,0.0,0.0,0.0,0.0,0.0,0.0,0.0,0.0,0.0,0.0,0.0,0.0,0.0,0.0,0.0,0.0,0.0,0.0,0.0,0.0,1.0,5.0,9.0,1.0,1.0,5.0,6.0,9.0,9.0,10.0,9.0,12.0,0.0,0.0,0.0,0.0,0.0,0.0,0.0,0.0,0.0,0.0,0.0,0.0,0.0,0.0,0.0,0.0,0.0,0.0,3.0,6.0,11.0,1.0,1.0,9.0,10.0,13.0,16.0,12.0,12.0,18.0
957,1.0,957.0,London_141,cons,151,453,1092.0,70.0,2.0,206115.0,1.2767012543044984,912.0,134.0,2.0,132.0,257.0,19.0,238.0,63.0,344.0,62.0,7.0,15.0,4.0,17.0,1.0,3.0,10.0,73.0,161.0,209.0,19.0,6.0,6.0,0.0,0.0,0.0,0.0,0.0,0.0,0.0,73.0,0.0,19.0,6.0,47.0,0.0,1.0,0.0,0.0,2.0,71.0,0.0,0.0,0.0,0.0,0.0,0.0,0.0,0.0,1.0,0.0,0.0,0.0,0.0,0.0,1.0,0.0,0.0,0.0,7.0,2.0,4.0,1.0,3.0,19.0,10.0,9.0,15.0,14.0,22.0,19.0,0.0,0.0,0.0,0.0,0.0,0.0,0.0,0.0,1.0,0.0,0.0,0.0,0.0,0.0,1.0,0.0,0.0,0.0,8.0,3.0,4.0,1.0,3.0,24.0,11.0,11.0,21.0,19.0,28.0,24.0
958,1.0,958.0,London_141,cons,151,453,1092.0,70.0,2.0,190260.0,1.0205782041884959,877.0,226.0,0.0,226.0,388.0,0.0,388.0,128.0,341.0,47.0,9.0,39.0,2.0,12.0,1.0,2.0,7.0,73.0,160.0,213.0,15.0,5.0,5.0,0.0,0.0,0.0,0.0,0.0,0.0,0.0,151.0,0.0,69.0,17.0,54.0,4.0,0.0,2.0,5.0,0.0,151.0,0.0,0.0,0.0,0.0,0.0,0.0,0.0,0.0,0.0,0.0,0.0,0.0,0.0,0.0,0.0,0.0,0.0,0.0,7.0,11.0,7.0,0.0,6.0,14.0,14.0,13.0,23.0,18.0,21.0,19.0,0.0,0.0,0.0,0.0,0.0,0.0,0.0,0.0,0.0,0.0,0.0,0.0,0.0,0.0,0.0,0.0,0.0,0.0,8.0,13.0,8.0,0.0,6.0,17.0,16.0,18.0,31.0,21.0,26.0,23.0
959,1.0,959.0,London_141,cons,151,453,1092.0,70.0,2.0,124575.0,0.6655419222079217,732.0,44.0,0.0,44.0,77.0,0.0,77.0,143.0,321.0,58.0,9.0,41.0,6.0,16.0,1.0,1.0,8.0,72.0,147.0,226.0,21.0,0.0,0.0,0.0,0.0,0.0,0.0,0.0,0.0,0.0,0.0,0.0,0.0,0.0,0.0,0.0,0.0,0.0,0.0,0.0,0.0,0.0,0.0,0.0,0.0,0.0,0.0,0.0,0.0,0.0,0.0,0.0,0.0,0.0,0.0,0.0,0.0,0.0,0.0,4.0,6.0,3.0,3.0,5.0,14.0,7.0,6.0,10.0,11.0,11.0,7.0,0.0,0.0,0.0,0.0,0.0,0.0,0.0,0.0,0.0,0.0,0.0,0.0,0.0,0.0,0.0,0.0,0.0,0.0,5.0,9.0,3.0,3.0,5.0,20.0,10.0,8.0,15.0,16.0,16.0,9.0
960,1.0,960.0,London_141,cons,151,453,1092.0,70.0,2.0,149037.0,0.7724486594088376,786.0,33.0,3.0,30.0,74.0,25.0,49.0,79.0,323.0,63.0,4.0,36.0,2.0,21.0,1.0,3.0,7.0,68.0,148.0,230.0,19.0,5.0,5.0,0.0,0.0,0.0,0.0,0.0,0.0,0.0,3.0,0.0,0.0,0.0,0.0,1.0,2.0,0.0,0.0,3.0,0.0,0.0,0.0,0.0,0.0,0.0,0.0,0.0,0.0,0.0,2.0,0.0,0.0,1.0,0.0,0.0,0.0,0.0,0.0,0.0,6.0,3.0,1.0,0.0,8.0,7.0,4.0,11.0,7.0,6.0,11.0,0.0,0.0,0.0,0.0,0.0,0.0,0.0,0.0,0.0,3.0,0.0,0.0,3.0,0.0,0.0,0.0,0.0,0.0,0.0,10.0,3.0,1.0,0.0,14.0,10.0,5.0,16.0,11.0,8.0,15.0
961,1.0,961.0,London_141,cons,151,453,1092.0,70.0,2.0,172593.0,0.9943312029354274,838.0,165.0,1.0,164.0,289.0,10.0,279.0,60.0,325.0,66.0,5.0,33.0,2.0,16.0,1.0,5.0,5.0,64.0,148.0,236.0,16.0,8.0,8.0,0.0,0.0,0.0,0.0,0.0,0.0,0.0,86.0,0.0,16.0,7.0,55.0,5.0,3.0,0.0,0.0,1.0,85.0,0.0,0.0,0.0,0.0,0.0,0.0,0.0,0.0,0.0,0.0,0.0,0.0,0.0,0.0,0.0,0.0,0.0,0.0,4.0,6.0,11.0,0.0,6.0,20.0,13.0,17.0,20.0,23.0,16.0,28.0,0.0,0.0,0.0,0.0,0.0,0.0,0.0,0.0,0.0,0.0,0.0,0.0,0.0,0.0,0.0,0.0,0.0,0.0,4.0,6.0,11.0,0.0,6.0,26.0,20.0,20.0,30.0,35.0,21.0,41.0
962,1.0,962.0,London_141,cons,151,453,1092.0,70.0,2.0,134994.0,0.7324200007133186,755.0,29.0,1.0,28.0,58.0,7.0,51.0,154.0,321.0,57.0,11.0,42.0,4.0,10.0,2.0,6.0,10.0,65.0,165.0,213.0,20.0,11.0,11.0,0.0,0.0,0.0,0.0,0.0,0.0,0.0,2.0,0.0,0.0,0.0,1.0,1.0,0.0,0.0,0.0,1.0,1.0,0.0,0.0,0.0,0.0,0.0,0.0,0.0,0.0,1.0,0.0,0.0,0.0,0.0,0.0,0.0,0.0,0.0,0.0,3.0,1.0,1.0,2.0,0.0,6.0,3.0,2.0,5.0,2.0,6.0,5.0,0.0,0.0,0.0,0.0,0.0,0.0,0.0,0.0,3.0,0.0,0.0,0.0,0.0,0.0,0.0,0.0,0.0,0.0,4.0,1.0,1.0,5.0,0.0,7.0,5.0,3.0,6.0,3.0,10.0,6.0
963,1.0,963.0,London_141,cons,151,453,1092.0,70.0,2.0,158550.0,0.8942328607663512,807.0,14.0,0.0,14.0,25.0,0.0,25.0,68.0,319.0,68.0,14.0,31.0,0.0,11.0,3.0,7.0,6.0,65.0,158.0,224.0,19.0,3.0,3.0,0.0,0.0,0.0,0.0,0.0,0.0,0.0,0.0,0.0,0.0,0.0,0.0,0.0,0.0,0.0,0.0,0.0,0.0,0.0,0.0,0.0,0.0,0.0,0.0,0.0,0.0,0.0,0.0,0.0,0.0,0.0,0.0,0.0,0.0,0.0,0.0,2.0,0.0,2.0,1.0,2.0,3.0,2.0,4.0,1.0,4.0,5.0,4.0,0.0,0.0,0.0,0.0,0.0,0.0,0.0,0.0,0.0,0.0,0.0,0.0,0.0,0.0,0.0,0.0,0.0,0.0,4.0,0.0,3.0,2.0,2.0,5.0,3.0,7.0,2.0,6.0,6.0,6.0
964,1.0,964.0,London_141,cons,151,453,1092.0,70.0,2.0,208833.0,1.3036519661545753,918.0,150.0,2.0,148.0,276.0,19.0,257.0,28.0,320.0,74.0,12.0,29.0,2.0,10.0,3.0,3.0,5.0,67.0,153.0,228.0,19.0,4.0,4.0,0.0,0.0,0.0,0.0,0.0,0.0,0.0,68.0,0.0,1.0,4.0,49.0,1.0,13.0,0.0,0.0,1.0,67.0,0.0,0.0,0.0,0.0,0.0,0.0,0.0,0.0,0.0,0.0,0.0,0.0,0.0,0.0,0.0,0.0,0.0,0.0,8.0,10.0,3.0,1.0,6.0,21.0,13.0,13.0,22.0,13.0,26.0,23.0,0.0,0.0,0.0,0.0,0.0,0.0,0.0,0.0,0.0,0.0,0.0,0.0,0.0,0.0,0.0,0.0,0.0,0.0,9.0,11.0,3.0,2.0,6.0,34.0,18.0,20.0,25.0,17.0,33.0,29.0
965,1.0,965.0,London_141,cons,151,453,1092.0,70.0,2.0,188901.0,1.1011395561508834,874.0,153.0,0.0,153.0,262.0,0.0,262.0,155.0,318.0,59.0,10.0,45.0,2.0,9.0,3.0,7.0,9.0,73.0,153.0,218.0,17.0,2.0,2.0,0.0,0.0,0.0,0.0,0.0,0.0,0.0,76.0,0.0,25.0,6.0,39.0,0.0,4.0,0.0,2.0,0.0,76.0,0.0,0.0,0.0,0.0,0.0,0.0,0.0,0.0,0.0,0.0,0.0,0.0,0.0,0.0,0.0,0.0,0.0,0.0,12.0,13.0,4.0,1.0,8.0,18.0,7.0,12.0,13.0,22.0,20.0,28.0,0.0,0.0,0.0,0.0,0.0,0.0,0.0,0.0,0.0,0.0,0.0,0.0,0.0,0.0,0.0,0.0,0.0,0.0,14.0,17.0,4.0,2.0,8.0,21.0,8.0,16.0,18.0,30.0,28.0,32.0
966,1.0,966.0,London_141,cons,151,453,1092.0,70.0,2.0,157191.0,1.050754205789417,804.0,39.0,0.0,39.0,68.0,0.0,68.0,154.0,322.0,54.0,16.0,41.0,3.0,13.0,1.0,3.0,8.0,65.0,156.0,224.0,14.0,0.0,0.0,0.0,0.0,0.0,0.0,0.0,0.0,0.0,0.0,0.0,0.0,0.0,0.0,0.0,0.0,0.0,0.0,0.0,0.0,0.0,0.0,0.0,0.0,0.0,0.0,0.0,0.0,0.0,0.0,0.0,0.0,0.0,0.0,0.0,0.0,0.0,0.0,4.0,7.0,6.0,1.0,2.0,9.0,4.0,7.0,7.0,3.0,10.0,11.0,0.0,0.0,0.0,0.0,0.0,0.0,0.0,0.0,0.0,0.0,0.0,0.0,0.0,0.0,0.0,0.0,0.0,0.0,5.0,12.0,6.0,2.0,2.0,13.0,6.0,9.0,10.0,6.0,17.0,18.0
967,1.0,967.0,London_141,cons,151,453,1092.0,70.0,2.0,176217.0,1.0476605887524784,846.0,142.0,0.0,142.0,239.0,0.0,239.0,70.0,322.0,56.0,14.0,37.0,8.0,14.0,1.0,1.0,8.0,71.0,158.0,216.0,11.0,3.0,3.0,0.0,0.0,0.0,0.0,0.0,0.0,0.0,65.0,0.0,27.0,3.0,27.0,0.0,2.0,0.0,6.0,0.0,65.0,0.0,0.0,0.0,0.0,0.0,0.0,0.0,0.0,0.0,0.0,0.0,0.0,0.0,0.0,0.0,0.0,0.0,0.0,10.0,13.0,11.0,0.0,4.0,15.0,10.0,15.0,18.0,15.0,20.0,20.0,0.0,0.0,0.0,0.0,0.0,0.0,0.0,0.0,0.0,0.0,0.0,0.0,0.0,0.0,0.0,0.0,0.0,0.0,13.0,19.0,11.0,0.0,4.0,22.0,15.0,21.0,25.0,28.0,25.0,26.0
968,1.0,968.0,London_141,cons,151,453,1092.0,70.0,2.0,146772.0,0.7943794298917055,781.0,36.0,2.0,34.0,72.0,17.0,55.0,148.0,321.0,55.0,15.0,46.0,3.0,8.0,0.0,5.0,9.0,63.0,160.0,221.0,25.0,2.0,2.0,0.0,0.0,0.0,0.0,0.0,0.0,0.0,1.0,0.0,0.0,0.0,1.0,0.0,0.0,0.0,0.0,1.0,0.0,0.0,0.0,0.0,0.0,0.0,0.0,0.0,0.0,2.0,0.0,0.0,0.0,0.0,0.0,1.0,0.0,0.0,0.0,0.0,2.0,0.0,0.0,0.0,4.0,6.0,5.0,4.0,5.0,7.0,1.0,0.0,0.0,0.0,0.0,0.0,0.0,0.0,0.0,3.0,0.0,0.0,0.0,0.0,0.0,1.0,0.0,0.0,0.0,0.0,3.0,0.0,0.0,0.0,6.0,6.0,5.0,4.0,6.0,9.0,2.0
969,1.0,969.0,London_141,cons,151,453,1092.0,70.0,2.0,176670.0,1.0133311338722706,847.0,145.0,2.0,143.0,252.0,18.0,234.0,67.0,324.0,53.0,22.0,38.0,5.0,7.0,0.0,4.0,10.0,65.0,156.0,222.0,15.0,0.0,0.0,0.0,0.0,0.0,0.0,0.0,0.0,0.0,67.0,0.0,16.0,1.0,38.0,2.0,5.0,0.0,5.0,2.0,65.0,0.0,0.0,0.0,0.0,0.0,0.0,0.0,0.0,0.0,0.0,0.0,0.0,0.0,1.0,0.0,0.0,0.0,0.0,10.0,11.0,3.0,4.0,9.0,20.0,16.0,9.0,13.0,19.0,31.0,14.0,0.0,0.0,0.0,0.0,0.0,0.0,0.0,0.0,0.0,0.0,0.0,0.0,0.0,1.0,0.0,0.0,0.0,0.0,15.0,14.0,3.0,7.0,9.0,28.0,23.0,14.0,20.0,28.0,48.0,18.0
970,1.0,970.0,London_141,cons,151,453,1092.0,70.0,2.0,150396.0,0.7950758398510516,789.0,69.0,0.0,69.0,119.0,0.0,119.0,141.0,330.0,51.0,12.0,45.0,2.0,9.0,0.0,4.0,9.0,65.0,158.0,221.0,15.0,7.0,7.0,0.0,0.0,0.0,0.0,0.0,0.0,0.0,2.0,0.0,0.0,2.0,0.0,0.0,0.0,0.0,0.0,0.0,2.0,0.0,0.0,0.0,0.0,0.0,0.0,0.0,0.0,0.0,0.0,0.0,0.0,0.0,0.0,0.0,0.0,0.0,0.0,6.0,7.0,7.0,0.0,5.0,14.0,10.0,12.0,12.0,14.0,16.0,13.0,0.0,0.0,0.0,0.0,0.0,0.0,0.0,0.0,0.0,0.0,0.0,0.0,0.0,0.0,0.0,0.0,0.0,0.0,7.0,11.0,7.0,0.0,6.0,20.0,15.0,14.0,18.0,20.0,24.0,18.0
971,1.0,971.0,London_141,cons,151,453,1092.0,70.0,2.0,166704.0,0.9614478023722768,825.0,109.0,2.0,107.0,211.0,19.0,192.0,122.0,333.0,50.0,7.0,42.0,1.0,16.0,1.0,3.0,7.0,73.0,156.0,217.0,24.0,0.0,0.0,0.0,0.0,0.0,0.0,0.0,0.0,0.0,40.0,0.0,12.0,7.0,13.0,4.0,1.0,2.0,1.0,2.0,38.0,0.0,0.0,0.0,0.0,0.0,0.0,0.0,0.0,0.0,0.0,0.0,0.0,0.0,0.0,0.0,0.0,0.0,0.0,8.0,10.0,1.0,3.0,8.0,16.0,12.0,6.0,16.0,19.0,19.0,21.0,0.0,0.0,0.0,0.0,0.0,0.0,0.0,0.0,0.0,0.0,0.0,0.0,0.0,0.0,0.0,0.0,0.0,0.0,10.0,14.0,1.0,3.0,10.0,24.0,19.0,10.0,25.0,29.0,28.0,25.0
972,1.0,972.0,London_141,cons,151,453,1092.0,70.0,2.0,154020.0,0.8300094869919121,797.0,56.0,1.0,55.0,101.0,9.0,92.0,129.0,335.0,56.0,12.0,37.0,0.0,10.0,0.0,3.0,6.0,75.0,159.0,213.0,11.0,5.0,5.0,0.0,0.0,0.0,0.0,0.0,0.0,0.0,6.0,0.0,0.0,0.0,4.0,0.0,2.0,0.0,0.0,1.0,5.0,0.0,0.0,0.0,0.0,0.0,0.0,0.0,0.0,0.0,0.0,0.0,0.0,0.0,0.0,1.0,0.0,0.0,0.0,4.0,3.0,7.0,0.0,5.0,9.0,4.0,12.0,4.0,9.0,9.0,13.0,0.0,0.0,0.0,0.0,0.0,0.0,0.0,0.0,0.0,0.0,0.0,0.0,0.0,0.0,1.0,0.0,0.0,0.0,4.0,4.0,7.0,0.0,5.0,12.0,8.0,17.0,7.0,12.0,14.0,17.0
973,1.0,973.0,London_141,cons,151,453,1092.0,70.0,2.0,168063.0,0.8894803319126368,828.0,82.0,0.0,82.0,146.0,0.0,146.0,92.0,340.0,69.0,9.0,26.0,2.0,7.0,0.0,0.0,5.0,77.0,156.0,215.0,11.0,4.0,4.0,0.0,0.0,0.0,0.0,0.0,0.0,0.0,25.0,0.0,0.0,10.0,7.0,0.0,7.0,0.0,1.0,0.0,25.0,0.0,0.0,0.0,0.0,0.0,0.0,0.0,0.0,0.0,0.0,0.0,0.0,0.0,0.0,0.0,0.0,0.0,0.0,9.0,7.0,5.0,4.0,4.0,8.0,12.0,11.0,15.0,14.0,17.0,25.0,0.0,0.0,0.0,0.0,0.0,0.0,0.0,0.0,0.0,0.0,0.0,0.0,0.0,0.0,0.0,0.0,0.0,0.0,10.0,12.0,5.0,5.0,4.0,13.0,17.0,14.0,22.0,18.0,26.0,35.0
974,1.0,974.0,London_141,cons,151,453,1092.0,70.0,2.0,168063.0,0.919548720587045,828.0,110.0,0.0,110.0,192.0,0.0,192.0,111.0,341.0,61.0,9.0,26.0,5.0,8.0,0.0,3.0,7.0,69.0,155.0,222.0,15.0,7.0,7.0,0.0,0.0,0.0,0.0,0.0,0.0,0.0,45.0,0.0,2.0,2.0,29.0,2.0,8.0,2.0,0.0,0.0,45.0,0.0,0.0,0.0,0.0,0.0,0.0,0.0,0.0,0.0,0.0,0.0,0.0,0.0,0.0,0.0,0.0,0.0,0.0,5.0,7.0,6.0,4.0,7.0,14.0,14.0,16.0,12.0,17.0,16.0,22.0,0.0,0.0,0.0,0.0,0.0,0.0,0.0,0.0,0.0,0.0,0.0,0.0,0.0,0.0,0.0,0.0,0.0,0.0,6.0,8.0,6.0,4.0,7.0,18.0,18.0,18.0,16.0,19.0,22.0,29.0
975,1.0,975.0,London_141,cons,151,453,1092.0,70.0,2.0,156285.0,0.8886869009584188,802.0,101.0,1.0,100.0,182.0,10.0,172.0,125.0,339.0,57.0,8.0,28.0,3.0,11.0,1.0,6.0,5.0,80.0,154.0,214.0,20.0,2.0,2.0,0.0,0.0,0.0,0.0,0.0,0.0,0.0,36.0,0.0,8.0,1.0,24.0,0.0,0.0,1.0,2.0,1.0,35.0,0.0,0.0,0.0,0.0,0.0,0.0,0.0,0.0,0.0,0.0,0.0,0.0,0.0,0.0,0.0,0.0,0.0,0.0,5.0,8.0,3.0,0.0,11.0,20.0,8.0,16.0,13.0,14.0,20.0,20.0,0.0,0.0,0.0,0.0,0.0,0.0,0.0,0.0,0.0,0.0,0.0,0.0,0.0,0.0,0.0,0.0,0.0,0.0,6.0,11.0,3.0,0.0,11.0,29.0,11.0,22.0,21.0,21.0,27.0,26.0
976,1.0,976.0,London_141,cons,151,453,1092.0,70.0,2.0,142695.0,0.7463381248526275,772.0,83.0,0.0,83.0,135.0,0.0,135.0,124.0,337.0,54.0,10.0,34.0,4.0,9.0,0.0,5.0,4.0,71.0,154.0,224.0,23.0,5.0,5.0,0.0,0.0,0.0,0.0,0.0,0.0,0.0,16.0,0.0,0.0,0.0,16.0,0.0,0.0,0.0,0.0,0.0,16.0,0.0,0.0,0.0,0.0,0.0,0.0,0.0,0.0,0.0,0.0,0.0,0.0,0.0,0.0,0.0,0.0,0.0,0.0,7.0,6.0,3.0,2.0,8.0,13.0,13.0,10.0,9.0,15.0,18.0,24.0,0.0,0.0,0.0,0.0,0.0,0.0,0.0,0.0,0.0,0.0,0.0,0.0,0.0,0.0,0.0,0.0,0.0,0.0,8.0,12.0,3.0,2.0,9.0,15.0,19.0,11.0,10.0,24.0,22.0,31.0
977,1.0,977.0,London_141,cons,151,453,1092.0,70.0,2.0,144054.0,0.8501970330253243,775.0,124.0,2.0,122.0,233.0,17.0,216.0,119.0,335.0,48.0,15.0,33.0,5.0,10.0,0.0,7.0,5.0,78.0,153.0,217.0,12.0,3.0,3.0,0.0,0.0,0.0,0.0,0.0,0.0,0.0,63.0,0.0,26.0,0.0,32.0,0.0,0.0,1.0,4.0,2.0,61.0,0.0,0.0,0.0,0.0,0.0,0.0,0.0,0.0,0.0,0.0,0.0,0.0,0.0,0.0,0.0,0.0,0.0,0.0,9.0,11.0,11.0,1.0,5.0,11.0,14.0,14.0,15.0,21.0,11.0,23.0,0.0,0.0,0.0,0.0,0.0,0.0,0.0,0.0,0.0,0.0,0.0,0.0,0.0,0.0,0.0,0.0,0.0,0.0,14.0,13.0,11.0,1.0,6.0,14.0,24.0,15.0,21.0,34.0,13.0,29.0
978,1.0,978.0,London_141,cons,151,453,1092.0,70.0,2.0,117780.0,0.6669507292099297,717.0,32.0,1.0,31.0,64.0,12.0,52.0,124.0,345.0,50.0,11.0,32.0,5.0,8.0,0.0,2.0,8.0,82.0,144.0,219.0,12.0,11.0,11.0,0.0,0.0,0.0,0.0,0.0,0.0,0.0,1.0,0.0,0.0,0.0,0.0,0.0,1.0,0.0,0.0,1.0,0.0,0.0,0.0,0.0,0.0,0.0,0.0,0.0,0.0,0.0,0.0,0.0,1.0,0.0,0.0,1.0,0.0,0.0,0.0,2.0,1.0,4.0,0.0,1.0,6.0,2.0,5.0,5.0,9.0,7.0,8.0,0.0,0.0,0.0,0.0,0.0,0.0,0.0,0.0,0.0,0.0,0.0,2.0,0.0,0.0,4.0,0.0,0.0,0.0,2.0,2.0,4.0,0.0,1.0,8.0,4.0,5.0,6.0,13.0,11.0,10.0
979,1.0,979.0,London_141,cons,151,453,1092.0,70.0,2.0,139977.0,0.770657800603658,766.0,56.0,2.0,54.0,108.0,19.0,89.0,67.0,334.0,63.0,7.0,33.0,1.0,13.0,0.0,2.0,9.0,84.0,142.0,218.0,17.0,9.0,9.0,0.0,0.0,0.0,0.0,0.0,0.0,0.0,10.0,0.0,0.0,1.0,1.0,1.0,1.0,2.0,4.0,2.0,8.0,0.0,0.0,0.0,0.0,0.0,0.0,0.0,0.0,1.0,1.0,0.0,1.0,0.0,0.0,1.0,0.0,0.0,0.0,1.0,3.0,0.0,1.0,1.0,6.0,10.0,2.0,9.0,13.0,7.0,10.0,0.0,0.0,0.0,0.0,0.0,0.0,0.0,0.0,1.0,1.0,0.0,1.0,0.0,0.0,1.0,0.0,0.0,0.0,1.0,4.0,0.0,1.0,1.0,8.0,12.0,2.0,11.0,16.0,12.0,15.0
980,1.0,980.0,London_141,cons,151,453,1092.0,70.0,2.0,154473.0,0.9447136209346354,798.0,59.0,0.0,59.0,103.0,0.0,103.0,90.0,327.0,65.0,3.0,39.0,1.0,13.0,0.0,5.0,8.0,82.0,143.0,220.0,24.0,1.0,1.0,0.0,0.0,0.0,0.0,0.0,0.0,0.0,7.0,0.0,0.0,4.0,0.0,0.0,0.0,0.0,3.0,0.0,7.0,0.0,0.0,0.0,0.0,0.0,0.0,0.0,0.0,0.0,0.0,0.0,0.0,0.0,0.0,0.0,0.0,0.0,0.0,5.0,6.0,6.0,2.0,1.0,13.0,8.0,8.0,12.0,13.0,17.0,17.0,0.0,0.0,0.0,0.0,0.0,0.0,0.0,0.0,0.0,0.0,0.0,0.0,0.0,0.0,0.0,0.0,0.0,0.0,6.0,12.0,7.0,2.0,2.0,17.0,14.0,11.0,16.0,17.0,25.0,23.0
981,1.0,981.0,London_141,cons,151,453,1092.0,70.0,2.0,164439.0,0.9719870518893003,820.0,134.0,0.0,134.0,236.0,0.0,236.0,95.0,329.0,61.0,7.0,30.0,2.0,22.0,1.0,1.0,7.0,77.0,151.0,218.0,22.0,7.0,7.0,0.0,0.0,0.0,0.0,0.0,0.0,0.0,65.0,0.0,12.0,5.0,41.0,0.0,0.0,3.0,4.0,0.0,65.0,0.0,0.0,0.0,0.0,0.0,0.0,0.0,0.0,0.0,0.0,0.0,0.0,0.0,0.0,0.0,0.0,0.0,0.0,5.0,4.0,3.0,0.0,11.0,19.0,6.0,8.0,12.0,19.0,20.0,20.0,0.0,0.0,0.0,0.0,0.0,0.0,0.0,0.0,0.0,0.0,0.0,0.0,0.0,0.0,0.0,0.0,0.0,0.0,7.0,4.0,4.0,0.0,13.0,24.0,11.0,11.0,17.0,25.0,35.0,25.0
982,1.0,982.0,London_141,cons,151,453,1092.0,70.0,2.0,137712.0,0.7620239858515561,761.0,54.0,1.0,53.0,98.0,9.0,89.0,142.0,330.0,48.0,9.0,39.0,1.0,24.0,1.0,1.0,9.0,81.0,148.0,215.0,22.0,3.0,3.0,0.0,0.0,0.0,0.0,0.0,0.0,0.0,2.0,0.0,0.0,0.0,0.0,1.0,1.0,0.0,0.0,1.0,1.0,0.0,0.0,0.0,0.0,0.0,0.0,0.0,0.0,1.0,0.0,0.0,0.0,0.0,0.0,1.0,0.0,0.0,0.0,4.0,5.0,4.0,1.0,1.0,12.0,3.0,6.0,6.0,9.0,12.0,10.0,0.0,0.0,0.0,0.0,0.0,0.0,0.0,0.0,1.0,0.0,0.0,0.0,0.0,0.0,1.0,0.0,0.0,0.0,6.0,6.0,5.0,1.0,1.0,14.0,8.0,15.0,9.0,13.0,19.0,17.0
983,1.0,983.0,London_141,cons,151,453,1092.0,70.0,2.0,150849.0,0.806241471786052,790.0,81.0,0.0,81.0,136.0,0.0,136.0,94.0,335.0,48.0,17.0,35.0,2.0,11.0,3.0,2.0,6.0,86.0,149.0,212.0,15.0,4.0,4.0,0.0,0.0,0.0,0.0,0.0,0.0,0.0,16.0,0.0,2.0,0.0,14.0,0.0,0.0,0.0,0.0,0.0,16.0,0.0,0.0,0.0,0.0,0.0,0.0,0.0,0.0,0.0,0.0,0.0,0.0,0.0,0.0,0.0,0.0,0.0,0.0,5.0,2.0,6.0,2.0,10.0,10.0,7.0,13.0,14.0,18.0,19.0,21.0,0.0,0.0,0.0,0.0,0.0,0.0,0.0,0.0,0.0,0.0,0.0,0.0,0.0,0.0,0.0,0.0,0.0,0.0,6.0,3.0,7.0,2.0,10.0,15.0,9.0,15.0,20.0,24.0,21.0,25.0
984,1.0,984.0,London_141,cons,151,453,1092.0,70.0,2.0,154020.0,0.767627542372793,797.0,122.0,2.0,120.0,246.0,20.0,226.0,113.0,346.0,39.0,12.0,33.0,3.0,13.0,3.0,4.0,7.0,84.0,137.0,225.0,18.0,9.0,9.0,0.0,0.0,0.0,0.0,0.0,0.0,0.0,70.0,0.0,14.0,7.0,38.0,2.0,5.0,1.0,3.0,2.0,68.0,0.0,0.0,0.0,0.0,0.0,0.0,0.0,0.0,0.0,0.0,0.0,0.0,0.0,0.0,0.0,0.0,0.0,0.0,5.0,10.0,6.0,1.0,8.0,18.0,10.0,11.0,19.0,17.0,13.0,21.0,0.0,0.0,0.0,0.0,0.0,0.0,0.0,0.0,0.0,0.0,0.0,0.0,0.0,0.0,0.0,0.0,0.0,0.0,6.0,14.0,6.0,1.0,8.0,21.0,13.0,15.0,24.0,23.0,18.0,26.0
985,1.0,985.0,London_141,cons,151,453,1092.0,70.0,2.0,139524.0,1.0738217579200864,765.0,34.0,2.0,32.0,76.0,20.0,56.0,132.0,332.0,60.0,9.0,38.0,3.0,9.0,1.0,1.0,6.0,76.0,141.0,230.0,17.0,6.0,6.0,0.0,0.0,0.0,0.0,0.0,0.0,0.0,4.0,0.0,0.0,0.0,0.0,0.0,2.0,0.0,2.0,2.0,2.0,0.0,0.0,0.0,0.0,0.0,0.0,0.0,0.0,1.0,0.0,0.0,0.0,1.0,0.0,1.0,0.0,0.0,0.0,2.0,1.0,0.0,1.0,0.0,5.0,8.0,2.0,6.0,7.0,7.0,12.0,0.0,0.0,0.0,0.0,0.0,0.0,0.0,0.0,2.0,0.0,0.0,0.0,3.0,0.0,2.0,0.0,0.0,0.0,2.0,2.0,0.0,1.0,0.0,6.0,11.0,4.0,8.0,10.0,11.0,13.0
986,1.0,986.0,London_141,cons,151,453,1092.0,70.0,2.0,164439.0,1.0857379348017275,820.0,91.0,1.0,90.0,163.0,10.0,153.0,61.0,327.0,64.0,13.0,40.0,1.0,7.0,0.0,1.0,7.0,73.0,138.0,235.0,21.0,3.0,3.0,0.0,0.0,0.0,0.0,0.0,0.0,0.0,17.0,0.0,8.0,0.0,4.0,0.0,3.0,0.0,2.0,1.0,16.0,0.0,0.0,0.0,0.0,0.0,0.0,0.0,0.0,1.0,0.0,0.0,0.0,0.0,1.0,1.0,0.0,0.0,0.0,4.0,9.0,5.0,1.0,4.0,30.0,8.0,16.0,12.0,14.0,15.0,20.0,0.0,0.0,0.0,0.0,0.0,0.0,0.0,0.0,1.0,0.0,0.0,0.0,0.0,3.0,1.0,0.0,0.0,0.0,5.0,15.0,5.0,1.0,4.0,43.0,12.0,24.0,18.0,20.0,26.0,28.0
987,1.0,987.0,London_141,cons,151,453,1092.0,70.0,2.0,156738.0,1.008243212942034,803.0,65.0,2.0,63.0,130.0,18.0,112.0,139.0,322.0,50.0,19.0,40.0,2.0,16.0,0.0,4.0,7.0,87.0,141.0,218.0,17.0,0.0,0.0,0.0,0.0,0.0,0.0,0.0,0.0,0.0,2.0,0.0,0.0,0.0,0.0,0.0,1.0,0.0,1.0,2.0,0.0,0.0,0.0,0.0,0.0,0.0,0.0,0.0,0.0,0.0,0.0,0.0,0.0,0.0,0.0,0.0,0.0,0.0,0.0,2.0,2.0,4.0,0.0,4.0,9.0,7.0,10.0,9.0,16.0,14.0,22.0,0.0,0.0,0.0,0.0,0.0,0.0,0.0,0.0,0.0,0.0,0.0,0.0,0.0,0.0,0.0,0.0,0.0,0.0,2.0,2.0,5.0,0.0,4.0,12.0,7.0,15.0,13.0,27.0,20.0,31.0
988,1.0,988.0,London_141,cons,151,453,1092.0,70.0,2.0,166251.0,1.0321290451101959,824.0,82.0,0.0,82.0,135.0,0.0,135.0,113.0,334.0,41.0,16.0,44.0,3.0,11.0,1.0,3.0,9.0,81.0,139.0,224.0,18.0,0.0,0.0,0.0,0.0,0.0,0.0,0.0,0.0,0.0,14.0,0.0,11.0,0.0,1.0,0.0,0.0,0.0,2.0,0.0,14.0,0.0,0.0,0.0,0.0,0.0,0.0,0.0,0.0,0.0,0.0,0.0,0.0,0.0,0.0,0.0,0.0,0.0,0.0,1.0,5.0,4.0,0.0,4.0,9.0,5.0,5.0,14.0,17.0,20.0,13.0,0.0,0.0,0.0,0.0,0.0,0.0,0.0,0.0,0.0,0.0,0.0,0.0,0.0,0.0,0.0,0.0,0.0,0.0,1.0,7.0,4.0,0.0,4.0,16.0,6.0,7.0,20.0,24.0,30.0,19.0
989,1.0,989.0,London_141,cons,151,453,1092.0,70.0,2.0,167610.0,1.060990628786385,827.0,95.0,2.0,93.0,190.0,20.0,170.0,118.0,346.0,43.0,14.0,32.0,2.0,14.0,0.0,2.0,6.0,75.0,135.0,237.0,12.0,1.0,1.0,0.0,0.0,0.0,0.0,0.0,0.0,0.0,39.0,0.0,9.0,0.0,28.0,0.0,1.0,1.0,0.0,2.0,37.0,0.0,0.0,0.0,0.0,0.0,0.0,0.0,0.0,1.0,0.0,0.0,0.0,0.0,1.0,0.0,0.0,0.0,0.0,0.0,0.0,8.0,0.0,7.0,8.0,3.0,5.0,9.0,11.0,12.0,10.0,0.0,0.0,0.0,0.0,0.0,0.0,0.0,0.0,1.0,0.0,0.0,0.0,0.0,1.0,0.0,0.0,0.0,0.0,0.0,0.0,10.0,0.0,7.0,12.0,7.0,6.0,9.0,13.0,20.0,10.0
990,1.0,990.0,London_141,cons,151,453,1092.0,70.0,2.0,162174.0,0.9764346545562148,815.0,89.0,0.0,89.0,151.0,0.0,151.0,112.0,350.0,45.0,13.0,32.0,4.0,6.0,1.0,2.0,4.0,83.0,151.0,215.0,21.0,3.0,3.0,0.0,0.0,0.0,0.0,0.0,0.0,0.0,26.0,0.0,4.0,0.0,13.0,0.0,3.0,0.0,6.0,0.0,26.0,0.0,0.0,0.0,0.0,0.0,0.0,0.0,0.0,0.0,0.0,0.0,0.0,0.0,0.0,0.0,0.0,0.0,0.0,6.0,8.0,1.0,2.0,13.0,7.0,15.0,12.0,7.0,19.0,22.0,29.0,0.0,0.0,0.0,0.0,0.0,0.0,0.0,0.0,0.0,0.0,0.0,0.0,0.0,0.0,0.0,0.0,0.0,0.0,6.0,11.0,1.0,2.0,14.0,8.0,22.0,15.0,9.0,30.0,30.0,39.0
991,1.0,991.0,London_141,cons,151,453,1092.0,70.0,2.0,157644.0,0.9231667509302497,805.0,131.0,0.0,131.0,232.0,0.0,232.0,118.0,347.0,45.0,10.0,38.0,2.0,10.0,0.0,1.0,5.0,75.0,137.0,236.0,17.0,5.0,5.0,0.0,0.0,0.0,0.0,0.0,0.0,0.0,75.0,0.0,33.0,10.0,22.0,1.0,6.0,0.0,3.0,0.0,75.0,0.0,0.0,0.0,0.0,0.0,0.0,0.0,0.0,0.0,0.0,0.0,0.0,0.0,0.0,0.0,0.0,0.0,0.0,8.0,5.0,8.0,1.0,9.0,10.0,16.0,7.0,12.0,18.0,11.0,17.0,0.0,0.0,0.0,0.0,0.0,0.0,0.0,0.0,0.0,0.0,0.0,0.0,0.0,0.0,0.0,0.0,0.0,0.0,11.0,6.0,8.0,1.0,10.0,11.0,23.0,7.0,16.0,24.0,16.0,19.0
992,1.0,992.0,London_141,cons,151,453,1092.0,70.0,2.0,135447.0,0.7007573330774903,756.0,102.0,2.0,100.0,193.0,17.0,176.0,120.0,347.0,54.0,9.0,33.0,3.0,3.0,2.0,2.0,10.0,80.0,126.0,237.0,18.0,8.0,8.0,0.0,0.0,0.0,0.0,0.0,0.0,0.0,47.0,0.0,21.0,2.0,16.0,0.0,2.0,1.0,5.0,2.0,45.0,0.0,0.0,0.0,0.0,0.0,0.0,0.0,0.0,0.0,0.0,0.0,0.0,0.0,0.0,1.0,0.0,0.0,0.0,5.0,7.0,9.0,1.0,6.0,20.0,8.0,14.0,9.0,15.0,9.0,23.0,0.0,0.0,0.0,0.0,0.0,0.0,0.0,0.0,0.0,0.0,0.0,0.0,0.0,0.0,1.0,0.0,0.0,0.0,6.0,10.0,9.0,2.0,6.0,28.0,9.0,16.0,12.0,21.0,9.0,35.0
993,1.0,993.0,London_141,cons,151,453,1092.0,70.0,2.0,120045.0,1.056939351838082,722.0,13.0,0.0,13.0,23.0,0.0,23.0,120.0,345.0,43.0,12.0,37.0,1.0,13.0,1.0,1.0,5.0,80.0,131.0,237.0,13.0,7.0,7.0,0.0,0.0,0.0,0.0,0.0,0.0,0.0,0.0,0.0,0.0,0.0,0.0,0.0,0.0,0.0,0.0,0.0,0.0,0.0,0.0,0.0,0.0,0.0,0.0,0.0,0.0,0.0,0.0,0.0,0.0,0.0,0.0,0.0,0.0,0.0,0.0,2.0,2.0,4.0,0.0,1.0,1.0,3.0,2.0,1.0,4.0,6.0,3.0,0.0,0.0,0.0,0.0,0.0,0.0,0.0,0.0,0.0,0.0,0.0,0.0,0.0,0.0,0.0,0.0,0.0,0.0,2.0,2.0,5.0,0.0,1.0,2.0,6.0,2.0,2.0,6.0,9.0,4.0
994,1.0,994.0,London_141,cons,151,453,1092.0,70.0,2.0,157644.0,0.9967216523364186,805.0,104.0,2.0,102.0,187.0,17.0,170.0,30.0,342.0,43.0,13.0,39.0,1.0,12.0,1.0,2.0,7.0,81.0,128.0,237.0,14.0,1.0,1.0,0.0,0.0,0.0,0.0,0.0,0.0,0.0,36.0,0.0,6.0,1.0,19.0,3.0,1.0,1.0,5.0,2.0,34.0,0.0,0.0,0.0,0.0,0.0,0.0,0.0,0.0,1.0,0.0,0.0,0.0,0.0,0.0,1.0,0.0,0.0,0.0,5.0,4.0,7.0,2.0,5.0,14.0,9.0,4.0,16.0,14.0,10.0,15.0,0.0,0.0,0.0,0.0,0.0,0.0,0.0,0.0,1.0,0.0,0.0,0.0,0.0,0.0,1.0,0.0,0.0,0.0,6.0,4.0,7.0,3.0,6.0,18.0,12.0,7.0,26.0,21.0,12.0,18.0
995,1.0,995.0,London_141,cons,151,453,1092.0,70.0,2.0,143601.0,0.8088011369109154,774.0,40.0,0.0,40.0,67.0,0.0,67.0,122.0,339.0,52.0,10.0,36.0,7.0,7.0,0.0,2.0,3.0,82.0,138.0,230.0,15.0,5.0,5.0,0.0,0.0,0.0,0.0,0.0,0.0,0.0,0.0,0.0,0.0,0.0,0.0,0.0,0.0,0.0,0.0,0.0,0.0,0.0,0.0,0.0,0.0,0.0,0.0,0.0,0.0,0.0,0.0,0.0,0.0,0.0,0.0,0.0,0.0,0.0,0.0,5.0,4.0,6.0,0.0,2.0,6.0,6.0,7.0,8.0,6.0,5.0,16.0,0.0,0.0,0.0,0.0,0.0,0.0,0.0,0.0,0.0,0.0,0.0,0.0,0.0,0.0,0.0,0.0,0.0,0.0,8.0,6.0,7.0,0.0,2.0,11.0,9.0,10.0,15.0,10.0,6.0,23.0
996,1.0,996.0,London_141,cons,151,453,1092.0,70.0,2.0,165798.0,1.0346689238213003,823.0,110.0,1.0,109.0,197.0,8.0,189.0,74.0,336.0,65.0,11.0,30.0,7.0,3.0,0.0,1.0,4.0,92.0,133.0,224.0,19.0,6.0,6.0,0.0,0.0,0.0,0.0,0.0,0.0,0.0,38.0,0.0,3.0,4.0,21.0,0.0,7.0,0.0,3.0,1.0,37.0,0.0,0.0,0.0,0.0,0.0,0.0,0.0,0.0,0.0,0.0,0.0,0.0,0.0,1.0,0.0,0.0,0.0,0.0,8.0,7.0,5.0,2.0,8.0,14.0,13.0,20.0,18.0,19.0,25.0,19.0,0.0,0.0,0.0,0.0,0.0,0.0,0.0,0.0,0.0,0.0,0.0,0.0,0.0,1.0,0.0,0.0,0.0,0.0,8.0,9.0,5.0,2.0,8.0,17.0,18.0,26.0,22.0,25.0,38.0,23.0
997,1.0,997.0,London_141,cons,151,453,1092.0,70.0,2.0,144507.0,0.871008831076324,776.0,96.0,2.0,94.0,179.0,18.0,161.0,141.0,324.0,50.0,6.0,49.0,7.0,14.0,2.0,1.0,5.0,88.0,134.0,226.0,17.0,4.0,4.0,0.0,0.0,0.0,0.0,0.0,0.0,0.0,19.0,0.0,13.0,0.0,3.0,0.0,0.0,0.0,3.0,2.0,17.0,0.0,0.0,0.0,0.0,0.0,0.0,0.0,0.0,0.0,0.0,0.0,1.0,0.0,0.0,0.0,0.0,0.0,0.0,7.0,5.0,6.0,0.0,7.0,15.0,8.0,19.0,13.0,13.0,20.0,21.0,0.0,0.0,0.0,0.0,0.0,0.0,0.0,0.0,0.0,0.0,0.0,1.0,0.0,0.0,0.0,0.0,0.0,0.0,8.0,6.0,6.0,0.0,8.0,19.0,10.0,31.0,19.0,18.0,26.0,26.0
998,1.0,998.0,London_141,cons,151,453,1092.0,70.0,2.0,133635.0,0.736074588727206,752.0,83.0,0.0,83.0,135.0,0.0,135.0,142.0,325.0,57.0,14.0,38.0,2.0,11.0,3.0,3.0,7.0,87.0,134.0,225.0,15.0,1.0,1.0,0.0,0.0,0.0,0.0,0.0,0.0,0.0,15.0,0.0,0.0,0.0,15.0,0.0,0.0,0.0,0.0,0.0,15.0,0.0,0.0,0.0,0.0,0.0,0.0,0.0,0.0,0.0,0.0,0.0,0.0,0.0,0.0,0.0,0.0,0.0,0.0,2.0,12.0,6.0,0.0,6.0,14.0,9.0,8.0,17.0,13.0,15.0,20.0,0.0,0.0,0.0,0.0,0.0,0.0,0.0,0.0,0.0,0.0,0.0,0.0,0.0,0.0,0.0,0.0,0.0,0.0,3.0,17.0,6.0,0.0,6.0,20.0,13.0,11.0,26.0,21.0,20.0,32.0
999,1.0,999.0,London_141,cons,151,453,1092.0,70.0,2.0,131823.0,0.705539143178612,748.0,76.0,2.0,74.0,148.0,19.0,129.0,116.0,339.0,48.0,15.0,25.0,4.0,18.0,1.0,3.0,4.0,88.0,127.0,234.0,15.0,11.0,11.0,0.0,0.0,0.0,0.0,0.0,0.0,0.0,15.0,0.0,1.0,0.0,13.0,0.0,1.0,0.0,0.0,2.0,13.0,0.0,0.0,0.0,0.0,0.0,0.0,0.0,0.0,1.0,0.0,0.0,0.0,0.0,0.0,1.0,0.0,0.0,0.0,1.0,0.0,2.0,0.0,1.0,10.0,3.0,8.0,6.0,7.0,18.0,9.0,0.0,0.0,0.0,0.0,0.0,0.0,0.0,0.0,2.0,0.0,0.0,0.0,0.0,0.0,1.0,0.0,0.0,0.0,1.0,0.0,2.0,0.0,1.0,15.0,4.0,15.0,9.0,12.0,27.0,12.0
1000,1.0,1000.0,London_141,cons,151,453,1092.0,70.0,2.0,141336.0,0.8127621142193675,769.0,83.0,0.0,83.0,148.0,0.0,148.0,128.0,334.0,53.0,7.0,36.0,6.0,15.0,1.0,1.0,6.0,87.0,129.0,231.0,19.0,9.0,9.0,0.0,0.0,0.0,0.0,0.0,0.0,0.0,20.0,0.0,1.0,6.0,12.0,0.0,0.0,0.0,1.0,0.0,20.0,0.0,0.0,0.0,0.0,0.0,0.0,0.0,0.0,0.0,0.0,0.0,0.0,0.0,0.0,0.0,0.0,0.0,0.0,5.0,7.0,2.0,1.0,8.0,11.0,10.0,10.0,17.0,13.0,14.0,27.0,0.0,0.0,0.0,0.0,0.0,0.0,0.0,0.0,0.0,0.0,0.0,0.0,0.0,0.0,0.0,0.0,0.0,0.0,5.0,9.0,2.0,1.0,10.0,13.0,13.0,15.0,21.0,20.0,18.0,39.0
1001,1.0,1001.0,London_141,cons,151,453,1092.0,70.0,2.0,135900.0,0.788564186077565,757.0,23.0,0.0,23.0,36.0,0.0,36.0,127.0,329.0,46.0,14.0,36.0,7.0,16.0,3.0,2.0,6.0,83.0,125.0,239.0,17.0,4.0,4.0,0.0,0.0,0.0,0.0,0.0,0.0,0.0,0.0,0.0,0.0,0.0,0.0,0.0,0.0,0.0,0.0,0.0,0.0,0.0,0.0,0.0,0.0,0.0,0.0,0.0,0.0,0.0,0.0,0.0,0.0,0.0,0.0,0.0,0.0,0.0,0.0,1.0,2.0,1.0,0.0,0.0,3.0,2.0,4.0,1.0,2.0,2.0,8.0,0.0,0.0,0.0,0.0,0.0,0.0,0.0,0.0,0.0,0.0,0.0,0.0,0.0,0.0,0.0,0.0,0.0,0.0,1.0,3.0,1.0,0.0,0.0,4.0,2.0,4.0,2.0,2.0,6.0,9.0
1002,1.0,1002.0,London_141,cons,151,453,1092.0,70.0,2.0,167610.0,0.8831739411689341,827.0,90.0,3.0,87.0,173.0,25.0,148.0,40.0,324.0,52.0,9.0,34.0,9.0,18.0,4.0,3.0,6.0,85.0,118.0,244.0,18.0,3.0,3.0,0.0,0.0,0.0,0.0,0.0,0.0,0.0,16.0,0.0,3.0,3.0,7.0,1.0,2.0,0.0,0.0,3.0,13.0,0.0,0.0,0.0,0.0,0.0,0.0,0.0,0.0,0.0,1.0,0.0,0.0,1.0,1.0,0.0,0.0,0.0,0.0,1.0,2.0,1.0,1.0,2.0,10.0,9.0,9.0,6.0,14.0,12.0,16.0,0.0,0.0,0.0,0.0,0.0,0.0,0.0,0.0,0.0,4.0,0.0,0.0,1.0,1.0,0.0,0.0,0.0,0.0,1.0,2.0,1.0,1.0,2.0,14.0,11.0,11.0,8.0,22.0,18.0,20.0
1003,1.0,1003.0,London_141,cons,151,453,1092.0,70.0,2.0,158550.0,0.9011420859023929,807.0,107.0,1.0,106.0,187.0,10.0,177.0,136.0,330.0,58.0,10.0,33.0,5.0,11.0,4.0,2.0,8.0,79.0,126.0,240.0,17.0,4.0,4.0,0.0,0.0,0.0,0.0,0.0,0.0,0.0,35.0,0.0,0.0,5.0,30.0,0.0,0.0,0.0,0.0,1.0,34.0,0.0,0.0,0.0,0.0,0.0,0.0,0.0,0.0,0.0,0.0,0.0,0.0,0.0,0.0,0.0,0.0,0.0,0.0,7.0,8.0,2.0,1.0,8.0,21.0,11.0,12.0,10.0,8.0,18.0,25.0,0.0,0.0,0.0,0.0,0.0,0.0,0.0,0.0,0.0,0.0,0.0,0.0,0.0,0.0,0.0,0.0,0.0,0.0,9.0,10.0,2.0,1.0,9.0,26.0,20.0,17.0,16.0,10.0,24.0,33.0
1004,1.0,1004.0,London_141,cons,151,453,1092.0,70.0,2.0,142242.0,0.8578056800179183,771.0,48.0,1.0,47.0,90.0,7.0,83.0,126.0,333.0,55.0,7.0,36.0,5.0,14.0,0.0,3.0,8.0,84.0,136.0,225.0,15.0,7.0,7.0,0.0,0.0,0.0,0.0,0.0,0.0,0.0,8.0,0.0,0.0,5.0,1.0,0.0,0.0,1.0,1.0,1.0,7.0,0.0,0.0,0.0,0.0,0.0,0.0,0.0,0.0,1.0,0.0,0.0,0.0,0.0,0.0,1.0,0.0,0.0,0.0,3.0,3.0,2.0,0.0,1.0,1.0,6.0,0.0,2.0,9.0,10.0,2.0,0.0,0.0,0.0,0.0,0.0,0.0,0.0,0.0,2.0,0.0,0.0,0.0,0.0,0.0,1.0,0.0,0.0,0.0,4.0,3.0,2.0,0.0,1.0,1.0,9.0,0.0,3.0,10.0,14.0,2.0
1005,1.0,1005.0,London_141,cons,151,453,1092.0,70.0,2.0,149490.0,0.870625370182097,787.0,86.0,0.0,86.0,151.0,0.0,151.0,84.0,332.0,59.0,5.0,29.0,7.0,20.0,0.0,1.0,2.0,82.0,133.0,236.0,15.0,3.0,3.0,0.0,0.0,0.0,0.0,0.0,0.0,0.0,18.0,0.0,0.0,3.0,11.0,0.0,0.0,0.0,4.0,0.0,18.0,0.0,0.0,0.0,0.0,0.0,0.0,0.0,0.0,0.0,0.0,0.0,0.0,0.0,0.0,0.0,0.0,0.0,0.0,9.0,7.0,0.0,0.0,8.0,18.0,6.0,11.0,14.0,11.0,24.0,21.0,0.0,0.0,0.0,0.0,0.0,0.0,0.0,0.0,0.0,0.0,0.0,0.0,0.0,0.0,0.0,0.0,0.0,0.0,15.0,8.0,0.0,0.0,8.0,25.0,8.0,15.0,20.0,18.0,32.0,29.0
1006,1.0,1006.0,London_141,cons,151,453,1092.0,70.0,2.0,148584.0,0.8052306082099676,785.0,132.0,2.0,130.0,237.0,19.0,218.0,129.0,324.0,53.0,7.0,34.0,10.0,22.0,0.0,3.0,4.0,88.0,121.0,240.0,16.0,6.0,6.0,0.0,0.0,0.0,0.0,0.0,0.0,0.0,55.0,0.0,18.0,9.0,26.0,0.0,1.0,0.0,1.0,1.0,54.0,0.0,0.0,0.0,0.0,0.0,0.0,0.0,0.0,1.0,0.0,0.0,0.0,0.0,0.0,0.0,0.0,0.0,0.0,3.0,1.0,0.0,1.0,3.0,7.0,4.0,1.0,4.0,16.0,20.0,11.0,0.0,0.0,0.0,0.0,0.0,0.0,0.0,0.0,2.0,0.0,0.0,0.0,0.0,0.0,0.0,0.0,0.0,0.0,3.0,1.0,0.0,1.0,3.0,10.0,4.0,1.0,5.0,27.0,26.0,15.0
1007,1.0,1007.0,London_141,cons,151,453,1092.0,70.0,2.0,122763.0,0.7508972380310297,728.0,104.0,0.0,104.0,186.0,0.0,186.0,148.0,317.0,61.0,6.0,44.0,2.0,20.0,1.0,2.0,3.0,87.0,120.0,243.0,26.0,4.0,4.0,0.0,0.0,0.0,0.0,0.0,0.0,0.0,31.0,0.0,0.0,10.0,18.0,0.0,0.0,1.0,2.0,0.0,31.0,0.0,0.0,0.0,0.0,0.0,0.0,0.0,0.0,0.0,0.0,0.0,0.0,0.0,0.0,0.0,0.0,0.0,0.0,8.0,13.0,2.0,1.0,5.0,16.0,11.0,15.0,8.0,21.0,13.0,25.0,0.0,0.0,0.0,0.0,0.0,0.0,0.0,0.0,0.0,0.0,0.0,0.0,0.0,0.0,0.0,0.0,0.0,0.0,10.0,15.0,3.0,2.0,7.0,21.0,18.0,20.0,11.0,30.0,17.0,32.0
1008,1.0,1008.0,London_141,cons,151,453,1092.0,70.0,2.0,117780.0,0.6241934602148831,717.0,8.0,0.0,8.0,13.0,0.0,13.0,145.0,323.0,59.0,15.0,41.0,5.0,9.0,0.0,1.0,2.0,87.0,132.0,232.0,25.0,4.0,4.0,0.0,0.0,0.0,0.0,0.0,0.0,0.0,2.0,0.0,0.0,0.0,0.0,0.0,0.0,0.0,2.0,0.0,2.0,0.0,0.0,0.0,0.0,0.0,0.0,0.0,0.0,0.0,0.0,0.0,0.0,0.0,0.0,0.0,0.0,0.0,0.0,0.0,0.0,1.0,0.0,1.0,3.0,1.0,1.0,1.0,1.0,2.0,4.0,0.0,0.0,0.0,0.0,0.0,0.0,0.0,0.0,0.0,0.0,0.0,0.0,0.0,0.0,0.0,0.0,0.0,0.0,0.0,0.0,1.0,0.0,1.0,6.0,1.0,1.0,1.0,2.0,2.0,7.0
1009,1.0,1009.0,London_141,cons,151,453,1092.0,70.0,2.0,151302.0,0.8526537180878222,791.0,70.0,0.0,70.0,111.0,0.0,111.0,15.0,321.0,57.0,18.0,40.0,7.0,9.0,0.0,1.0,2.0,84.0,132.0,235.0,26.0,8.0,8.0,0.0,0.0,0.0,0.0,0.0,0.0,0.0,0.0,0.0,0.0,0.0,0.0,0.0,0.0,0.0,0.0,0.0,0.0,0.0,0.0,0.0,0.0,0.0,0.0,0.0,0.0,0.0,0.0,0.0,0.0,0.0,0.0,0.0,0.0,0.0,0.0,9.0,5.0,1.0,1.0,6.0,16.0,5.0,7.0,12.0,11.0,21.0,15.0,0.0,0.0,0.0,0.0,0.0,0.0,0.0,0.0,0.0,0.0,0.0,0.0,0.0,0.0,0.0,0.0,0.0,0.0,12.0,6.0,1.0,2.0,6.0,20.0,6.0,10.0,13.0,16.0,32.0,23.0
1010,1.0,1010.0,London_141,cons,151,453,1092.0,70.0,2.0,152661.0,0.8651287350803614,794.0,38.0,2.0,36.0,75.0,17.0,58.0,120.0,305.0,65.0,25.0,39.0,4.0,10.0,1.0,4.0,4.0,87.0,127.0,235.0,26.0,2.0,2.0,0.0,0.0,0.0,0.0,0.0,0.0,0.0,1.0,0.0,0.0,0.0,1.0,0.0,0.0,0.0,0.0,1.0,0.0,0.0,0.0,0.0,0.0,0.0,0.0,0.0,0.0,1.0,0.0,0.0,0.0,0.0,0.0,0.0,0.0,0.0,0.0,0.0,1.0,0.0,1.0,0.0,2.0,2.0,3.0,3.0,10.0,9.0,2.0,0.0,0.0,0.0,0.0,0.0,0.0,0.0,0.0,3.0,0.0,0.0,0.0,0.0,0.0,0.0,0.0,0.0,0.0,0.0,1.0,0.0,2.0,0.0,2.0,2.0,4.0,3.0,13.0,14.0,2.0
1011,1.0,1011.0,London_141,cons,151,453,1092.0,70.0,2.0,163986.0,0.8852842221967876,819.0,77.0,2.0,75.0,152.0,18.0,134.0,72.0,312.0,60.0,29.0,32.0,6.0,11.0,1.0,2.0,1.0,80.0,123.0,249.0,13.0,3.0,3.0,0.0,0.0,0.0,0.0,0.0,0.0,0.0,11.0,0.0,0.0,0.0,10.0,0.0,0.0,0.0,1.0,2.0,9.0,0.0,0.0,0.0,0.0,0.0,0.0,0.0,0.0,0.0,0.0,0.0,0.0,0.0,0.0,0.0,0.0,0.0,0.0,3.0,10.0,6.0,0.0,5.0,15.0,10.0,10.0,11.0,14.0,16.0,25.0,0.0,0.0,0.0,0.0,0.0,0.0,0.0,0.0,0.0,0.0,0.0,0.0,0.0,0.0,0.0,0.0,0.0,0.0,6.0,13.0,7.0,0.0,5.0,21.0,17.0,17.0,16.0,22.0,24.0,34.0
1012,1.0,1012.0,London_141,cons,151,453,1092.0,70.0,2.0,164892.0,0.8708004830405116,821.0,126.0,0.0,126.0,212.0,0.0,212.0,125.0,317.0,46.0,22.0,39.0,9.0,17.0,1.0,2.0,2.0,70.0,131.0,250.0,23.0,7.0,7.0,0.0,0.0,0.0,0.0,0.0,0.0,0.0,58.0,0.0,31.0,0.0,23.0,0.0,0.0,1.0,3.0,0.0,58.0,0.0,0.0,0.0,0.0,0.0,0.0,0.0,0.0,0.0,0.0,0.0,0.0,0.0,0.0,0.0,0.0,0.0,0.0,7.0,8.0,2.0,3.0,7.0,14.0,10.0,14.0,15.0,14.0,18.0,23.0,0.0,0.0,0.0,0.0,0.0,0.0,0.0,0.0,0.0,0.0,0.0,0.0,0.0,0.0,0.0,0.0,0.0,0.0,8.0,9.0,2.0,4.0,7.0,18.0,16.0,19.0,22.0,19.0,25.0,30.0
1013,1.0,1013.0,London_141,cons,151,453,1092.0,70.0,2.0,144507.0,0.7752999900840223,776.0,98.0,2.0,96.0,190.0,19.0,171.0,133.0,310.0,42.0,27.0,45.0,8.0,17.0,0.0,4.0,5.0,75.0,116.0,257.0,19.0,0.0,0.0,0.0,0.0,0.0,0.0,0.0,0.0,0.0,28.0,0.0,9.0,0.0,10.0,1.0,1.0,1.0,6.0,2.0,26.0,0.0,0.0,0.0,0.0,0.0,0.0,0.0,0.0,1.0,0.0,0.0,0.0,0.0,1.0,1.0,0.0,0.0,0.0,4.0,1.0,0.0,0.0,0.0,11.0,5.0,1.0,5.0,17.0,17.0,6.0,0.0,0.0,0.0,0.0,0.0,0.0,0.0,0.0,2.0,0.0,0.0,0.0,0.0,3.0,4.0,0.0,0.0,0.0,6.0,1.0,0.0,0.0,0.0,21.0,9.0,1.0,7.0,26.0,21.0,10.0
1014,1.0,1014.0,London_141,cons,151,453,1092.0,70.0,2.0,133635.0,0.7405165443196893,752.0,168.0,1.0,167.0,309.0,9.0,300.0,134.0,309.0,47.0,22.0,34.0,8.0,28.0,1.0,4.0,7.0,77.0,130.0,239.0,18.0,1.0,1.0,0.0,0.0,0.0,0.0,0.0,0.0,0.0,91.0,0.0,35.0,2.0,45.0,0.0,2.0,3.0,4.0,1.0,90.0,0.0,0.0,0.0,0.0,0.0,0.0,0.0,0.0,0.0,0.0,0.0,0.0,0.0,1.0,1.0,0.0,0.0,0.0,10.0,5.0,3.0,1.0,7.0,16.0,16.0,12.0,17.0,20.0,26.0,20.0,0.0,0.0,0.0,0.0,0.0,0.0,0.0,0.0,0.0,0.0,0.0,0.0,0.0,6.0,2.0,0.0,0.0,0.0,12.0,5.0,3.0,1.0,9.0,25.0,20.0,18.0,22.0,27.0,39.0,27.0
1015,1.0,1015.0,London_141,cons,151,453,1092.0,70.0,2.0,96942.0,0.4556896327994764,671.0,8.0,0.0,8.0,15.0,0.0,15.0,162.0,308.0,56.0,15.0,52.0,2.0,14.0,0.0,6.0,4.0,74.0,137.0,238.0,19.0,2.0,2.0,0.0,0.0,0.0,0.0,0.0,0.0,0.0,0.0,0.0,0.0,0.0,0.0,0.0,0.0,0.0,0.0,0.0,0.0,0.0,0.0,0.0,0.0,0.0,0.0,0.0,0.0,0.0,0.0,0.0,0.0,0.0,0.0,0.0,0.0,0.0,0.0,1.0,2.0,2.0,0.0,0.0,3.0,0.0,1.0,1.0,4.0,2.0,4.0,0.0,0.0,0.0,0.0,0.0,0.0,0.0,0.0,0.0,0.0,0.0,0.0,0.0,0.0,0.0,0.0,0.0,0.0,2.0,3.0,2.0,0.0,0.0,4.0,0.0,1.0,1.0,7.0,4.0,5.0
1016,1.0,1016.0,London_141,cons,151,453,1092.0,70.0,2.0,134088.0,0.6316770710982382,753.0,0.0,0.0,0.0,0.0,0.0,0.0,18.0,308.0,55.0,14.0,51.0,3.0,15.0,0.0,7.0,5.0,75.0,138.0,235.0,21.0,9.0,9.0,0.0,0.0,0.0,0.0,0.0,0.0,0.0,0.0,0.0,0.0,0.0,0.0,0.0,0.0,0.0,0.0,0.0,0.0,0.0,0.0,0.0,0.0,0.0,0.0,0.0,0.0,0.0,0.0,0.0,0.0,0.0,0.0,0.0,0.0,0.0,0.0,0.0,0.0,0.0,0.0,0.0,0.0,0.0,0.0,0.0,0.0,0.0,0.0,0.0,0.0,0.0,0.0,0.0,0.0,0.0,0.0,0.0,0.0,0.0,0.0,0.0,0.0,0.0,0.0,0.0,0.0,0.0,0.0,0.0,0.0,0.0,0.0,0.0,0.0,0.0,0.0,0.0,0.0
1017,1.0,1017.0,London_141,cons,151,453,1092.0,70.0,2.0,170781.0,1.0599754177965224,834.0,2.0,1.0,1.0,11.0,10.0,1.0,9.0,300.0,57.0,14.0,56.0,3.0,16.0,0.0,7.0,5.0,76.0,139.0,233.0,26.0,11.0,11.0,0.0,0.0,0.0,0.0,0.0,0.0,0.0,1.0,0.0,1.0,0.0,0.0,0.0,0.0,0.0,0.0,1.0,0.0,0.0,0.0,0.0,0.0,0.0,0.0,0.0,0.0,0.0,1.0,0.0,0.0,0.0,1.0,0.0,0.0,0.0,0.0,0.0,0.0,0.0,0.0,0.0,0.0,0.0,0.0,0.0,0.0,1.0,0.0,0.0,0.0,0.0,0.0,0.0,0.0,0.0,0.0,0.0,5.0,0.0,0.0,0.0,6.0,0.0,0.0,0.0,0.0,0.0,0.0,0.0,0.0,0.0,0.0,0.0,0.0,0.0,0.0,1.0,0.0
1018,1.0,1018.0,London_141,cons,151,453,1092.0,70.0,2.0,215628.0,1.31867550406605,933.0,142.0,0.0,142.0,247.0,0.0,247.0,20.0,293.0,55.0,15.0,61.0,3.0,17.0,0.0,9.0,5.0,74.0,143.0,231.0,21.0,6.0,6.0,0.0,0.0,0.0,0.0,0.0,0.0,0.0,49.0,0.0,27.0,0.0,18.0,4.0,0.0,0.0,0.0,0.0,49.0,0.0,0.0,0.0,0.0,0.0,0.0,0.0,0.0,0.0,0.0,0.0,0.0,0.0,0.0,0.0,0.0,0.0,0.0,10.0,6.0,9.0,1.0,5.0,12.0,22.0,8.0,17.0,24.0,19.0,29.0,0.0,0.0,0.0,0.0,0.0,0.0,0.0,0.0,0.0,0.0,0.0,0.0,0.0,0.0,0.0,0.0,0.0,0.0,11.0,7.0,9.0,1.0,5.0,16.0,31.0,9.0,24.0,33.0,22.0,41.0
1019,1.0,1019.0,London_141,cons,151,453,1092.0,70.0,2.0,198867.0,1.1854107207618654,896.0,149.0,2.0,147.0,277.0,17.0,260.0,175.0,291.0,62.0,20.0,51.0,5.0,19.0,2.0,3.0,3.0,83.0,139.0,228.0,18.0,2.0,2.0,0.0,0.0,0.0,0.0,0.0,0.0,0.0,54.0,0.0,22.0,0.0,30.0,0.0,0.0,0.0,2.0,2.0,52.0,0.0,0.0,0.0,0.0,0.0,0.0,0.0,0.0,0.0,0.0,0.0,0.0,0.0,0.0,0.0,0.0,0.0,0.0,10.0,7.0,4.0,2.0,7.0,16.0,13.0,13.0,17.0,19.0,26.0,26.0,0.0,0.0,0.0,0.0,0.0,0.0,0.0,0.0,0.0,0.0,0.0,0.0,0.0,0.0,0.0,0.0,0.0,0.0,11.0,7.0,5.0,2.0,8.0,18.0,17.0,21.0,27.0,31.0,39.0,36.0
1020,1.0,1020.0,London_141,cons,151,453,1092.0,70.0,2.0,165345.0,1.1520044282078743,822.0,108.0,1.0,107.0,204.0,12.0,192.0,177.0,282.0,80.0,14.0,41.0,12.0,20.0,0.0,4.0,5.0,83.0,138.0,227.0,30.0,1.0,1.0,0.0,0.0,0.0,0.0,0.0,0.0,0.0,23.0,0.0,0.0,3.0,14.0,0.0,1.0,1.0,4.0,1.0,22.0,0.0,0.0,0.0,0.0,0.0,0.0,0.0,0.0,1.0,0.0,0.0,1.0,0.0,0.0,1.0,0.0,0.0,0.0,5.0,1.0,0.0,2.0,1.0,3.0,10.0,5.0,14.0,14.0,27.0,12.0,0.0,0.0,0.0,0.0,0.0,0.0,0.0,0.0,1.0,0.0,0.0,3.0,0.0,0.0,2.0,0.0,0.0,0.0,5.0,1.0,0.0,5.0,1.0,3.0,14.0,6.0,18.0,20.0,35.0,15.0
1021,1.0,1021.0,London_141,cons,151,453,1092.0,70.0,2.0,164892.0,1.0413462659344077,821.0,169.0,2.0,167.0,303.0,19.0,284.0,164.0,298.0,68.0,15.0,49.0,9.0,8.0,1.0,5.0,4.0,88.0,129.0,232.0,34.0,6.0,6.0,0.0,0.0,0.0,0.0,0.0,0.0,0.0,68.0,0.0,27.0,2.0,24.0,0.0,13.0,1.0,1.0,2.0,66.0,0.0,0.0,0.0,0.0,0.0,0.0,0.0,0.0,0.0,0.0,0.0,0.0,0.0,1.0,0.0,0.0,0.0,0.0,11.0,11.0,4.0,2.0,6.0,21.0,15.0,16.0,26.0,14.0,29.0,35.0,0.0,0.0,0.0,0.0,0.0,0.0,0.0,0.0,0.0,0.0,0.0,0.0,0.0,1.0,0.0,0.0,0.0,0.0,12.0,15.0,4.0,3.0,6.0,24.0,22.0,22.0,35.0,18.0,45.0,48.0
1022,1.0,1022.0,London_141,cons,151,453,1092.0,70.0,2.0,132729.0,0.7453978639096022,750.0,33.0,0.0,33.0,62.0,0.0,62.0,193.0,289.0,71.0,10.0,59.0,5.0,17.0,0.0,2.0,3.0,90.0,144.0,216.0,25.0,8.0,8.0,0.0,0.0,0.0,0.0,0.0,0.0,0.0,0.0,0.0,0.0,0.0,0.0,0.0,0.0,0.0,0.0,0.0,0.0,0.0,0.0,0.0,0.0,0.0,0.0,0.0,0.0,0.0,0.0,0.0,0.0,0.0,0.0,0.0,0.0,0.0,0.0,4.0,2.0,1.0,1.0,3.0,9.0,2.0,4.0,6.0,10.0,7.0,11.0,0.0,0.0,0.0,0.0,0.0,0.0,0.0,0.0,0.0,0.0,0.0,0.0,0.0,0.0,0.0,0.0,0.0,0.0,6.0,3.0,1.0,1.0,4.0,15.0,2.0,5.0,8.0,17.0,11.0,18.0
1023,1.0,1023.0,London_141,cons,151,453,1092.0,70.0,2.0,165798.0,1.2498328983783722,823.0,6.0,0.0,6.0,9.0,0.0,9.0,71.0,289.0,73.0,15.0,50.0,6.0,18.0,0.0,2.0,3.0,74.0,160.0,216.0,20.0,6.0,6.0,0.0,0.0,0.0,0.0,0.0,0.0,0.0,0.0,0.0,0.0,0.0,0.0,0.0,0.0,0.0,0.0,0.0,0.0,0.0,0.0,0.0,0.0,0.0,0.0,0.0,0.0,0.0,0.0,0.0,0.0,0.0,0.0,0.0,0.0,0.0,0.0,1.0,0.0,1.0,0.0,1.0,2.0,1.0,1.0,1.0,2.0,1.0,2.0,0.0,0.0,0.0,0.0,0.0,0.0,0.0,0.0,0.0,0.0,0.0,0.0,0.0,0.0,0.0,0.0,0.0,0.0,1.0,0.0,1.0,0.0,1.0,2.0,1.0,1.0,1.0,4.0,1.0,2.0
1024,1.0,1024.0,London_141,cons,151,453,1092.0,70.0,2.0,208380.0,1.3196266870945692,917.0,122.0,1.0,121.0,210.0,9.0,201.0,15.0,284.0,76.0,10.0,55.0,6.0,20.0,0.0,2.0,5.0,70.0,157.0,221.0,24.0,5.0,5.0,0.0,0.0,0.0,0.0,0.0,0.0,0.0,21.0,0.0,0.0,6.0,12.0,0.0,1.0,0.0,2.0,1.0,20.0,0.0,0.0,0.0,0.0,0.0,0.0,0.0,0.0,1.0,0.0,0.0,0.0,0.0,0.0,1.0,0.0,0.0,0.0,6.0,3.0,2.0,3.0,4.0,8.0,15.0,10.0,13.0,9.0,29.0,29.0,0.0,0.0,0.0,0.0,0.0,0.0,0.0,0.0,1.0,0.0,0.0,0.0,0.0,0.0,1.0,0.0,0.0,0.0,6.0,5.0,2.0,3.0,4.0,12.0,25.0,11.0,15.0,14.0,43.0,37.0
1025,1.0,1025.0,London_141,cons,151,453,1092.0,70.0,2.0,189354.0,1.0382224041968584,875.0,60.0,0.0,60.0,112.0,0.0,112.0,183.0,294.0,76.0,9.0,51.0,4.0,15.0,0.0,4.0,5.0,68.0,152.0,228.0,30.0,3.0,3.0,0.0,0.0,0.0,0.0,0.0,0.0,0.0,0.0,0.0,0.0,0.0,0.0,0.0,0.0,0.0,0.0,0.0,0.0,0.0,0.0,0.0,0.0,0.0,0.0,0.0,0.0,0.0,0.0,0.0,0.0,0.0,0.0,0.0,0.0,0.0,0.0,4.0,6.0,5.0,0.0,2.0,12.0,5.0,8.0,13.0,11.0,17.0,16.0,0.0,0.0,0.0,0.0,0.0,0.0,0.0,0.0,0.0,0.0,0.0,0.0,0.0,0.0,0.0,0.0,0.0,0.0,5.0,14.0,5.0,0.0,2.0,19.0,7.0,13.0,20.0,18.0,29.0,25.0
1026,1.0,1026.0,London_141,cons,151,453,1092.0,70.0,2.0,193884.0,1.4239098909310997,885.0,159.0,2.0,157.0,283.0,20.0,263.0,115.0,293.0,85.0,4.0,50.0,6.0,10.0,1.0,4.0,10.0,65.0,146.0,232.0,35.0,3.0,3.0,0.0,0.0,0.0,0.0,0.0,0.0,0.0,62.0,0.0,14.0,9.0,27.0,1.0,6.0,1.0,4.0,2.0,60.0,0.0,0.0,0.0,0.0,0.0,0.0,0.0,0.0,0.0,1.0,0.0,0.0,0.0,1.0,1.0,0.0,0.0,0.0,16.0,7.0,1.0,3.0,4.0,18.0,10.0,10.0,20.0,29.0,22.0,32.0,0.0,0.0,0.0,0.0,0.0,0.0,0.0,0.0,0.0,1.0,0.0,0.0,0.0,1.0,1.0,0.0,0.0,0.0,19.0,9.0,1.0,3.0,4.0,28.0,12.0,12.0,25.0,40.0,27.0,43.0
1027,1.0,1027.0,London_141,cons,151,453,1092.0,70.0,2.0,163533.0,0.9174203518778086,818.0,131.0,2.0,129.0,239.0,20.0,219.0,178.0,297.0,67.0,9.0,54.0,1.0,15.0,3.0,7.0,2.0,83.0,145.0,223.0,32.0,1.0,1.0,0.0,0.0,0.0,0.0,0.0,0.0,0.0,31.0,0.0,12.0,4.0,10.0,2.0,2.0,0.0,1.0,2.0,29.0,0.0,0.0,0.0,0.0,0.0,0.0,0.0,0.0,1.0,0.0,0.0,0.0,0.0,0.0,1.0,0.0,0.0,0.0,6.0,11.0,0.0,3.0,5.0,10.0,8.0,3.0,11.0,19.0,34.0,28.0,0.0,0.0,0.0,0.0,0.0,0.0,0.0,0.0,1.0,0.0,0.0,0.0,0.0,0.0,2.0,0.0,0.0,0.0,7.0,13.0,0.0,5.0,5.0,13.0,10.0,4.0,13.0,29.0,50.0,37.0
1028,1.0,1028.0,London_141,cons,151,453,1092.0,70.0,2.0,140883.0,0.8085348657332361,768.0,84.0,1.0,83.0,143.0,10.0,133.0,182.0,293.0,61.0,14.0,55.0,7.0,18.0,0.0,5.0,7.0,77.0,151.0,218.0,26.0,0.0,0.0,0.0,0.0,0.0,0.0,0.0,0.0,0.0,1.0,0.0,0.0,0.0,1.0,0.0,0.0,0.0,0.0,1.0,0.0,0.0,0.0,0.0,0.0,0.0,0.0,0.0,0.0,1.0,0.0,0.0,0.0,0.0,1.0,0.0,0.0,0.0,0.0,3.0,5.0,1.0,0.0,0.0,3.0,7.0,2.0,4.0,19.0,17.0,16.0,0.0,0.0,0.0,0.0,0.0,0.0,0.0,0.0,3.0,0.0,0.0,0.0,0.0,5.0,0.0,0.0,0.0,0.0,3.0,6.0,1.0,0.0,0.0,5.0,9.0,2.0,5.0,29.0,22.0,22.0
1029,1.0,1029.0,London_141,cons,151,453,1092.0,70.0,2.0,140883.0,0.8253968148492277,768.0,90.0,2.0,88.0,169.0,18.0,151.0,138.0,299.0,59.0,12.0,44.0,11.0,23.0,0.0,5.0,4.0,73.0,149.0,227.0,25.0,3.0,3.0,0.0,0.0,0.0,0.0,0.0,0.0,0.0,18.0,0.0,0.0,0.0,11.0,0.0,1.0,3.0,3.0,2.0,16.0,0.0,0.0,0.0,0.0,0.0,0.0,0.0,0.0,1.0,0.0,0.0,1.0,0.0,1.0,1.0,0.0,0.0,0.0,3.0,0.0,1.0,2.0,1.0,6.0,7.0,3.0,7.0,15.0,18.0,15.0,0.0,0.0,0.0,0.0,0.0,0.0,0.0,0.0,2.0,0.0,0.0,1.0,0.0,3.0,4.0,0.0,0.0,0.0,4.0,0.0,1.0,2.0,1.0,6.0,9.0,3.0,9.0,26.0,27.0,18.0
1030,1.0,1030.0,London_141,cons,151,453,1092.0,70.0,2.0,136353.0,1.005579052027315,758.0,56.0,0.0,56.0,105.0,0.0,105.0,135.0,307.0,69.0,8.0,42.0,13.0,13.0,0.0,1.0,4.0,65.0,150.0,234.0,20.0,2.0,2.0,0.0,0.0,0.0,0.0,0.0,0.0,0.0,5.0,0.0,0.0,1.0,0.0,0.0,0.0,0.0,4.0,0.0,5.0,0.0,0.0,0.0,0.0,0.0,0.0,0.0,0.0,0.0,0.0,0.0,0.0,0.0,0.0,0.0,0.0,0.0,0.0,5.0,4.0,7.0,2.0,5.0,11.0,12.0,3.0,13.0,9.0,13.0,15.0,0.0,0.0,0.0,0.0,0.0,0.0,0.0,0.0,0.0,0.0,0.0,0.0,0.0,0.0,0.0,0.0,0.0,0.0,7.0,5.0,9.0,4.0,5.0,17.0,20.0,5.0,19.0,16.0,19.0,27.0
1031,1.0,1031.0,London_141,cons,151,453,1092.0,70.0,2.0,154020.0,0.9347519800066948,797.0,39.0,2.0,37.0,85.0,20.0,65.0,102.0,318.0,55.0,12.0,39.0,17.0,11.0,1.0,0.0,3.0,72.0,161.0,217.0,14.0,2.0,2.0,0.0,0.0,0.0,0.0,0.0,0.0,0.0,3.0,0.0,0.0,0.0,1.0,0.0,1.0,0.0,1.0,2.0,1.0,0.0,0.0,0.0,0.0,0.0,0.0,0.0,0.0,2.0,0.0,0.0,1.0,0.0,1.0,1.0,0.0,0.0,0.0,2.0,0.0,0.0,0.0,0.0,0.0,1.0,5.0,5.0,12.0,14.0,7.0,0.0,0.0,0.0,0.0,0.0,0.0,0.0,0.0,2.0,0.0,0.0,2.0,0.0,4.0,6.0,0.0,0.0,0.0,3.0,0.0,0.0,0.0,0.0,0.0,1.0,5.0,6.0,16.0,23.0,9.0
1032,1.0,1032.0,London_141,cons,151,453,1092.0,70.0,2.0,186183.0,1.144952207338065,868.0,51.0,0.0,51.0,81.0,0.0,81.0,75.0,313.0,58.0,13.0,43.0,12.0,12.0,1.0,1.0,3.0,74.0,129.0,247.0,18.0,4.0,4.0,0.0,0.0,0.0,0.0,0.0,0.0,0.0,2.0,0.0,0.0,0.0,0.0,0.0,0.0,0.0,2.0,0.0,2.0,0.0,0.0,0.0,0.0,0.0,0.0,0.0,0.0,0.0,0.0,0.0,0.0,0.0,0.0,0.0,0.0,0.0,0.0,3.0,5.0,5.0,2.0,4.0,15.0,9.0,12.0,9.0,7.0,17.0,14.0,0.0,0.0,0.0,0.0,0.0,0.0,0.0,0.0,0.0,0.0,0.0,0.0,0.0,0.0,0.0,0.0,0.0,0.0,4.0,7.0,5.0,3.0,5.0,25.0,13.0,15.0,14.0,11.0,20.0,19.0
1033,1.0,1033.0,London_141,cons,151,453,1092.0,70.0,2.0,206115.0,1.2769262678921223,912.0,197.0,0.0,197.0,324.0,0.0,324.0,85.0,316.0,47.0,16.0,38.0,14.0,19.0,0.0,3.0,1.0,51.0,147.0,254.0,15.0,4.0,4.0,0.0,0.0,0.0,0.0,0.0,0.0,0.0,103.0,0.0,36.0,0.0,60.0,0.0,0.0,1.0,6.0,0.0,103.0,0.0,0.0,0.0,0.0,0.0,0.0,0.0,0.0,0.0,0.0,0.0,0.0,0.0,0.0,0.0,0.0,0.0,0.0,6.0,11.0,6.0,0.0,8.0,26.0,17.0,14.0,24.0,28.0,23.0,30.0,0.0,0.0,0.0,0.0,0.0,0.0,0.0,0.0,0.0,0.0,0.0,0.0,0.0,0.0,0.0,0.0,0.0,0.0,8.0,12.0,6.0,0.0,8.0,29.0,21.0,15.0,27.0,38.0,29.0,37.0
1034,1.0,1034.0,London_141,cons,151,453,1092.0,70.0,2.0,158097.0,0.9731280659325421,806.0,84.0,2.0,82.0,161.0,17.0,144.0,168.0,304.0,64.0,10.0,48.0,8.0,12.0,1.0,6.0,3.0,70.0,138.0,242.0,17.0,9.0,9.0,0.0,0.0,0.0,0.0,0.0,0.0,0.0,8.0,0.0,1.0,0.0,6.0,0.0,1.0,0.0,0.0,2.0,6.0,0.0,0.0,0.0,0.0,0.0,0.0,0.0,0.0,1.0,0.0,0.0,1.0,0.0,0.0,0.0,0.0,0.0,0.0,1.0,4.0,3.0,0.0,0.0,6.0,2.0,8.0,10.0,12.0,13.0,9.0,0.0,0.0,0.0,0.0,0.0,0.0,0.0,0.0,2.0,0.0,0.0,2.0,0.0,0.0,0.0,0.0,0.0,0.0,1.0,5.0,4.0,0.0,0.0,9.0,4.0,15.0,16.0,16.0,17.0,9.0
1035,1.0,1035.0,London_141,cons,151,453,1092.0,70.0,2.0,150396.0,0.8442662027664483,789.0,75.0,0.0,75.0,129.0,0.0,129.0,146.0,312.0,41.0,10.0,63.0,5.0,12.0,1.0,9.0,3.0,64.0,146.0,240.0,17.0,4.0,4.0,0.0,0.0,0.0,0.0,0.0,0.0,0.0,13.0,0.0,13.0,0.0,0.0,0.0,0.0,0.0,0.0,0.0,13.0,0.0,0.0,0.0,0.0,0.0,0.0,0.0,0.0,0.0,0.0,0.0,0.0,0.0,0.0,0.0,0.0,0.0,0.0,6.0,9.0,4.0,1.0,8.0,18.0,6.0,9.0,11.0,15.0,19.0,23.0,0.0,0.0,0.0,0.0,0.0,0.0,0.0,0.0,0.0,0.0,0.0,0.0,0.0,0.0,0.0,0.0,0.0,0.0,6.0,11.0,4.0,1.0,8.0,32.0,8.0,13.0,17.0,27.0,24.0,30.0
1036,1.0,1036.0,London_141,cons,151,453,1092.0,70.0,2.0,156738.0,0.9839299856685102,803.0,104.0,2.0,102.0,195.0,17.0,178.0,115.0,311.0,43.0,11.0,60.0,5.0,15.0,1.0,7.0,2.0,62.0,152.0,237.0,20.0,0.0,0.0,0.0,0.0,0.0,0.0,0.0,0.0,0.0,28.0,0.0,23.0,0.0,2.0,0.0,2.0,0.0,1.0,2.0,26.0,0.0,0.0,0.0,0.0,0.0,0.0,0.0,0.0,1.0,0.0,0.0,1.0,0.0,0.0,1.0,0.0,0.0,0.0,2.0,6.0,2.0,2.0,2.0,5.0,8.0,4.0,6.0,11.0,23.0,15.0,0.0,0.0,0.0,0.0,0.0,0.0,0.0,0.0,1.0,0.0,0.0,1.0,0.0,0.0,3.0,0.0,0.0,0.0,2.0,9.0,3.0,2.0,2.0,6.0,11.0,7.0,6.0,19.0,37.0,17.0
1037,1.0,1037.0,London_141,cons,151,453,1092.0,70.0,2.0,154473.0,0.8681370788253844,798.0,84.0,0.0,84.0,145.0,0.0,145.0,151.0,309.0,79.0,12.0,36.0,4.0,8.0,0.0,5.0,6.0,60.0,148.0,239.0,21.0,5.0,5.0,0.0,0.0,0.0,0.0,0.0,0.0,0.0,15.0,0.0,0.0,0.0,15.0,0.0,0.0,0.0,0.0,0.0,15.0,0.0,0.0,0.0,0.0,0.0,0.0,0.0,0.0,0.0,0.0,0.0,0.0,0.0,0.0,0.0,0.0,0.0,0.0,6.0,9.0,4.0,0.0,6.0,24.0,7.0,13.0,14.0,17.0,20.0,28.0,0.0,0.0,0.0,0.0,0.0,0.0,0.0,0.0,0.0,0.0,0.0,0.0,0.0,0.0,0.0,0.0,0.0,0.0,8.0,13.0,5.0,0.0,6.0,31.0,9.0,21.0,17.0,25.0,24.0,36.0
1038,1.0,1038.0,London_141,cons,151,453,1092.0,70.0,2.0,150849.0,0.9072075849398971,790.0,116.0,1.0,115.0,194.0,8.0,186.0,125.0,296.0,76.0,11.0,47.0,3.0,13.0,2.0,5.0,8.0,57.0,141.0,247.0,23.0,1.0,1.0,0.0,0.0,0.0,0.0,0.0,0.0,0.0,28.0,0.0,0.0,0.0,21.0,2.0,5.0,0.0,0.0,1.0,27.0,0.0,0.0,0.0,0.0,0.0,0.0,0.0,0.0,0.0,0.0,0.0,0.0,0.0,1.0,0.0,0.0,0.0,0.0,8.0,13.0,3.0,4.0,5.0,24.0,16.0,18.0,17.0,19.0,23.0,26.0,0.0,0.0,0.0,0.0,0.0,0.0,0.0,0.0,0.0,0.0,0.0,0.0,0.0,2.0,0.0,0.0,0.0,0.0,12.0,17.0,3.0,5.0,5.0,30.0,20.0,23.0,19.0,25.0,28.0,34.0
1039,1.0,1039.0,London_141,cons,151,453,1092.0,70.0,2.0,121404.0,0.9465753445401788,725.0,62.0,2.0,60.0,123.0,18.0,105.0,150.0,301.0,83.0,6.0,40.0,4.0,12.0,2.0,5.0,9.0,61.0,152.0,231.0,29.0,5.0,5.0,0.0,0.0,0.0,0.0,0.0,0.0,0.0,3.0,0.0,0.0,0.0,3.0,0.0,0.0,0.0,0.0,2.0,1.0,0.0,0.0,0.0,0.0,0.0,0.0,0.0,0.0,0.0,0.0,0.0,0.0,0.0,0.0,0.0,0.0,0.0,0.0,5.0,2.0,1.0,2.0,4.0,11.0,11.0,6.0,17.0,12.0,9.0,10.0,0.0,0.0,0.0,0.0,0.0,0.0,0.0,0.0,0.0,0.0,0.0,0.0,0.0,0.0,0.0,0.0,0.0,0.0,6.0,4.0,1.0,4.0,4.0,14.0,18.0,7.0,26.0,22.0,12.0,13.0
1040,1.0,1040.0,London_141,cons,151,453,1092.0,70.0,2.0,127746.0,0.6636332990601659,739.0,41.0,0.0,41.0,72.0,0.0,72.0,110.0,302.0,86.0,4.0,34.0,6.0,15.0,1.0,5.0,5.0,67.0,148.0,233.0,17.0,3.0,3.0,0.0,0.0,0.0,0.0,0.0,0.0,0.0,1.0,0.0,0.0,1.0,0.0,0.0,0.0,0.0,0.0,0.0,1.0,0.0,0.0,0.0,0.0,0.0,0.0,0.0,0.0,0.0,0.0,0.0,0.0,0.0,0.0,0.0,0.0,0.0,0.0,4.0,5.0,3.0,1.0,4.0,7.0,5.0,5.0,3.0,5.0,9.0,10.0,0.0,0.0,0.0,0.0,0.0,0.0,0.0,0.0,0.0,0.0,0.0,0.0,0.0,0.0,0.0,0.0,0.0,0.0,5.0,9.0,3.0,1.0,5.0,14.0,8.0,7.0,4.0,7.0,15.0,16.0
1041,1.0,1041.0,London_141,cons,151,453,1092.0,70.0,2.0,149943.0,0.9055933970957994,788.0,112.0,2.0,110.0,215.0,19.0,196.0,74.0,300.0,81.0,7.0,31.0,8.0,15.0,1.0,10.0,6.0,69.0,145.0,233.0,23.0,9.0,9.0,0.0,0.0,0.0,0.0,0.0,0.0,0.0,27.0,0.0,2.0,1.0,23.0,0.0,1.0,0.0,0.0,2.0,25.0,0.0,0.0,0.0,0.0,0.0,0.0,0.0,0.0,1.0,0.0,0.0,0.0,0.0,0.0,2.0,0.0,0.0,0.0,3.0,0.0,1.0,0.0,5.0,3.0,8.0,9.0,3.0,14.0,25.0,14.0,0.0,0.0,0.0,0.0,0.0,0.0,0.0,0.0,2.0,0.0,0.0,0.0,0.0,0.0,4.0,0.0,0.0,0.0,3.0,0.0,1.0,0.0,5.0,5.0,10.0,13.0,6.0,22.0,36.0,22.0
1042,1.0,1042.0,London_141,cons,151,453,1092.0,70.0,2.0,143601.0,0.7775010578334332,774.0,63.0,0.0,63.0,117.0,0.0,117.0,176.0,293.0,63.0,14.0,52.0,5.0,19.0,1.0,6.0,5.0,69.0,145.0,234.0,19.0,4.0,4.0,0.0,0.0,0.0,0.0,0.0,0.0,0.0,0.0,0.0,0.0,0.0,0.0,0.0,0.0,0.0,0.0,0.0,0.0,0.0,0.0,0.0,0.0,0.0,0.0,0.0,0.0,0.0,0.0,0.0,0.0,0.0,0.0,0.0,0.0,0.0,0.0,8.0,5.0,6.0,2.0,4.0,13.0,11.0,9.0,7.0,8.0,13.0,15.0,0.0,0.0,0.0,0.0,0.0,0.0,0.0,0.0,0.0,0.0,0.0,0.0,0.0,0.0,0.0,0.0,0.0,0.0,10.0,6.0,8.0,5.0,4.0,20.0,19.0,13.0,8.0,16.0,21.0,24.0
1043,1.0,1043.0,London_141,cons,151,453,1092.0,70.0,2.0,153114.0,0.8435012400150299,795.0,136.0,0.0,136.0,236.0,0.0,236.0,123.0,299.0,61.0,15.0,35.0,3.0,31.0,2.0,7.0,5.0,75.0,143.0,230.0,20.0,0.0,0.0,0.0,0.0,0.0,0.0,0.0,0.0,0.0,55.0,0.0,17.0,0.0,35.0,3.0,0.0,0.0,0.0,0.0,55.0,0.0,0.0,0.0,0.0,0.0,0.0,0.0,0.0,0.0,0.0,0.0,0.0,0.0,0.0,0.0,0.0,0.0,0.0,9.0,13.0,2.0,1.0,6.0,21.0,12.0,14.0,10.0,18.0,24.0,31.0,0.0,0.0,0.0,0.0,0.0,0.0,0.0,0.0,0.0,0.0,0.0,0.0,0.0,0.0,0.0,0.0,0.0,0.0,10.0,17.0,3.0,1.0,6.0,27.0,16.0,17.0,11.0,25.0,33.0,38.0
1044,1.0,1044.0,London_141,cons,151,453,1092.0,70.0,2.0,117327.0,0.5620670160278678,716.0,12.0,3.0,9.0,40.0,25.0,15.0,154.0,303.0,51.0,22.0,46.0,3.0,21.0,2.0,5.0,4.0,61.0,155.0,233.0,16.0,0.0,0.0,0.0,0.0,0.0,0.0,0.0,0.0,0.0,3.0,0.0,0.0,0.0,0.0,1.0,2.0,0.0,0.0,3.0,0.0,0.0,0.0,0.0,0.0,0.0,0.0,0.0,0.0,0.0,2.0,0.0,0.0,1.0,0.0,0.0,0.0,0.0,0.0,0.0,0.0,0.0,0.0,0.0,0.0,0.0,0.0,0.0,0.0,1.0,0.0,0.0,0.0,0.0,0.0,0.0,0.0,0.0,0.0,0.0,5.0,0.0,0.0,3.0,0.0,0.0,0.0,0.0,0.0,0.0,0.0,0.0,0.0,0.0,0.0,0.0,0.0,0.0,0.0,2.0,0.0
1045,1.0,1045.0,London_141,cons,151,453,1092.0,70.0,2.0,157191.0,0.8650788897648454,804.0,26.0,1.0,25.0,55.0,10.0,45.0,22.0,305.0,58.0,19.0,42.0,0.0,21.0,2.0,6.0,4.0,57.0,158.0,234.0,17.0,0.0,0.0,0.0,0.0,0.0,0.0,0.0,0.0,0.0,3.0,0.0,0.0,0.0,1.0,0.0,0.0,2.0,0.0,1.0,2.0,0.0,0.0,0.0,0.0,0.0,0.0,0.0,0.0,0.0,0.0,0.0,1.0,0.0,0.0,1.0,0.0,0.0,0.0,0.0,0.0,0.0,1.0,1.0,1.0,0.0,0.0,3.0,6.0,3.0,8.0,0.0,0.0,0.0,0.0,0.0,0.0,0.0,0.0,0.0,0.0,0.0,4.0,0.0,0.0,4.0,0.0,0.0,0.0,0.0,0.0,0.0,1.0,1.0,1.0,0.0,0.0,3.0,7.0,3.0,10.0
1046,1.0,1046.0,London_141,cons,151,453,1092.0,70.0,2.0,180747.0,1.0303302146494389,856.0,135.0,1.0,134.0,240.0,7.0,233.0,46.0,311.0,56.0,27.0,33.0,0.0,20.0,0.0,6.0,5.0,62.0,152.0,234.0,15.0,5.0,5.0,0.0,0.0,0.0,0.0,0.0,0.0,0.0,40.0,0.0,5.0,4.0,25.0,3.0,0.0,3.0,0.0,1.0,39.0,0.0,0.0,0.0,0.0,0.0,0.0,0.0,0.0,0.0,0.0,0.0,0.0,0.0,0.0,0.0,0.0,0.0,0.0,8.0,5.0,7.0,3.0,6.0,16.0,12.0,14.0,23.0,22.0,23.0,22.0,0.0,0.0,0.0,0.0,0.0,0.0,0.0,0.0,0.0,0.0,0.0,0.0,0.0,0.0,0.0,0.0,0.0,0.0,12.0,6.0,9.0,7.0,6.0,19.0,18.0,16.0,35.0,32.0,30.0,28.0
1047,1.0,1047.0,London_141,cons,151,453,1092.0,70.0,2.0,154926.0,0.8249729289673269,799.0,101.0,0.0,101.0,156.0,0.0,156.0,170.0,300.0,70.0,14.0,41.0,7.0,19.0,0.0,2.0,3.0,70.0,149.0,231.0,23.0,3.0,3.0,0.0,0.0,0.0,0.0,0.0,0.0,0.0,22.0,0.0,0.0,3.0,15.0,0.0,0.0,0.0,4.0,0.0,22.0,0.0,0.0,0.0,0.0,0.0,0.0,0.0,0.0,0.0,0.0,0.0,0.0,0.0,0.0,0.0,0.0,0.0,0.0,6.0,16.0,3.0,0.0,4.0,19.0,13.0,13.0,16.0,12.0,23.0,19.0,0.0,0.0,0.0,0.0,0.0,0.0,0.0,0.0,0.0,0.0,0.0,0.0,0.0,0.0,0.0,0.0,0.0,0.0,7.0,22.0,3.0,0.0,4.0,24.0,15.0,18.0,19.0,15.0,33.0,23.0
1048,1.0,1048.0,London_141,cons,151,453,1092.0,70.0,2.0,151755.0,0.8505490170791745,792.0,147.0,2.0,145.0,271.0,19.0,252.0,134.0,303.0,71.0,11.0,33.0,7.0,25.0,1.0,2.0,5.0,79.0,131.0,238.0,18.0,1.0,1.0,0.0,0.0,0.0,0.0,0.0,0.0,0.0,52.0,0.0,21.0,4.0,24.0,0.0,1.0,1.0,1.0,1.0,51.0,0.0,0.0,0.0,0.0,0.0,0.0,0.0,0.0,1.0,0.0,0.0,0.0,0.0,0.0,0.0,0.0,0.0,0.0,4.0,1.0,0.0,2.0,1.0,12.0,6.0,4.0,4.0,23.0,31.0,11.0,0.0,0.0,0.0,0.0,0.0,0.0,0.0,0.0,3.0,0.0,0.0,0.0,0.0,0.0,0.0,0.0,0.0,0.0,4.0,1.0,0.0,4.0,1.0,16.0,8.0,4.0,4.0,30.0,44.0,13.0
1049,1.0,1049.0,London_141,cons,151,453,1092.0,70.0,2.0,120498.0,0.6200061407871544,723.0,37.0,0.0,37.0,63.0,0.0,63.0,188.0,291.0,79.0,18.0,46.0,6.0,9.0,0.0,4.0,8.0,65.0,139.0,241.0,32.0,2.0,2.0,0.0,0.0,0.0,0.0,0.0,0.0,0.0,0.0,0.0,0.0,0.0,0.0,0.0,0.0,0.0,0.0,0.0,0.0,0.0,0.0,0.0,0.0,0.0,0.0,0.0,0.0,0.0,0.0,0.0,0.0,0.0,0.0,0.0,0.0,0.0,0.0,4.0,7.0,3.0,0.0,1.0,11.0,3.0,7.0,5.0,11.0,6.0,8.0,0.0,0.0,0.0,0.0,0.0,0.0,0.0,0.0,0.0,0.0,0.0,0.0,0.0,0.0,0.0,0.0,0.0,0.0,6.0,10.0,3.0,0.0,1.0,15.0,5.0,11.0,6.0,15.0,7.0,10.0
1050,1.0,1050.0,London_141,cons,151,453,1092.0,70.0,2.0,138165.0,0.7385696968995035,762.0,41.0,0.0,41.0,72.0,0.0,72.0,67.0,294.0,85.0,21.0,36.0,3.0,11.0,0.0,3.0,8.0,62.0,144.0,239.0,26.0,0.0,0.0,0.0,0.0,0.0,0.0,0.0,0.0,0.0,0.0,0.0,0.0,0.0,0.0,0.0,0.0,0.0,0.0,0.0,0.0,0.0,0.0,0.0,0.0,0.0,0.0,0.0,0.0,0.0,0.0,0.0,0.0,0.0,0.0,0.0,0.0,0.0,0.0,5.0,6.0,9.0,2.0,3.0,9.0,3.0,5.0,9.0,11.0,9.0,13.0,0.0,0.0,0.0,0.0,0.0,0.0,0.0,0.0,0.0,0.0,0.0,0.0,0.0,0.0,0.0,0.0,0.0,0.0,6.0,6.0,10.0,2.0,3.0,12.0,4.0,7.0,13.0,17.0,15.0,19.0
1051,1.0,1051.0,London_141,cons,151,453,1092.0,70.0,2.0,161268.0,0.8227870841510594,813.0,110.0,0.0,110.0,199.0,0.0,199.0,73.0,293.0,98.0,25.0,18.0,2.0,13.0,0.0,4.0,8.0,69.0,139.0,237.0,31.0,0.0,0.0,0.0,0.0,0.0,0.0,0.0,0.0,0.0,30.0,0.0,0.0,0.0,25.0,0.0,2.0,0.0,3.0,0.0,30.0,0.0,0.0,0.0,0.0,0.0,0.0,0.0,0.0,0.0,0.0,0.0,0.0,0.0,0.0,0.0,0.0,0.0,0.0,4.0,2.0,4.0,2.0,5.0,18.0,3.0,12.0,14.0,19.0,26.0,21.0,0.0,0.0,0.0,0.0,0.0,0.0,0.0,0.0,0.0,0.0,0.0,0.0,0.0,0.0,0.0,0.0,0.0,0.0,4.0,3.0,5.0,2.0,5.0,23.0,5.0,16.0,20.0,29.0,36.0,30.0
1052,1.0,1052.0,London_141,cons,151,453,1092.0,70.0,2.0,151302.0,1.1758810859173536,791.0,30.0,2.0,28.0,66.0,17.0,49.0,141.0,300.0,70.0,25.0,43.0,1.0,11.0,1.0,2.0,5.0,63.0,140.0,245.0,21.0,0.0,0.0,0.0,0.0,0.0,0.0,0.0,0.0,0.0,1.0,0.0,0.0,0.0,1.0,0.0,0.0,0.0,0.0,1.0,0.0,0.0,0.0,0.0,0.0,0.0,0.0,0.0,0.0,1.0,0.0,0.0,0.0,0.0,0.0,0.0,0.0,0.0,0.0,3.0,0.0,3.0,2.0,0.0,3.0,2.0,7.0,3.0,5.0,7.0,9.0,0.0,0.0,0.0,0.0,0.0,0.0,0.0,0.0,1.0,0.0,0.0,0.0,0.0,0.0,0.0,0.0,0.0,0.0,5.0,0.0,3.0,6.0,0.0,6.0,5.0,12.0,4.0,7.0,7.0,14.0
1053,1.0,1053.0,London_141,cons,151,453,1092.0,70.0,2.0,187089.0,1.0633763372898102,870.0,112.0,2.0,110.0,198.0,18.0,180.0,59.0,306.0,61.0,27.0,43.0,0.0,14.0,0.0,2.0,8.0,65.0,134.0,246.0,17.0,4.0,4.0,0.0,0.0,0.0,0.0,0.0,0.0,0.0,27.0,0.0,5.0,0.0,12.0,1.0,0.0,1.0,8.0,2.0,25.0,0.0,0.0,0.0,0.0,0.0,0.0,0.0,0.0,0.0,0.0,0.0,0.0,0.0,0.0,0.0,0.0,0.0,0.0,6.0,9.0,4.0,1.0,6.0,10.0,9.0,17.0,17.0,20.0,26.0,29.0,0.0,0.0,0.0,0.0,0.0,0.0,0.0,0.0,0.0,0.0,0.0,0.0,0.0,0.0,0.0,0.0,0.0,0.0,7.0,11.0,5.0,2.0,6.0,13.0,13.0,24.0,24.0,29.0,38.0,30.0
1054,1.0,1054.0,London_141,cons,151,453,1092.0,70.0,2.0,181653.0,1.1930472180247307,858.0,107.0,0.0,107.0,182.0,0.0,182.0,146.0,303.0,57.0,31.0,40.0,5.0,13.0,0.0,4.0,6.0,72.0,134.0,241.0,19.0,2.0,2.0,0.0,0.0,0.0,0.0,0.0,0.0,0.0,27.0,0.0,10.0,0.0,14.0,0.0,0.0,1.0,2.0,0.0,27.0,0.0,0.0,0.0,0.0,0.0,0.0,0.0,0.0,0.0,0.0,0.0,0.0,0.0,0.0,0.0,0.0,0.0,0.0,11.0,7.0,5.0,4.0,4.0,16.0,13.0,4.0,18.0,20.0,19.0,31.0,0.0,0.0,0.0,0.0,0.0,0.0,0.0,0.0,0.0,0.0,0.0,0.0,0.0,0.0,0.0,0.0,0.0,0.0,11.0,13.0,6.0,5.0,4.0,20.0,20.0,4.0,30.0,33.0,26.0,41.0
1055,1.0,1055.0,London_141,cons,151,453,1092.0,70.0,2.0,174405.0,0.941783950664103,842.0,61.0,2.0,59.0,117.0,19.0,98.0,147.0,292.0,54.0,30.0,52.0,9.0,13.0,0.0,3.0,10.0,74.0,132.0,237.0,16.0,3.0,3.0,0.0,0.0,0.0,0.0,0.0,0.0,0.0,3.0,0.0,0.0,0.0,0.0,1.0,1.0,0.0,1.0,2.0,1.0,0.0,0.0,0.0,0.0,0.0,0.0,0.0,0.0,2.0,0.0,0.0,1.0,0.0,1.0,2.0,0.0,0.0,0.0,2.0,5.0,0.0,2.0,0.0,5.0,7.0,1.0,3.0,11.0,18.0,10.0,0.0,0.0,0.0,0.0,0.0,0.0,0.0,0.0,2.0,0.0,0.0,2.0,0.0,3.0,2.0,0.0,0.0,0.0,2.0,8.0,0.0,2.0,0.0,6.0,10.0,1.0,3.0,12.0,23.0,11.0
1056,1.0,1056.0,London_141,cons,151,453,1092.0,70.0,2.0,187089.0,1.2884763129986823,870.0,142.0,1.0,141.0,228.0,9.0,219.0,105.0,295.0,58.0,32.0,41.0,5.0,19.0,0.0,3.0,4.0,81.0,135.0,233.0,19.0,9.0,9.0,0.0,0.0,0.0,0.0,0.0,0.0,0.0,50.0,0.0,17.0,0.0,32.0,0.0,1.0,0.0,0.0,1.0,49.0,0.0,0.0,0.0,0.0,0.0,0.0,0.0,0.0,1.0,0.0,0.0,0.0,0.0,1.0,1.0,0.0,0.0,0.0,3.0,0.0,1.0,2.0,3.0,6.0,6.0,1.0,8.0,15.0,26.0,16.0,0.0,0.0,0.0,0.0,0.0,0.0,0.0,0.0,2.0,0.0,0.0,0.0,0.0,5.0,1.0,0.0,0.0,0.0,6.0,0.0,1.0,2.0,3.0,8.0,7.0,1.0,12.0,23.0,34.0,19.0
1057,1.0,1057.0,London_141,cons,151,453,1092.0,70.0,2.0,158550.0,0.8454049313440919,807.0,93.0,0.0,93.0,158.0,0.0,158.0,162.0,288.0,56.0,32.0,47.0,6.0,17.0,2.0,5.0,8.0,76.0,136.0,233.0,21.0,0.0,0.0,0.0,0.0,0.0,0.0,0.0,0.0,0.0,13.0,0.0,10.0,0.0,2.0,0.0,0.0,0.0,1.0,0.0,13.0,0.0,0.0,0.0,0.0,0.0,0.0,0.0,0.0,0.0,0.0,0.0,0.0,0.0,0.0,0.0,0.0,0.0,0.0,14.0,8.0,6.0,2.0,3.0,25.0,6.0,10.0,12.0,13.0,21.0,26.0,0.0,0.0,0.0,0.0,0.0,0.0,0.0,0.0,0.0,0.0,0.0,0.0,0.0,0.0,0.0,0.0,0.0,0.0,17.0,9.0,7.0,5.0,3.0,29.0,11.0,14.0,18.0,19.0,31.0,30.0
1058,1.0,1058.0,London_141,cons,151,453,1092.0,70.0,2.0,150849.0,0.7549263993278146,790.0,84.0,0.0,84.0,149.0,0.0,149.0,142.0,293.0,51.0,36.0,35.0,10.0,26.0,1.0,1.0,5.0,73.0,135.0,240.0,12.0,0.0,0.0,0.0,0.0,0.0,0.0,0.0,0.0,0.0,18.0,0.0,0.0,0.0,17.0,0.0,0.0,0.0,1.0,0.0,18.0,0.0,0.0,0.0,0.0,0.0,0.0,0.0,0.0,0.0,0.0,0.0,0.0,0.0,0.0,0.0,0.0,0.0,0.0,10.0,3.0,3.0,1.0,5.0,8.0,14.0,14.0,15.0,19.0,10.0,27.0,0.0,0.0,0.0,0.0,0.0,0.0,0.0,0.0,0.0,0.0,0.0,0.0,0.0,0.0,0.0,0.0,0.0,0.0,11.0,3.0,4.0,1.0,5.0,13.0,19.0,21.0,23.0,27.0,15.0,37.0
1059,1.0,1059.0,London_141,cons,151,453,1092.0,70.0,2.0,144507.0,0.9229541667737067,776.0,69.0,1.0,68.0,115.0,10.0,105.0,125.0,297.0,52.0,34.0,33.0,6.0,24.0,1.0,6.0,6.0,77.0,139.0,231.0,15.0,4.0,4.0,0.0,0.0,0.0,0.0,0.0,0.0,0.0,6.0,0.0,1.0,0.0,5.0,0.0,0.0,0.0,0.0,1.0,5.0,0.0,0.0,0.0,0.0,0.0,0.0,0.0,0.0,0.0,1.0,0.0,0.0,0.0,1.0,0.0,0.0,0.0,0.0,6.0,4.0,5.0,2.0,2.0,9.0,8.0,5.0,8.0,20.0,14.0,17.0,0.0,0.0,0.0,0.0,0.0,0.0,0.0,0.0,0.0,2.0,0.0,0.0,0.0,3.0,0.0,0.0,0.0,0.0,8.0,7.0,5.0,3.0,2.0,10.0,10.0,8.0,13.0,26.0,18.0,21.0
1060,1.0,1060.0,London_141,cons,151,453,1092.0,70.0,2.0,138618.0,0.866722711827606,763.0,113.0,0.0,113.0,198.0,0.0,198.0,107.0,307.0,50.0,35.0,34.0,7.0,16.0,2.0,2.0,8.0,86.0,131.0,228.0,21.0,1.0,1.0,0.0,0.0,0.0,0.0,0.0,0.0,0.0,39.0,0.0,16.0,0.0,19.0,0.0,0.0,0.0,4.0,0.0,39.0,0.0,0.0,0.0,0.0,0.0,0.0,0.0,0.0,0.0,0.0,0.0,0.0,0.0,0.0,0.0,0.0,0.0,0.0,6.0,11.0,4.0,2.0,4.0,20.0,9.0,19.0,12.0,22.0,20.0,26.0,0.0,0.0,0.0,0.0,0.0,0.0,0.0,0.0,0.0,0.0,0.0,0.0,0.0,0.0,0.0,0.0,0.0,0.0,7.0,13.0,4.0,3.0,4.0,26.0,12.0,25.0,15.0,32.0,23.0,34.0
1061,1.0,1061.0,London_141,cons,151,453,1092.0,70.0,2.0,120951.0,0.6699994769878685,724.0,50.0,2.0,48.0,92.0,17.0,75.0,134.0,299.0,52.0,37.0,40.0,9.0,11.0,3.0,2.0,4.0,79.0,136.0,234.0,14.0,0.0,0.0,0.0,0.0,0.0,0.0,0.0,0.0,0.0,3.0,0.0,2.0,0.0,0.0,0.0,0.0,1.0,0.0,2.0,1.0,0.0,0.0,0.0,0.0,0.0,0.0,0.0,0.0,1.0,0.0,0.0,0.0,0.0,0.0,1.0,0.0,0.0,0.0,1.0,6.0,3.0,0.0,1.0,6.0,5.0,9.0,10.0,8.0,11.0,10.0,0.0,0.0,0.0,0.0,0.0,0.0,0.0,0.0,1.0,0.0,0.0,0.0,0.0,0.0,1.0,0.0,0.0,0.0,1.0,8.0,3.0,0.0,1.0,7.0,6.0,13.0,13.0,12.0,15.0,14.0
1062,1.0,1062.0,London_141,cons,151,453,1092.0,70.0,2.0,152661.0,0.9319747346453369,794.0,115.0,1.0,114.0,206.0,12.0,194.0,75.0,308.0,45.0,42.0,35.0,11.0,9.0,0.0,3.0,4.0,82.0,133.0,234.0,13.0,4.0,4.0,0.0,0.0,0.0,0.0,0.0,0.0,0.0,46.0,0.0,20.0,0.0,25.0,0.0,1.0,0.0,0.0,1.0,45.0,0.0,0.0,0.0,0.0,0.0,0.0,0.0,0.0,1.0,0.0,0.0,1.0,0.0,0.0,0.0,0.0,0.0,0.0,3.0,4.0,6.0,0.0,2.0,5.0,2.0,1.0,2.0,15.0,15.0,9.0,0.0,0.0,0.0,0.0,0.0,0.0,0.0,0.0,1.0,0.0,0.0,1.0,0.0,0.0,0.0,0.0,0.0,0.0,3.0,5.0,6.0,0.0,2.0,7.0,3.0,2.0,2.0,21.0,22.0,11.0
1063,1.0,1063.0,London_141,cons,151,453,1092.0,70.0,2.0,143148.0,0.8002809188328683,773.0,72.0,2.0,70.0,139.0,19.0,120.0,124.0,304.0,44.0,35.0,51.0,7.0,6.0,2.0,4.0,6.0,83.0,133.0,231.0,19.0,6.0,6.0,0.0,0.0,0.0,0.0,0.0,0.0,0.0,12.0,0.0,8.0,0.0,1.0,0.0,1.0,0.0,2.0,2.0,10.0,0.0,0.0,0.0,0.0,0.0,0.0,0.0,0.0,0.0,1.0,0.0,1.0,0.0,1.0,1.0,0.0,0.0,0.0,1.0,0.0,0.0,2.0,1.0,0.0,7.0,5.0,3.0,12.0,8.0,10.0,0.0,0.0,0.0,0.0,0.0,0.0,0.0,0.0,0.0,2.0,0.0,2.0,0.0,1.0,1.0,0.0,0.0,0.0,1.0,0.0,0.0,3.0,1.0,0.0,9.0,7.0,4.0,17.0,10.0,16.0
1064,1.0,1064.0,London_141,cons,151,453,1092.0,70.0,2.0,145866.0,0.7882185718044639,779.0,29.0,0.0,29.0,43.0,0.0,43.0,117.0,315.0,38.0,37.0,33.0,10.0,17.0,0.0,3.0,4.0,86.0,137.0,226.0,12.0,6.0,6.0,0.0,0.0,0.0,0.0,0.0,0.0,0.0,0.0,0.0,0.0,0.0,0.0,0.0,0.0,0.0,0.0,0.0,0.0,0.0,0.0,0.0,0.0,0.0,0.0,0.0,0.0,0.0,0.0,0.0,0.0,0.0,0.0,0.0,0.0,0.0,0.0,4.0,3.0,1.0,0.0,1.0,6.0,2.0,5.0,4.0,4.0,5.0,7.0,0.0,0.0,0.0,0.0,0.0,0.0,0.0,0.0,0.0,0.0,0.0,0.0,0.0,0.0,0.0,0.0,0.0,0.0,6.0,5.0,1.0,0.0,1.0,9.0,2.0,6.0,4.0,6.0,6.0,10.0
1065,1.0,1065.0,London_141,cons,151,453,1092.0,70.0,2.0,182106.0,1.0777933290228248,859.0,18.0,0.0,18.0,35.0,0.0,35.0,49.0,311.0,34.0,42.0,35.0,10.0,19.0,0.0,2.0,3.0,82.0,143.0,225.0,13.0,4.0,4.0,0.0,0.0,0.0,0.0,0.0,0.0,0.0,2.0,0.0,0.0,0.0,0.0,0.0,0.0,2.0,0.0,0.0,2.0,0.0,0.0,0.0,0.0,0.0,0.0,0.0,0.0,0.0,0.0,0.0,0.0,0.0,0.0,0.0,0.0,0.0,0.0,2.0,2.0,1.0,0.0,1.0,6.0,0.0,2.0,2.0,5.0,3.0,7.0,0.0,0.0,0.0,0.0,0.0,0.0,0.0,0.0,0.0,0.0,0.0,0.0,0.0,0.0,0.0,0.0,0.0,0.0,3.0,4.0,1.0,0.0,1.0,7.0,0.0,3.0,4.0,10.0,4.0,9.0
1066,1.0,1066.0,London_141,cons,151,453,1092.0,70.0,2.0,229671.0,1.7633572709746659,964.0,36.0,1.0,35.0,69.0,9.0,60.0,35.0,309.0,39.0,36.0,38.0,10.0,19.0,0.0,2.0,3.0,83.0,146.0,221.0,14.0,2.0,2.0,0.0,0.0,0.0,0.0,0.0,0.0,0.0,1.0,0.0,0.0,0.0,0.0,0.0,1.0,0.0,0.0,1.0,0.0,0.0,0.0,0.0,0.0,0.0,0.0,0.0,0.0,1.0,0.0,0.0,0.0,0.0,0.0,1.0,0.0,0.0,0.0,2.0,0.0,0.0,1.0,0.0,2.0,2.0,3.0,4.0,6.0,11.0,7.0,0.0,0.0,0.0,0.0,0.0,0.0,0.0,0.0,3.0,0.0,0.0,0.0,0.0,0.0,1.0,0.0,0.0,0.0,3.0,0.0,0.0,1.0,0.0,2.0,3.0,4.0,5.0,7.0,15.0,8.0
1067,1.0,1067.0,London_141,cons,151,453,1092.0,70.0,2.0,271800.0,1.6461575818248093,1057.0,305.0,0.0,305.0,537.0,0.0,537.0,67.0,314.0,38.0,35.0,36.0,8.0,22.0,0.0,0.0,4.0,81.0,141.0,227.0,15.0,3.0,3.0,0.0,0.0,0.0,0.0,0.0,0.0,0.0,206.0,0.0,108.0,0.0,76.0,0.0,10.0,0.0,12.0,0.0,206.0,0.0,0.0,0.0,0.0,0.0,0.0,0.0,0.0,0.0,0.0,0.0,0.0,0.0,0.0,0.0,0.0,0.0,0.0,8.0,7.0,12.0,2.0,2.0,22.0,19.0,20.0,19.0,21.0,22.0,30.0,0.0,0.0,0.0,0.0,0.0,0.0,0.0,0.0,0.0,0.0,0.0,0.0,0.0,0.0,0.0,0.0,0.0,0.0,9.0,8.0,12.0,4.0,2.0,32.0,30.0,30.0,25.0,26.0,31.0,38.0
1068,1.0,1068.0,London_141,cons,151,453,1092.0,70.0,2.0,169875.0,1.0851216316223145,832.0,118.0,2.0,116.0,222.0,20.0,202.0,184.0,293.0,68.0,14.0,62.0,4.0,11.0,0.0,1.0,6.0,79.0,143.0,225.0,17.0,8.0,8.0,0.0,0.0,0.0,0.0,0.0,0.0,0.0,27.0,0.0,3.0,0.0,11.0,0.0,3.0,1.0,9.0,2.0,25.0,0.0,0.0,0.0,0.0,0.0,0.0,0.0,0.0,0.0,1.0,0.0,1.0,0.0,1.0,0.0,0.0,0.0,0.0,6.0,13.0,5.0,3.0,7.0,12.0,11.0,10.0,13.0,15.0,24.0,18.0,0.0,0.0,0.0,0.0,0.0,0.0,0.0,0.0,0.0,1.0,0.0,1.0,0.0,1.0,0.0,0.0,0.0,0.0,7.0,17.0,5.0,6.0,7.0,14.0,22.0,16.0,18.0,21.0,35.0,23.0
1069,1.0,1069.0,London_141,cons,151,453,1092.0,70.0,2.0,158550.0,0.949988376814872,807.0,68.0,2.0,66.0,143.0,20.0,123.0,168.0,291.0,62.0,24.0,49.0,6.0,17.0,0.0,4.0,9.0,85.0,134.0,225.0,19.0,6.0,6.0,0.0,0.0,0.0,0.0,0.0,0.0,0.0,6.0,0.0,0.0,0.0,1.0,0.0,2.0,1.0,2.0,2.0,4.0,0.0,0.0,0.0,0.0,0.0,0.0,0.0,0.0,2.0,0.0,0.0,0.0,1.0,0.0,2.0,0.0,0.0,0.0,1.0,0.0,0.0,1.0,0.0,2.0,5.0,7.0,10.0,10.0,12.0,13.0,0.0,0.0,0.0,0.0,0.0,0.0,0.0,0.0,2.0,0.0,0.0,0.0,2.0,0.0,2.0,0.0,0.0,0.0,1.0,0.0,0.0,3.0,0.0,3.0,7.0,9.0,17.0,16.0,14.0,20.0
1070,1.0,1070.0,London_141,cons,151,453,1092.0,70.0,2.0,158097.0,0.8641463587991893,806.0,1.0,1.0,0.0,10.0,10.0,0.0,126.0,299.0,64.0,22.0,41.0,4.0,18.0,0.0,5.0,5.0,92.0,124.0,232.0,13.0,4.0,4.0,0.0,0.0,0.0,0.0,0.0,0.0,0.0,1.0,0.0,0.0,0.0,1.0,0.0,0.0,0.0,0.0,1.0,0.0,0.0,0.0,0.0,0.0,0.0,0.0,0.0,0.0,0.0,0.0,0.0,0.0,0.0,1.0,1.0,0.0,0.0,0.0,0.0,0.0,0.0,0.0,0.0,0.0,0.0,0.0,0.0,0.0,0.0,0.0,0.0,0.0,0.0,0.0,0.0,0.0,0.0,0.0,0.0,0.0,0.0,0.0,0.0,1.0,1.0,0.0,0.0,0.0,0.0,0.0,0.0,0.0,0.0,0.0,0.0,0.0,0.0,0.0,0.0,0.0
1071,1.0,1071.0,London_141,cons,151,453,1092.0,70.0,2.0,197508.0,1.2270199358463287,893.0,144.0,2.0,142.0,252.0,18.0,234.0,5.0,295.0,64.0,22.0,43.0,5.0,19.0,0.0,5.0,5.0,92.0,122.0,234.0,12.0,2.0,2.0,0.0,0.0,0.0,0.0,0.0,0.0,0.0,42.0,0.0,16.0,0.0,23.0,0.0,2.0,0.0,1.0,2.0,40.0,0.0,0.0,0.0,0.0,0.0,0.0,0.0,0.0,1.0,0.0,0.0,0.0,0.0,0.0,1.0,0.0,0.0,0.0,0.0,3.0,1.0,0.0,1.0,14.0,3.0,8.0,10.0,15.0,36.0,14.0,0.0,0.0,0.0,0.0,0.0,0.0,0.0,0.0,2.0,0.0,0.0,0.0,0.0,0.0,1.0,0.0,0.0,0.0,0.0,3.0,1.0,0.0,1.0,24.0,4.0,11.0,11.0,18.0,48.0,18.0
1072,1.0,1072.0,London_141,cons,151,453,1092.0,70.0,2.0,170328.0,0.972330751363188,833.0,155.0,0.0,155.0,270.0,0.0,270.0,178.0,285.0,69.0,18.0,56.0,4.0,13.0,1.0,7.0,7.0,76.0,138.0,232.0,24.0,0.0,0.0,0.0,0.0,0.0,0.0,0.0,0.0,0.0,59.0,0.0,26.0,8.0,15.0,2.0,2.0,0.0,6.0,0.0,59.0,0.0,0.0,0.0,0.0,0.0,0.0,0.0,0.0,0.0,0.0,0.0,0.0,0.0,0.0,0.0,0.0,0.0,0.0,5.0,10.0,8.0,2.0,7.0,23.0,23.0,17.0,17.0,26.0,27.0,28.0,0.0,0.0,0.0,0.0,0.0,0.0,0.0,0.0,0.0,0.0,0.0,0.0,0.0,0.0,0.0,0.0,0.0,0.0,6.0,10.0,8.0,2.0,7.0,29.0,35.0,22.0,21.0,41.0,39.0,39.0
1073,1.0,1073.0,London_141,cons,151,453,1092.0,70.0,2.0,125934.0,0.9317680271342397,735.0,147.0,2.0,145.0,260.0,20.0,240.0,187.0,291.0,73.0,15.0,52.0,3.0,12.0,0.0,7.0,5.0,87.0,132.0,229.0,22.0,5.0,5.0,0.0,0.0,0.0,0.0,0.0,0.0,0.0,50.0,0.0,4.0,10.0,35.0,0.0,1.0,0.0,0.0,2.0,48.0,0.0,0.0,0.0,0.0,0.0,0.0,0.0,0.0,1.0,0.0,0.0,0.0,0.0,1.0,1.0,0.0,0.0,0.0,2.0,5.0,4.0,2.0,2.0,7.0,1.0,4.0,13.0,22.0,26.0,10.0,0.0,0.0,0.0,0.0,0.0,0.0,0.0,0.0,2.0,0.0,0.0,0.0,0.0,2.0,1.0,0.0,0.0,0.0,2.0,5.0,4.0,3.0,2.0,9.0,2.0,7.0,14.0,29.0,41.0,14.0
1074,1.0,1074.0,London_141,cons,151,453,1092.0,70.0,2.0,83805.0,0.42948088236153126,642.0,20.0,0.0,20.0,39.0,0.0,39.0,179.0,297.0,55.0,17.0,60.0,3.0,14.0,2.0,5.0,4.0,92.0,129.0,228.0,22.0,5.0,5.0,0.0,0.0,0.0,0.0,0.0,0.0,0.0,0.0,0.0,0.0,0.0,0.0,0.0,0.0,0.0,0.0,0.0,0.0,0.0,0.0,0.0,0.0,0.0,0.0,0.0,0.0,0.0,0.0,0.0,0.0,0.0,0.0,0.0,0.0,0.0,0.0,4.0,4.0,2.0,2.0,2.0,5.0,2.0,3.0,5.0,6.0,7.0,3.0,0.0,0.0,0.0,0.0,0.0,0.0,0.0,0.0,0.0,0.0,0.0,0.0,0.0,0.0,0.0,0.0,0.0,0.0,4.0,8.0,2.0,2.0,2.0,8.0,4.0,4.0,9.0,11.0,12.0,5.0
1075,1.0,1075.0,London_141,cons,151,453,1092.0,70.0,2.0,110079.0,0.5825448711402714,700.0,53.0,0.0,53.0,87.0,0.0,87.0,44.0,297.0,62.0,19.0,49.0,5.0,20.0,1.0,0.0,3.0,83.0,140.0,227.0,19.0,3.0,3.0,0.0,0.0,0.0,0.0,0.0,0.0,0.0,2.0,0.0,0.0,0.0,0.0,0.0,0.0,0.0,2.0,0.0,2.0,0.0,0.0,0.0,0.0,0.0,0.0,0.0,0.0,0.0,0.0,0.0,0.0,0.0,0.0,0.0,0.0,0.0,0.0,5.0,6.0,4.0,0.0,3.0,8.0,11.0,10.0,20.0,12.0,8.0,12.0,0.0,0.0,0.0,0.0,0.0,0.0,0.0,0.0,0.0,0.0,0.0,0.0,0.0,0.0,0.0,0.0,0.0,0.0,7.0,7.0,4.0,0.0,3.0,8.0,16.0,12.0,28.0,18.0,12.0,17.0
1076,1.0,1076.0,London_141,cons,151,453,1092.0,70.0,2.0,113250.0,0.5909468680620193,707.0,14.0,2.0,12.0,38.0,17.0,21.0,88.0,307.0,58.0,19.0,49.0,6.0,12.0,1.0,1.0,3.0,87.0,133.0,230.0,15.0,3.0,3.0,0.0,0.0,0.0,0.0,0.0,0.0,0.0,2.0,0.0,1.0,0.0,0.0,0.0,1.0,0.0,0.0,2.0,0.0,0.0,0.0,0.0,0.0,0.0,0.0,0.0,0.0,1.0,0.0,0.0,1.0,0.0,0.0,1.0,0.0,0.0,0.0,0.0,0.0,0.0,0.0,0.0,1.0,0.0,0.0,0.0,2.0,2.0,1.0,0.0,0.0,0.0,0.0,0.0,0.0,0.0,0.0,2.0,0.0,0.0,1.0,0.0,0.0,2.0,0.0,0.0,0.0,0.0,0.0,0.0,0.0,0.0,2.0,0.0,0.0,0.0,2.0,3.0,1.0
1077,1.0,1077.0,London_141,cons,151,453,1092.0,70.0,2.0,144507.0,0.799478180706501,776.0,67.0,0.0,67.0,108.0,0.0,108.0,28.0,306.0,60.0,21.0,43.0,4.0,13.0,1.0,5.0,3.0,86.0,128.0,236.0,11.0,2.0,2.0,0.0,0.0,0.0,0.0,0.0,0.0,0.0,2.0,0.0,0.0,0.0,0.0,0.0,0.0,0.0,2.0,0.0,2.0,0.0,0.0,0.0,0.0,0.0,0.0,0.0,0.0,0.0,0.0,0.0,0.0,0.0,0.0,0.0,0.0,0.0,0.0,4.0,11.0,6.0,0.0,3.0,17.0,11.0,11.0,10.0,14.0,19.0,13.0,0.0,0.0,0.0,0.0,0.0,0.0,0.0,0.0,0.0,0.0,0.0,0.0,0.0,0.0,0.0,0.0,0.0,0.0,5.0,18.0,8.0,0.0,3.0,21.0,24.0,14.0,15.0,22.0,24.0,19.0
1078,1.0,1078.0,London_141,cons,151,453,1092.0,70.0,2.0,154020.0,0.9081367319449782,797.0,86.0,2.0,84.0,183.0,17.0,166.0,110.0,314.0,67.0,18.0,39.0,1.0,13.0,0.0,1.0,3.0,95.0,142.0,213.0,16.0,9.0,9.0,0.0,0.0,0.0,0.0,0.0,0.0,0.0,23.0,0.0,0.0,0.0,18.0,2.0,1.0,1.0,1.0,2.0,21.0,0.0,0.0,0.0,0.0,0.0,0.0,0.0,0.0,1.0,0.0,0.0,0.0,0.0,0.0,1.0,0.0,0.0,0.0,8.0,5.0,0.0,1.0,4.0,12.0,10.0,8.0,8.0,15.0,18.0,22.0,0.0,0.0,0.0,0.0,0.0,0.0,0.0,0.0,1.0,0.0,0.0,0.0,0.0,0.0,2.0,0.0,0.0,0.0,10.0,5.0,0.0,1.0,4.0,15.0,12.0,14.0,10.0,22.0,29.0,29.0
1079,1.0,1079.0,London_141,cons,151,453,1092.0,70.0,2.0,149943.0,0.8974957759492099,788.0,86.0,0.0,86.0,135.0,0.0,135.0,146.0,310.0,53.0,21.0,42.0,3.0,19.0,0.0,5.0,3.0,84.0,147.0,219.0,17.0,0.0,0.0,0.0,0.0,0.0,0.0,0.0,0.0,0.0,3.0,0.0,0.0,0.0,1.0,1.0,0.0,0.0,1.0,0.0,3.0,0.0,0.0,0.0,0.0,0.0,0.0,0.0,0.0,0.0,0.0,0.0,0.0,0.0,0.0,0.0,0.0,0.0,0.0,4.0,2.0,6.0,0.0,6.0,18.0,15.0,18.0,17.0,17.0,22.0,23.0,0.0,0.0,0.0,0.0,0.0,0.0,0.0,0.0,0.0,0.0,0.0,0.0,0.0,0.0,0.0,0.0,0.0,0.0,4.0,3.0,6.0,0.0,6.0,24.0,21.0,22.0,24.0,24.0,32.0,27.0
1080,1.0,1080.0,London_141,cons,151,453,1092.0,70.0,2.0,149490.0,0.8309330572374165,787.0,134.0,1.0,133.0,239.0,8.0,231.0,132.0,317.0,53.0,18.0,37.0,3.0,23.0,0.0,2.0,8.0,73.0,161.0,211.0,14.0,1.0,1.0,0.0,0.0,0.0,0.0,0.0,0.0,0.0,61.0,0.0,20.0,0.0,37.0,0.0,2.0,1.0,1.0,1.0,60.0,0.0,0.0,0.0,0.0,0.0,0.0,0.0,0.0,0.0,0.0,0.0,0.0,0.0,1.0,0.0,0.0,0.0,0.0,12.0,9.0,9.0,2.0,5.0,19.0,11.0,8.0,27.0,13.0,20.0,19.0,0.0,0.0,0.0,0.0,0.0,0.0,0.0,0.0,0.0,0.0,0.0,0.0,0.0,5.0,0.0,0.0,0.0,0.0,13.0,11.0,10.0,3.0,5.0,23.0,19.0,10.0,38.0,22.0,27.0,29.0
1081,1.0,1081.0,London_141,cons,151,453,1092.0,70.0,2.0,130464.0,0.7802653461694717,745.0,17.0,2.0,15.0,43.0,18.0,25.0,151.0,320.0,56.0,10.0,45.0,4.0,14.0,1.0,3.0,6.0,77.0,146.0,224.0,20.0,8.0,8.0,0.0,0.0,0.0,0.0,0.0,0.0,0.0,2.0,0.0,0.0,0.0,2.0,0.0,0.0,0.0,0.0,2.0,0.0,0.0,0.0,0.0,0.0,0.0,0.0,0.0,0.0,1.0,0.0,0.0,1.0,0.0,1.0,1.0,0.0,0.0,0.0,0.0,0.0,0.0,1.0,0.0,4.0,1.0,1.0,4.0,3.0,6.0,4.0,0.0,0.0,0.0,0.0,0.0,0.0,0.0,0.0,1.0,0.0,0.0,4.0,0.0,2.0,3.0,0.0,0.0,0.0,0.0,0.0,0.0,2.0,0.0,5.0,1.0,1.0,6.0,5.0,9.0,4.0
1082,1.0,1082.0,London_141,cons,151,453,1092.0,70.0,2.0,165345.0,1.1562720849178731,822.0,49.0,0.0,49.0,91.0,0.0,91.0,39.0,314.0,62.0,13.0,35.0,5.0,19.0,1.0,4.0,4.0,75.0,139.0,235.0,16.0,2.0,2.0,0.0,0.0,0.0,0.0,0.0,0.0,0.0,7.0,0.0,0.0,0.0,6.0,1.0,0.0,0.0,0.0,0.0,7.0,0.0,0.0,0.0,0.0,0.0,0.0,0.0,0.0,0.0,0.0,0.0,0.0,0.0,0.0,0.0,0.0,0.0,0.0,8.0,9.0,4.0,0.0,2.0,15.0,7.0,5.0,7.0,11.0,9.0,16.0,0.0,0.0,0.0,0.0,0.0,0.0,0.0,0.0,0.0,0.0,0.0,0.0,0.0,0.0,0.0,0.0,0.0,0.0,12.0,14.0,5.0,0.0,2.0,23.0,9.0,8.0,12.0,15.0,12.0,24.0
1083,1.0,1083.0,London_141,cons,151,453,1092.0,70.0,2.0,185277.0,1.292258664034307,866.0,115.0,2.0,113.0,212.0,19.0,193.0,84.0,321.0,74.0,16.0,21.0,0.0,15.0,1.0,5.0,6.0,75.0,145.0,227.0,27.0,4.0,4.0,0.0,0.0,0.0,0.0,0.0,0.0,0.0,41.0,0.0,12.0,0.0,25.0,2.0,1.0,0.0,1.0,2.0,39.0,0.0,0.0,0.0,0.0,0.0,0.0,0.0,0.0,1.0,0.0,0.0,0.0,0.0,0.0,1.0,0.0,0.0,0.0,4.0,4.0,5.0,1.0,3.0,13.0,10.0,14.0,10.0,17.0,25.0,21.0,0.0,0.0,0.0,0.0,0.0,0.0,0.0,0.0,1.0,0.0,0.0,0.0,0.0,0.0,1.0,0.0,0.0,0.0,5.0,5.0,6.0,1.0,3.0,16.0,17.0,23.0,15.0,27.0,38.0,27.0
1084,1.0,1084.0,London_141,cons,151,453,1092.0,70.0,2.0,169422.0,1.230150758754462,831.0,86.0,0.0,86.0,159.0,0.0,159.0,141.0,313.0,60.0,13.0,46.0,5.0,14.0,0.0,2.0,7.0,80.0,158.0,208.0,25.0,4.0,4.0,0.0,0.0,0.0,0.0,0.0,0.0,0.0,17.0,0.0,0.0,1.0,10.0,0.0,0.0,0.0,6.0,0.0,17.0,0.0,0.0,0.0,0.0,0.0,0.0,0.0,0.0,0.0,0.0,0.0,0.0,0.0,0.0,0.0,0.0,0.0,0.0,4.0,7.0,5.0,1.0,3.0,19.0,6.0,11.0,14.0,11.0,24.0,19.0,0.0,0.0,0.0,0.0,0.0,0.0,0.0,0.0,0.0,0.0,0.0,0.0,0.0,0.0,0.0,0.0,0.0,0.0,6.0,9.0,5.0,2.0,4.0,28.0,8.0,18.0,14.0,15.0,36.0,28.0
1085,1.0,1085.0,London_141,cons,151,453,1092.0,70.0,2.0,162627.0,0.905928720254451,816.0,93.0,0.0,93.0,182.0,0.0,182.0,136.0,315.0,63.0,11.0,38.0,5.0,16.0,1.0,4.0,5.0,80.0,153.0,215.0,15.0,3.0,3.0,0.0,0.0,0.0,0.0,0.0,0.0,0.0,25.0,0.0,4.0,5.0,13.0,0.0,0.0,0.0,3.0,0.0,25.0,0.0,0.0,0.0,0.0,0.0,0.0,0.0,0.0,0.0,0.0,0.0,0.0,0.0,0.0,0.0,0.0,0.0,0.0,4.0,9.0,4.0,2.0,7.0,23.0,10.0,8.0,20.0,17.0,16.0,21.0,0.0,0.0,0.0,0.0,0.0,0.0,0.0,0.0,0.0,0.0,0.0,0.0,0.0,0.0,0.0,0.0,0.0,0.0,6.0,16.0,4.0,3.0,7.0,28.0,13.0,13.0,29.0,24.0,29.0,31.0
1086,1.0,1086.0,London_141,cons,151,453,1092.0,70.0,2.0,156285.0,1.179180247709155,802.0,110.0,3.0,107.0,228.0,25.0,203.0,139.0,317.0,51.0,11.0,38.0,9.0,21.0,1.0,5.0,4.0,75.0,158.0,216.0,19.0,3.0,3.0,0.0,0.0,0.0,0.0,0.0,0.0,0.0,36.0,0.0,4.0,5.0,22.0,1.0,2.0,0.0,2.0,3.0,33.0,0.0,0.0,0.0,0.0,0.0,0.0,0.0,0.0,0.0,1.0,0.0,0.0,1.0,0.0,0.0,0.0,0.0,0.0,3.0,5.0,3.0,1.0,2.0,11.0,9.0,3.0,14.0,10.0,20.0,23.0,0.0,0.0,0.0,0.0,0.0,0.0,0.0,0.0,0.0,3.0,0.0,0.0,4.0,0.0,0.0,0.0,0.0,0.0,3.0,7.0,4.0,1.0,2.0,14.0,14.0,3.0,21.0,12.0,28.0,31.0
1087,1.0,1087.0,London_141,cons,151,453,1092.0,70.0,2.0,140430.0,0.8156245187856257,767.0,91.0,1.0,90.0,160.0,10.0,150.0,159.0,311.0,68.0,10.0,43.0,5.0,11.0,2.0,3.0,8.0,82.0,153.0,210.0,22.0,1.0,1.0,0.0,0.0,0.0,0.0,0.0,0.0,0.0,17.0,0.0,0.0,0.0,9.0,0.0,2.0,0.0,6.0,1.0,16.0,0.0,0.0,0.0,0.0,0.0,0.0,0.0,0.0,0.0,0.0,0.0,1.0,0.0,0.0,0.0,0.0,0.0,0.0,8.0,6.0,2.0,4.0,7.0,16.0,12.0,11.0,21.0,12.0,27.0,21.0,0.0,0.0,0.0,0.0,0.0,0.0,0.0,0.0,0.0,0.0,0.0,1.0,0.0,0.0,0.0,0.0,0.0,0.0,11.0,10.0,2.0,5.0,7.0,20.0,15.0,15.0,31.0,16.0,41.0,25.0
1088,1.0,1088.0,London_141,cons,151,453,1092.0,70.0,2.0,128652.0,1.2924708719365299,741.0,73.0,1.0,72.0,131.0,7.0,124.0,128.0,313.0,70.0,11.0,46.0,1.0,12.0,0.0,0.0,7.0,76.0,159.0,211.0,17.0,5.0,5.0,0.0,0.0,0.0,0.0,0.0,0.0,0.0,7.0,0.0,0.0,0.0,1.0,3.0,0.0,0.0,3.0,1.0,6.0,0.0,0.0,0.0,0.0,0.0,0.0,0.0,0.0,1.0,0.0,0.0,0.0,0.0,0.0,0.0,0.0,0.0,0.0,2.0,0.0,1.0,0.0,1.0,12.0,3.0,6.0,4.0,10.0,15.0,18.0,0.0,0.0,0.0,0.0,0.0,0.0,0.0,0.0,2.0,0.0,0.0,0.0,0.0,0.0,0.0,0.0,0.0,0.0,3.0,0.0,1.0,0.0,1.0,19.0,4.0,7.0,4.0,19.0,22.0,21.0
1089,1.0,1089.0,London_141,cons,151,453,1092.0,70.0,2.0,138165.0,0.7939644828438759,762.0,121.0,0.0,121.0,196.0,0.0,196.0,124.0,318.0,72.0,13.0,35.0,6.0,9.0,0.0,0.0,5.0,72.0,165.0,211.0,23.0,7.0,7.0,0.0,0.0,0.0,0.0,0.0,0.0,0.0,33.0,0.0,0.0,2.0,22.0,0.0,1.0,3.0,5.0,0.0,33.0,0.0,0.0,0.0,0.0,0.0,0.0,0.0,0.0,0.0,0.0,0.0,0.0,0.0,0.0,0.0,0.0,0.0,0.0,9.0,15.0,5.0,1.0,4.0,17.0,8.0,14.0,19.0,18.0,24.0,24.0,0.0,0.0,0.0,0.0,0.0,0.0,0.0,0.0,0.0,0.0,0.0,0.0,0.0,0.0,0.0,0.0,0.0,0.0,10.0,20.0,5.0,1.0,4.0,22.0,13.0,17.0,22.0,25.0,32.0,30.0
1090,1.0,1090.0,London_141,cons,151,453,1092.0,70.0,2.0,112797.0,0.6371376947499812,706.0,5.0,2.0,3.0,23.0,19.0,4.0,150.0,317.0,65.0,13.0,45.0,5.0,6.0,0.0,2.0,4.0,75.0,157.0,217.0,15.0,3.0,3.0,0.0,0.0,0.0,0.0,0.0,0.0,0.0,1.0,0.0,0.0,0.0,0.0,0.0,1.0,0.0,0.0,1.0,0.0,0.0,0.0,0.0,0.0,0.0,0.0,0.0,0.0,1.0,0.0,0.0,0.0,0.0,0.0,0.0,0.0,0.0,0.0,1.0,0.0,0.0,0.0,0.0,0.0,0.0,0.0,0.0,1.0,1.0,0.0,0.0,0.0,0.0,0.0,0.0,0.0,0.0,0.0,2.0,0.0,0.0,0.0,0.0,0.0,0.0,0.0,0.0,0.0,1.0,0.0,0.0,0.0,0.0,0.0,0.0,0.0,0.0,1.0,1.0,0.0
1091,1.0,1091.0,London_141,cons,151,453,1092.0,70.0,2.0,147225.0,0.8071238701231778,782.0,83.0,0.0,83.0,140.0,0.0,140.0,19.0,308.0,68.0,14.0,51.0,2.0,7.0,0.0,3.0,4.0,76.0,155.0,218.0,18.0,6.0,6.0,0.0,0.0,0.0,0.0,0.0,0.0,0.0,9.0,0.0,0.0,1.0,8.0,0.0,0.0,0.0,0.0,0.0,9.0,0.0,0.0,0.0,0.0,0.0,0.0,0.0,0.0,0.0,0.0,0.0,0.0,0.0,0.0,0.0,0.0,0.0,0.0,12.0,4.0,4.0,3.0,4.0,6.0,5.0,9.0,7.0,15.0,12.0,24.0,0.0,0.0,0.0,0.0,0.0,0.0,0.0,0.0,0.0,0.0,0.0,0.0,0.0,0.0,0.0,0.0,0.0,0.0,16.0,6.0,4.0,4.0,5.0,8.0,7.0,16.0,9.0,30.0,16.0,35.0
1092,1.0,1092.0,London_141,cons,151,453,1092.0,70.0,2.0,141336.0,0.8813719879835844,769.0,59.0,0.0,59.0,104.0,0.0,104.0,136.0,308.0,66.0,11.0,41.0,9.0,14.0,0.0,4.0,5.0,81.0,154.0,213.0,17.0,2.0,2.0,0.0,0.0,0.0,0.0,0.0,0.0,0.0,4.0,0.0,0.0,0.0,0.0,0.0,0.0,1.0,3.0,0.0,4.0,0.0,0.0,0.0,0.0,0.0,0.0,0.0,0.0,0.0,0.0,0.0,0.0,0.0,0.0,0.0,0.0,0.0,0.0,2.0,6.0,0.0,0.0,2.0,7.0,3.0,2.0,11.0,13.0,10.0,11.0,0.0,0.0,0.0,0.0,0.0,0.0,0.0,0.0,0.0,0.0,0.0,0.0,0.0,0.0,0.0,0.0,0.0,0.0,4.0,7.0,0.0,0.0,2.0,8.0,4.0,3.0,14.0,20.0,13.0,12.0
1093,1.0,1093.0,London_141,cons,151,453,1092.0,70.0,2.0,157644.0,0.9087669751606882,805.0,33.0,0.0,33.0,58.0,0.0,58.0,99.0,305.0,71.0,11.0,37.0,15.0,12.0,1.0,1.0,2.0,82.0,156.0,213.0,15.0,7.0,7.0,0.0,0.0,0.0,0.0,0.0,0.0,0.0,1.0,0.0,0.0,0.0,0.0,0.0,0.0,0.0,1.0,0.0,1.0,0.0,0.0,0.0,0.0,0.0,0.0,0.0,0.0,0.0,0.0,0.0,0.0,0.0,0.0,0.0,0.0,0.0,0.0,3.0,0.0,0.0,0.0,0.0,3.0,0.0,2.0,3.0,8.0,8.0,7.0,0.0,0.0,0.0,0.0,0.0,0.0,0.0,0.0,0.0,0.0,0.0,0.0,0.0,0.0,0.0,0.0,0.0,0.0,6.0,0.0,0.0,0.0,0.0,5.0,0.0,3.0,3.0,15.0,10.0,7.0
1094,1.0,1094.0,London_141,cons,151,453,1092.0,70.0,2.0,185277.0,1.1265891650691628,866.0,115.0,2.0,113.0,221.0,17.0,204.0,64.0,303.0,63.0,16.0,38.0,13.0,20.0,0.0,0.0,2.0,72.0,160.0,219.0,17.0,8.0,8.0,0.0,0.0,0.0,0.0,0.0,0.0,0.0,40.0,0.0,8.0,0.0,26.0,0.0,0.0,3.0,3.0,2.0,38.0,0.0,0.0,0.0,0.0,0.0,0.0,0.0,0.0,0.0,0.0,0.0,0.0,0.0,0.0,0.0,0.0,0.0,0.0,12.0,0.0,0.0,1.0,8.0,5.0,3.0,0.0,7.0,15.0,20.0,17.0,0.0,0.0,0.0,0.0,0.0,0.0,0.0,0.0,0.0,0.0,0.0,0.0,0.0,0.0,0.0,0.0,0.0,0.0,17.0,0.0,0.0,1.0,10.0,7.0,4.0,0.0,9.0,22.0,27.0,21.0
1095,1.0,1095.0,London_141,cons,151,453,1092.0,70.0,2.0,170328.0,0.8989112768322229,833.0,163.0,2.0,161.0,305.0,18.0,287.0,146.0,298.0,52.0,19.0,42.0,18.0,20.0,1.0,3.0,5.0,72.0,157.0,219.0,20.0,4.0,4.0,0.0,0.0,0.0,0.0,0.0,0.0,0.0,84.0,0.0,27.0,7.0,44.0,0.0,0.0,0.0,6.0,2.0,82.0,0.0,0.0,0.0,0.0,0.0,0.0,0.0,0.0,0.0,0.0,0.0,0.0,0.0,0.0,0.0,0.0,0.0,0.0,3.0,3.0,0.0,0.0,4.0,3.0,1.0,2.0,6.0,24.0,16.0,9.0,0.0,0.0,0.0,0.0,0.0,0.0,0.0,0.0,0.0,0.0,0.0,0.0,0.0,0.0,0.0,0.0,0.0,0.0,4.0,6.0,0.0,0.0,4.0,4.0,2.0,2.0,8.0,34.0,22.0,11.0
1096,1.0,1096.0,London_141,cons,151,453,1092.0,70.0,2.0,144054.0,0.7612980180419981,775.0,0.0,0.0,0.0,0.0,0.0,0.0,155.0,302.0,59.0,6.0,50.0,21.0,14.0,0.0,1.0,9.0,65.0,154.0,225.0,24.0,3.0,3.0,0.0,0.0,0.0,0.0,0.0,0.0,0.0,0.0,0.0,0.0,0.0,0.0,0.0,0.0,0.0,0.0,0.0,0.0,0.0,0.0,0.0,0.0,0.0,0.0,0.0,0.0,0.0,0.0,0.0,0.0,0.0,0.0,0.0,0.0,0.0,0.0,0.0,0.0,0.0,0.0,0.0,0.0,0.0,0.0,0.0,0.0,0.0,0.0,0.0,0.0,0.0,0.0,0.0,0.0,0.0,0.0,0.0,0.0,0.0,0.0,0.0,0.0,0.0,0.0,0.0,0.0,0.0,0.0,0.0,0.0,0.0,0.0,0.0,0.0,0.0,0.0,0.0,0.0
1097,1.0,1097.0,London_141,cons,151,453,1092.0,70.0,2.0,184824.0,1.0689573413692415,865.0,77.0,2.0,75.0,147.0,19.0,128.0,3.0,301.0,60.0,6.0,50.0,21.0,14.0,0.0,1.0,9.0,65.0,154.0,225.0,24.0,4.0,4.0,0.0,0.0,0.0,0.0,0.0,0.0,0.0,7.0,0.0,0.0,3.0,2.0,1.0,1.0,0.0,0.0,2.0,5.0,0.0,0.0,0.0,0.0,0.0,0.0,0.0,0.0,0.0,0.0,0.0,1.0,0.0,1.0,1.0,0.0,0.0,0.0,1.0,1.0,4.0,0.0,0.0,5.0,6.0,8.0,2.0,19.0,18.0,19.0,0.0,0.0,0.0,0.0,0.0,0.0,0.0,0.0,0.0,0.0,0.0,4.0,0.0,1.0,2.0,0.0,0.0,0.0,1.0,1.0,4.0,0.0,0.0,6.0,9.0,11.0,3.0,31.0,25.0,26.0
1098,1.0,1098.0,London_141,cons,151,453,1092.0,70.0,2.0,188448.0,1.0962694808840752,873.0,127.0,1.0,126.0,227.0,9.0,218.0,130.0,311.0,63.0,9.0,34.0,21.0,11.0,0.0,4.0,9.0,69.0,154.0,221.0,26.0,3.0,3.0,0.0,0.0,0.0,0.0,0.0,0.0,0.0,46.0,0.0,6.0,7.0,31.0,0.0,2.0,0.0,0.0,1.0,45.0,0.0,0.0,0.0,0.0,0.0,0.0,0.0,0.0,0.0,0.0,0.0,0.0,0.0,1.0,1.0,0.0,0.0,0.0,8.0,5.0,2.0,3.0,9.0,17.0,13.0,10.0,18.0,21.0,27.0,18.0,0.0,0.0,0.0,0.0,0.0,0.0,0.0,0.0,0.0,0.0,0.0,0.0,0.0,5.0,2.0,0.0,0.0,0.0,9.0,10.0,3.0,5.0,9.0,26.0,23.0,13.0,23.0,35.0,38.0,29.0
1099,1.0,1099.0,London_141,cons,151,453,1092.0,70.0,2.0,168969.0,0.8593027982860804,830.0,190.0,0.0,190.0,336.0,0.0,336.0,154.0,316.0,59.0,12.0,44.0,5.0,16.0,0.0,1.0,3.0,68.0,155.0,227.0,16.0,1.0,1.0,0.0,0.0,0.0,0.0,0.0,0.0,0.0,103.0,0.0,44.0,6.0,43.0,0.0,4.0,2.0,4.0,0.0,103.0,0.0,0.0,0.0,0.0,0.0,0.0,0.0,0.0,0.0,0.0,0.0,0.0,0.0,0.0,0.0,0.0,0.0,0.0,6.0,14.0,6.0,1.0,6.0,15.0,24.0,9.0,18.0,26.0,28.0,34.0,0.0,0.0,0.0,0.0,0.0,0.0,0.0,0.0,0.0,0.0,0.0,0.0,0.0,0.0,0.0,0.0,0.0,0.0,8.0,17.0,6.0,1.0,7.0,21.0,36.0,10.0,21.0,38.0,35.0,46.0
1100,1.0,1100.0,London_141,cons,151,453,1092.0,70.0,2.0,116874.0,0.5514166541397572,715.0,13.0,0.0,13.0,29.0,0.0,29.0,165.0,308.0,54.0,9.0,60.0,7.0,10.0,1.0,4.0,4.0,70.0,159.0,220.0,19.0,2.0,2.0,0.0,0.0,0.0,0.0,0.0,0.0,0.0,0.0,0.0,0.0,0.0,0.0,0.0,0.0,0.0,0.0,0.0,0.0,0.0,0.0,0.0,0.0,0.0,0.0,0.0,0.0,0.0,0.0,0.0,0.0,0.0,0.0,0.0,0.0,0.0,0.0,3.0,0.0,3.0,1.0,2.0,3.0,2.0,4.0,3.0,3.0,3.0,6.0,0.0,0.0,0.0,0.0,0.0,0.0,0.0,0.0,0.0,0.0,0.0,0.0,0.0,0.0,0.0,0.0,0.0,0.0,4.0,0.0,3.0,2.0,2.0,6.0,3.0,7.0,5.0,6.0,4.0,11.0
1101,1.0,1101.0,London_141,cons,151,453,1092.0,70.0,2.0,142242.0,0.706200584769249,771.0,156.0,1.0,155.0,289.0,10.0,279.0,31.0,308.0,52.0,11.0,69.0,0.0,8.0,1.0,4.0,4.0,69.0,163.0,217.0,20.0,2.0,2.0,0.0,0.0,0.0,0.0,0.0,0.0,0.0,61.0,0.0,27.0,7.0,13.0,2.0,7.0,2.0,3.0,1.0,60.0,0.0,0.0,0.0,0.0,0.0,0.0,0.0,0.0,0.0,0.0,0.0,0.0,0.0,0.0,0.0,0.0,0.0,0.0,16.0,15.0,3.0,3.0,5.0,21.0,13.0,21.0,18.0,21.0,32.0,25.0,0.0,0.0,0.0,0.0,0.0,0.0,0.0,0.0,0.0,0.0,0.0,0.0,0.0,0.0,0.0,0.0,0.0,0.0,25.0,17.0,3.0,3.0,6.0,26.0,25.0,30.0,25.0,30.0,45.0,35.0
1102,1.0,1102.0,London_141,cons,151,453,1092.0,70.0,2.0,106455.0,0.5702534932643175,692.0,26.0,0.0,26.0,41.0,0.0,41.0,179.0,294.0,72.0,11.0,52.0,5.0,16.0,1.0,2.0,8.0,67.0,173.0,205.0,24.0,9.0,9.0,0.0,0.0,0.0,0.0,0.0,0.0,0.0,0.0,0.0,0.0,0.0,0.0,0.0,0.0,0.0,0.0,0.0,0.0,0.0,0.0,0.0,0.0,0.0,0.0,0.0,0.0,0.0,0.0,0.0,0.0,0.0,0.0,0.0,0.0,0.0,0.0,1.0,6.0,1.0,0.0,2.0,4.0,2.0,4.0,5.0,4.0,10.0,3.0,0.0,0.0,0.0,0.0,0.0,0.0,0.0,0.0,0.0,0.0,0.0,0.0,0.0,0.0,0.0,0.0,0.0,0.0,1.0,10.0,1.0,0.0,2.0,5.0,5.0,5.0,9.0,4.0,14.0,4.0
1103,1.0,1103.0,London_141,cons,151,453,1092.0,70.0,2.0,125481.0,0.6825226680375636,734.0,27.0,2.0,25.0,54.0,17.0,37.0,51.0,295.0,76.0,10.0,46.0,6.0,16.0,3.0,1.0,7.0,69.0,172.0,205.0,21.0,3.0,3.0,0.0,0.0,0.0,0.0,0.0,0.0,0.0,2.0,0.0,2.0,0.0,0.0,0.0,0.0,0.0,0.0,2.0,0.0,0.0,0.0,0.0,0.0,0.0,0.0,0.0,0.0,2.0,0.0,0.0,0.0,0.0,0.0,1.0,0.0,0.0,0.0,0.0,0.0,0.0,0.0,0.0,2.0,1.0,0.0,6.0,8.0,6.0,1.0,0.0,0.0,0.0,0.0,0.0,0.0,0.0,0.0,3.0,0.0,0.0,0.0,0.0,0.0,2.0,0.0,0.0,0.0,0.0,0.0,0.0,0.0,0.0,2.0,1.0,0.0,10.0,10.0,7.0,1.0
1104,1.0,1104.0,London_141,cons,151,453,1092.0,70.0,2.0,154020.0,0.7920046499930322,797.0,88.0,1.0,87.0,168.0,12.0,156.0,52.0,292.0,73.0,8.0,46.0,10.0,18.0,3.0,3.0,3.0,64.0,171.0,215.0,10.0,2.0,2.0,0.0,0.0,0.0,0.0,0.0,0.0,0.0,15.0,0.0,0.0,0.0,14.0,0.0,1.0,0.0,0.0,1.0,14.0,0.0,0.0,0.0,0.0,0.0,0.0,0.0,0.0,1.0,0.0,0.0,1.0,0.0,0.0,1.0,0.0,0.0,0.0,2.0,0.0,2.0,0.0,0.0,5.0,2.0,2.0,11.0,12.0,17.0,13.0,0.0,0.0,0.0,0.0,0.0,0.0,0.0,0.0,1.0,0.0,0.0,2.0,0.0,0.0,2.0,0.0,0.0,0.0,4.0,0.0,2.0,0.0,0.0,9.0,2.0,2.0,17.0,19.0,21.0,18.0
1105,1.0,1105.0,London_141,cons,151,453,1092.0,70.0,2.0,156738.0,0.9476064019836485,803.0,71.0,2.0,69.0,140.0,19.0,121.0,139.0,292.0,91.0,14.0,37.0,6.0,7.0,3.0,3.0,3.0,67.0,166.0,217.0,21.0,0.0,0.0,0.0,0.0,0.0,0.0,0.0,0.0,0.0,3.0,0.0,0.0,0.0,1.0,0.0,1.0,0.0,1.0,2.0,1.0,0.0,0.0,0.0,0.0,0.0,0.0,0.0,0.0,1.0,1.0,0.0,0.0,0.0,1.0,0.0,0.0,0.0,0.0,2.0,6.0,5.0,0.0,3.0,4.0,6.0,1.0,10.0,12.0,17.0,8.0,0.0,0.0,0.0,0.0,0.0,0.0,0.0,0.0,1.0,1.0,0.0,0.0,0.0,2.0,0.0,0.0,0.0,0.0,2.0,9.0,6.0,0.0,4.0,6.0,7.0,1.0,15.0,20.0,25.0,8.0
1106,1.0,1106.0,London_141,cons,151,453,1092.0,70.0,2.0,159003.0,0.9461451917886734,808.0,111.0,0.0,111.0,194.0,0.0,194.0,124.0,300.0,80.0,14.0,33.0,7.0,15.0,0.0,4.0,3.0,70.0,155.0,225.0,26.0,4.0,4.0,0.0,0.0,0.0,0.0,0.0,0.0,0.0,30.0,0.0,5.0,0.0,22.0,0.0,0.0,0.0,3.0,0.0,30.0,0.0,0.0,0.0,0.0,0.0,0.0,0.0,0.0,0.0,0.0,0.0,0.0,0.0,0.0,0.0,0.0,0.0,0.0,9.0,9.0,8.0,1.0,3.0,17.0,13.0,14.0,16.0,15.0,21.0,24.0,0.0,0.0,0.0,0.0,0.0,0.0,0.0,0.0,0.0,0.0,0.0,0.0,0.0,0.0,0.0,0.0,0.0,0.0,12.0,13.0,10.0,2.0,3.0,21.0,25.0,21.0,24.0,21.0,37.0,30.0
1107,1.0,1107.0,London_141,cons,151,453,1092.0,70.0,2.0,143148.0,0.7781896628439426,773.0,23.0,0.0,23.0,40.0,0.0,40.0,155.0,306.0,59.0,10.0,45.0,6.0,20.0,0.0,7.0,6.0,73.0,159.0,215.0,18.0,8.0,8.0,0.0,0.0,0.0,0.0,0.0,0.0,0.0,0.0,0.0,0.0,0.0,0.0,0.0,0.0,0.0,0.0,0.0,0.0,0.0,0.0,0.0,0.0,0.0,0.0,0.0,0.0,0.0,0.0,0.0,0.0,0.0,0.0,0.0,0.0,0.0,0.0,3.0,4.0,3.0,0.0,0.0,5.0,3.0,4.0,4.0,2.0,4.0,5.0,0.0,0.0,0.0,0.0,0.0,0.0,0.0,0.0,0.0,0.0,0.0,0.0,0.0,0.0,0.0,0.0,0.0,0.0,4.0,4.0,4.0,0.0,0.0,9.0,4.0,6.0,8.0,4.0,4.0,8.0
1108,1.0,1108.0,London_141,cons,151,453,1092.0,70.0,2.0,178482.0,1.0753310597501695,851.0,137.0,1.0,136.0,251.0,9.0,242.0,49.0,304.0,56.0,8.0,45.0,8.0,26.0,0.0,6.0,7.0,79.0,158.0,209.0,18.0,7.0,7.0,0.0,0.0,0.0,0.0,0.0,0.0,0.0,62.0,0.0,20.0,10.0,31.0,0.0,1.0,0.0,0.0,1.0,61.0,0.0,0.0,0.0,0.0,0.0,0.0,0.0,0.0,1.0,0.0,0.0,0.0,0.0,0.0,1.0,0.0,0.0,0.0,2.0,0.0,0.0,0.0,2.0,5.0,2.0,0.0,3.0,12.0,23.0,16.0,0.0,0.0,0.0,0.0,0.0,0.0,0.0,0.0,2.0,0.0,0.0,0.0,0.0,0.0,1.0,0.0,0.0,0.0,4.0,0.0,0.0,0.0,2.0,11.0,2.0,0.0,5.0,18.0,33.0,21.0
1109,1.0,1109.0,London_141,cons,151,453,1092.0,70.0,2.0,154473.0,0.8455733191221952,798.0,31.0,0.0,31.0,53.0,0.0,53.0,155.0,304.0,70.0,11.0,40.0,4.0,16.0,1.0,7.0,7.0,69.0,159.0,218.0,14.0,0.0,0.0,0.0,0.0,0.0,0.0,0.0,0.0,0.0,0.0,0.0,0.0,0.0,0.0,0.0,0.0,0.0,0.0,0.0,0.0,0.0,0.0,0.0,0.0,0.0,0.0,0.0,0.0,0.0,0.0,0.0,0.0,0.0,0.0,0.0,0.0,0.0,0.0,4.0,4.0,2.0,0.0,1.0,7.0,3.0,8.0,2.0,8.0,5.0,9.0,0.0,0.0,0.0,0.0,0.0,0.0,0.0,0.0,0.0,0.0,0.0,0.0,0.0,0.0,0.0,0.0,0.0,0.0,5.0,5.0,2.0,0.0,1.0,13.0,6.0,17.0,5.0,11.0,10.0,12.0
1110,1.0,1110.0,London_141,cons,151,453,1092.0,70.0,2.0,184371.0,1.0931767951697111,864.0,135.0,2.0,133.0,231.0,20.0,211.0,54.0,307.0,74.0,11.0,40.0,3.0,11.0,1.0,6.0,5.0,73.0,159.0,216.0,19.0,6.0,6.0,0.0,0.0,0.0,0.0,0.0,0.0,0.0,43.0,0.0,6.0,0.0,26.0,2.0,5.0,1.0,3.0,2.0,41.0,0.0,0.0,0.0,0.0,0.0,0.0,0.0,0.0,0.0,0.0,0.0,0.0,0.0,0.0,0.0,0.0,0.0,0.0,7.0,4.0,4.0,2.0,8.0,26.0,7.0,21.0,22.0,16.0,24.0,30.0,0.0,0.0,0.0,0.0,0.0,0.0,0.0,0.0,0.0,0.0,0.0,0.0,0.0,0.0,0.0,0.0,0.0,0.0,9.0,4.0,4.0,2.0,8.0,36.0,9.0,31.0,29.0,21.0,32.0,40.0
1111,1.0,1111.0,London_141,cons,151,453,1092.0,70.0,2.0,163080.0,0.9047857639379799,817.0,138.0,2.0,136.0,253.0,20.0,233.0,166.0,310.0,51.0,17.0,44.0,4.0,18.0,1.0,8.0,7.0,71.0,160.0,215.0,21.0,0.0,0.0,0.0,0.0,0.0,0.0,0.0,0.0,0.0,62.0,0.0,16.0,0.0,41.0,1.0,2.0,2.0,0.0,2.0,60.0,0.0,0.0,0.0,0.0,0.0,0.0,0.0,0.0,2.0,0.0,0.0,0.0,1.0,0.0,1.0,0.0,0.0,0.0,3.0,1.0,2.0,0.0,1.0,5.0,6.0,3.0,9.0,20.0,25.0,19.0,0.0,0.0,0.0,0.0,0.0,0.0,0.0,0.0,2.0,0.0,0.0,0.0,2.0,0.0,1.0,0.0,0.0,0.0,3.0,1.0,2.0,0.0,1.0,5.0,8.0,5.0,10.0,27.0,34.0,27.0
1112,1.0,1112.0,London_141,cons,151,453,1092.0,70.0,2.0,127746.0,0.6646778993308544,739.0,16.0,1.0,15.0,38.0,10.0,28.0,149.0,310.0,57.0,20.0,47.0,4.0,11.0,0.0,4.0,8.0,79.0,165.0,201.0,30.0,4.0,4.0,0.0,0.0,0.0,0.0,0.0,0.0,0.0,1.0,0.0,0.0,0.0,1.0,0.0,0.0,0.0,0.0,1.0,0.0,0.0,0.0,0.0,0.0,0.0,0.0,0.0,0.0,1.0,0.0,0.0,0.0,0.0,1.0,1.0,0.0,0.0,0.0,0.0,0.0,0.0,0.0,0.0,1.0,1.0,0.0,1.0,4.0,4.0,1.0,0.0,0.0,0.0,0.0,0.0,0.0,0.0,0.0,3.0,0.0,0.0,0.0,0.0,7.0,3.0,0.0,0.0,0.0,0.0,0.0,0.0,0.0,0.0,1.0,2.0,0.0,1.0,7.0,8.0,1.0
1113,1.0,1113.0,London_141,cons,151,453,1092.0,70.0,2.0,163986.0,1.213710970710963,819.0,114.0,2.0,112.0,212.0,18.0,194.0,40.0,308.0,68.0,22.0,33.0,3.0,15.0,0.0,4.0,5.0,85.0,157.0,206.0,28.0,4.0,4.0,0.0,0.0,0.0,0.0,0.0,0.0,0.0,36.0,0.0,1.0,0.0,27.0,0.0,7.0,0.0,1.0,2.0,34.0,0.0,0.0,0.0,0.0,0.0,0.0,0.0,0.0,0.0,0.0,0.0,0.0,0.0,0.0,0.0,0.0,0.0,0.0,12.0,8.0,10.0,0.0,3.0,20.0,14.0,14.0,17.0,18.0,22.0,34.0,0.0,0.0,0.0,0.0,0.0,0.0,0.0,0.0,0.0,0.0,0.0,0.0,0.0,0.0,0.0,0.0,0.0,0.0,15.0,13.0,12.0,0.0,3.0,28.0,21.0,16.0,25.0,28.0,32.0,41.0
1114,1.0,1114.0,London_141,cons,151,453,1092.0,70.0,2.0,146319.0,0.8131873086094856,780.0,105.0,0.0,105.0,170.0,0.0,170.0,150.0,313.0,55.0,23.0,33.0,3.0,23.0,1.0,2.0,6.0,70.0,162.0,215.0,16.0,5.0,5.0,0.0,0.0,0.0,0.0,0.0,0.0,0.0,34.0,0.0,0.0,0.0,28.0,1.0,0.0,0.0,5.0,0.0,34.0,0.0,0.0,0.0,0.0,0.0,0.0,0.0,0.0,0.0,0.0,0.0,0.0,0.0,0.0,0.0,0.0,0.0,0.0,6.0,11.0,5.0,2.0,6.0,22.0,11.0,12.0,13.0,10.0,20.0,20.0,0.0,0.0,0.0,0.0,0.0,0.0,0.0,0.0,0.0,0.0,0.0,0.0,0.0,0.0,0.0,0.0,0.0,0.0,7.0,12.0,6.0,3.0,6.0,29.0,18.0,21.0,16.0,21.0,27.0,27.0
1115,1.0,1115.0,London_141,cons,151,453,1092.0,70.0,2.0,133182.0,0.7462976169772446,751.0,30.0,2.0,28.0,67.0,20.0,47.0,126.0,316.0,63.0,21.0,30.0,4.0,16.0,1.0,2.0,4.0,86.0,164.0,199.0,20.0,12.0,12.0,0.0,0.0,0.0,0.0,0.0,0.0,0.0,2.0,0.0,0.0,0.0,1.0,0.0,1.0,0.0,0.0,2.0,0.0,0.0,0.0,0.0,0.0,0.0,0.0,0.0,0.0,1.0,0.0,0.0,1.0,0.0,1.0,0.0,0.0,0.0,0.0,2.0,0.0,0.0,0.0,0.0,0.0,1.0,0.0,4.0,4.0,9.0,5.0,0.0,0.0,0.0,0.0,0.0,0.0,0.0,0.0,1.0,0.0,0.0,3.0,0.0,3.0,0.0,0.0,0.0,0.0,2.0,0.0,0.0,0.0,0.0,0.0,2.0,0.0,6.0,6.0,14.0,9.0
1116,1.0,1116.0,London_141,cons,151,453,1092.0,70.0,2.0,161721.0,1.0875662467442453,814.0,102.0,0.0,102.0,175.0,0.0,175.0,66.0,312.0,71.0,24.0,27.0,5.0,12.0,1.0,1.0,6.0,82.0,163.0,202.0,15.0,0.0,0.0,0.0,0.0,0.0,0.0,0.0,0.0,0.0,23.0,0.0,0.0,0.0,16.0,0.0,2.0,0.0,5.0,0.0,23.0,0.0,0.0,0.0,0.0,0.0,0.0,0.0,0.0,0.0,0.0,0.0,0.0,0.0,0.0,0.0,0.0,0.0,0.0,6.0,11.0,6.0,0.0,5.0,24.0,12.0,11.0,16.0,14.0,24.0,21.0,0.0,0.0,0.0,0.0,0.0,0.0,0.0,0.0,0.0,0.0,0.0,0.0,0.0,0.0,0.0,0.0,0.0,0.0,7.0,17.0,6.0,0.0,5.0,33.0,15.0,17.0,23.0,21.0,34.0,24.0
1117,1.0,1117.0,London_141,cons,151,453,1092.0,70.0,2.0,159456.0,0.8760699890553951,809.0,97.0,0.0,97.0,170.0,0.0,170.0,138.0,318.0,68.0,11.0,35.0,6.0,12.0,2.0,1.0,5.0,80.0,161.0,207.0,20.0,6.0,6.0,0.0,0.0,0.0,0.0,0.0,0.0,0.0,19.0,0.0,0.0,0.0,14.0,0.0,0.0,0.0,5.0,0.0,19.0,0.0,0.0,0.0,0.0,0.0,0.0,0.0,0.0,0.0,0.0,0.0,0.0,0.0,0.0,0.0,0.0,0.0,0.0,8.0,10.0,5.0,2.0,5.0,15.0,11.0,14.0,16.0,20.0,22.0,22.0,0.0,0.0,0.0,0.0,0.0,0.0,0.0,0.0,0.0,0.0,0.0,0.0,0.0,0.0,0.0,0.0,0.0,0.0,8.0,12.0,5.0,2.0,5.0,18.0,12.0,18.0,25.0,29.0,34.0,28.0
1118,1.0,1118.0,London_141,cons,151,453,1092.0,70.0,2.0,147678.0,0.9513876661658287,783.0,61.0,2.0,59.0,114.0,17.0,97.0,151.0,315.0,67.0,11.0,43.0,8.0,7.0,0.0,2.0,6.0,85.0,163.0,199.0,23.0,2.0,2.0,0.0,0.0,0.0,0.0,0.0,0.0,0.0,5.0,0.0,1.0,0.0,0.0,0.0,1.0,0.0,3.0,2.0,3.0,0.0,0.0,0.0,0.0,0.0,0.0,0.0,0.0,0.0,0.0,0.0,1.0,0.0,0.0,0.0,0.0,0.0,0.0,0.0,5.0,5.0,0.0,2.0,7.0,1.0,8.0,3.0,14.0,14.0,20.0,0.0,0.0,0.0,0.0,0.0,0.0,0.0,0.0,0.0,0.0,0.0,4.0,0.0,0.0,0.0,0.0,0.0,0.0,0.0,7.0,5.0,0.0,2.0,8.0,3.0,11.0,5.0,23.0,19.0,24.0
1119,1.0,1119.0,London_141,cons,151,453,1092.0,70.0,2.0,150849.0,1.063277147244662,790.0,82.0,0.0,82.0,146.0,0.0,146.0,103.0,316.0,73.0,7.0,30.0,8.0,15.0,1.0,3.0,6.0,79.0,167.0,201.0,22.0,6.0,6.0,0.0,0.0,0.0,0.0,0.0,0.0,0.0,25.0,0.0,0.0,3.0,22.0,0.0,0.0,0.0,0.0,0.0,25.0,0.0,0.0,0.0,0.0,0.0,0.0,0.0,0.0,0.0,0.0,0.0,0.0,0.0,0.0,0.0,0.0,0.0,0.0,6.0,7.0,8.0,1.0,4.0,11.0,12.0,12.0,8.0,10.0,13.0,18.0,0.0,0.0,0.0,0.0,0.0,0.0,0.0,0.0,0.0,0.0,0.0,0.0,0.0,0.0,0.0,0.0,0.0,0.0,9.0,8.0,9.0,1.0,4.0,17.0,17.0,18.0,11.0,14.0,21.0,24.0
1120,1.0,1120.0,London_141,cons,151,453,1092.0,70.0,2.0,150849.0,0.8421461982652545,790.0,116.0,2.0,114.0,215.0,17.0,198.0,117.0,307.0,86.0,5.0,38.0,6.0,10.0,0.0,1.0,5.0,89.0,154.0,205.0,17.0,4.0,4.0,0.0,0.0,0.0,0.0,0.0,0.0,0.0,28.0,0.0,0.0,0.0,18.0,0.0,3.0,0.0,7.0,2.0,26.0,0.0,0.0,0.0,0.0,0.0,0.0,0.0,0.0,0.0,0.0,0.0,0.0,0.0,0.0,0.0,0.0,0.0,0.0,9.0,7.0,3.0,1.0,9.0,19.0,8.0,15.0,14.0,19.0,18.0,31.0,0.0,0.0,0.0,0.0,0.0,0.0,0.0,0.0,0.0,0.0,0.0,0.0,0.0,0.0,0.0,0.0,0.0,0.0,11.0,8.0,3.0,3.0,9.0,23.0,12.0,22.0,16.0,31.0,24.0,47.0
1121,1.0,1121.0,London_141,cons,151,453,1092.0,70.0,2.0,138165.0,0.7642836109735072,762.0,28.0,0.0,28.0,48.0,0.0,48.0,160.0,305.0,57.0,15.0,50.0,4.0,15.0,1.0,6.0,6.0,85.0,153.0,209.0,17.0,6.0,6.0,0.0,0.0,0.0,0.0,0.0,0.0,0.0,0.0,0.0,0.0,0.0,0.0,0.0,0.0,0.0,0.0,0.0,0.0,0.0,0.0,0.0,0.0,0.0,0.0,0.0,0.0,0.0,0.0,0.0,0.0,0.0,0.0,0.0,0.0,0.0,0.0,3.0,2.0,1.0,1.0,0.0,3.0,4.0,3.0,7.0,10.0,7.0,10.0,0.0,0.0,0.0,0.0,0.0,0.0,0.0,0.0,0.0,0.0,0.0,0.0,0.0,0.0,0.0,0.0,0.0,0.0,5.0,3.0,1.0,3.0,0.0,4.0,5.0,5.0,10.0,14.0,10.0,14.0
1122,1.0,1122.0,London_141,cons,151,453,1092.0,70.0,2.0,169875.0,0.9709076480939984,832.0,125.0,1.0,124.0,213.0,8.0,205.0,54.0,296.0,70.0,16.0,48.0,6.0,12.0,1.0,4.0,6.0,80.0,162.0,205.0,16.0,2.0,2.0,0.0,0.0,0.0,0.0,0.0,0.0,0.0,27.0,0.0,0.0,0.0,19.0,0.0,8.0,0.0,0.0,1.0,26.0,0.0,0.0,0.0,0.0,0.0,0.0,0.0,0.0,0.0,0.0,0.0,0.0,0.0,1.0,0.0,0.0,0.0,0.0,10.0,4.0,2.0,2.0,11.0,19.0,15.0,9.0,15.0,21.0,28.0,26.0,0.0,0.0,0.0,0.0,0.0,0.0,0.0,0.0,0.0,0.0,0.0,0.0,0.0,2.0,0.0,0.0,0.0,0.0,11.0,4.0,2.0,3.0,12.0,23.0,19.0,15.0,19.0,33.0,40.0,31.0
1123,1.0,1123.0,London_141,cons,151,453,1092.0,70.0,2.0,145866.0,0.8396012671291828,779.0,108.0,2.0,106.0,214.0,18.0,196.0,173.0,306.0,60.0,14.0,52.0,4.0,13.0,0.0,4.0,6.0,75.0,163.0,209.0,21.0,4.0,4.0,0.0,0.0,0.0,0.0,0.0,0.0,0.0,34.0,0.0,6.0,0.0,28.0,0.0,0.0,0.0,0.0,2.0,32.0,0.0,0.0,0.0,0.0,0.0,0.0,0.0,0.0,0.0,0.0,0.0,0.0,0.0,0.0,0.0,0.0,0.0,0.0,3.0,3.0,10.0,1.0,8.0,13.0,11.0,3.0,13.0,20.0,13.0,24.0,0.0,0.0,0.0,0.0,0.0,0.0,0.0,0.0,0.0,0.0,0.0,0.0,0.0,0.0,0.0,0.0,0.0,0.0,3.0,5.0,11.0,3.0,8.0,17.0,20.0,4.0,21.0,35.0,22.0,33.0
1124,1.0,1124.0,London_141,cons,151,453,1092.0,70.0,2.0,130464.0,0.669558699708432,745.0,36.0,0.0,36.0,56.0,0.0,56.0,153.0,305.0,47.0,19.0,47.0,9.0,19.0,1.0,6.0,8.0,71.0,173.0,201.0,25.0,5.0,5.0,0.0,0.0,0.0,0.0,0.0,0.0,0.0,1.0,0.0,0.0,0.0,0.0,0.0,0.0,1.0,0.0,0.0,1.0,0.0,0.0,0.0,0.0,0.0,0.0,0.0,0.0,0.0,0.0,0.0,0.0,0.0,0.0,0.0,0.0,0.0,0.0,3.0,1.0,0.0,0.0,1.0,7.0,4.0,6.0,6.0,8.0,5.0,10.0,0.0,0.0,0.0,0.0,0.0,0.0,0.0,0.0,0.0,0.0,0.0,0.0,0.0,0.0,0.0,0.0,0.0,0.0,3.0,1.0,0.0,0.0,1.0,9.0,6.0,7.0,9.0,12.0,9.0,14.0
1125,1.0,1125.0,London_141,cons,151,453,1092.0,70.0,2.0,152661.0,0.8926596608944237,794.0,51.0,2.0,49.0,107.0,19.0,88.0,60.0,301.0,52.0,21.0,43.0,8.0,19.0,1.0,8.0,7.0,74.0,169.0,203.0,23.0,0.0,0.0,0.0,0.0,0.0,0.0,0.0,0.0,0.0,2.0,0.0,1.0,0.0,0.0,0.0,1.0,0.0,0.0,2.0,0.0,0.0,0.0,0.0,0.0,0.0,0.0,0.0,0.0,2.0,0.0,0.0,0.0,0.0,0.0,1.0,0.0,0.0,0.0,2.0,2.0,0.0,0.0,0.0,2.0,4.0,1.0,3.0,7.0,14.0,5.0,0.0,0.0,0.0,0.0,0.0,0.0,0.0,0.0,2.0,0.0,0.0,0.0,0.0,0.0,2.0,0.0,0.0,0.0,3.0,3.0,0.0,0.0,0.0,3.0,5.0,1.0,4.0,10.0,20.0,7.0
1126,1.0,1126.0,London_141,cons,151,453,1092.0,70.0,2.0,166704.0,0.9449807689525187,825.0,123.0,0.0,123.0,209.0,0.0,209.0,98.0,306.0,68.0,29.0,22.0,6.0,16.0,0.0,6.0,4.0,84.0,165.0,200.0,16.0,4.0,4.0,0.0,0.0,0.0,0.0,0.0,0.0,0.0,52.0,0.0,11.0,0.0,37.0,0.0,0.0,2.0,2.0,0.0,52.0,0.0,0.0,0.0,0.0,0.0,0.0,0.0,0.0,0.0,0.0,0.0,0.0,0.0,0.0,0.0,0.0,0.0,0.0,8.0,17.0,2.0,3.0,8.0,17.0,10.0,12.0,13.0,20.0,24.0,19.0,0.0,0.0,0.0,0.0,0.0,0.0,0.0,0.0,0.0,0.0,0.0,0.0,0.0,0.0,0.0,0.0,0.0,0.0,9.0,24.0,2.0,3.0,10.0,20.0,15.0,15.0,19.0,25.0,35.0,23.0
1127,1.0,1127.0,London_141,cons,151,453,1092.0,70.0,2.0,146319.0,1.1383166178129613,780.0,81.0,0.0,81.0,141.0,0.0,141.0,138.0,319.0,46.0,30.0,38.0,8.0,8.0,0.0,4.0,3.0,83.0,151.0,216.0,21.0,2.0,2.0,0.0,0.0,0.0,0.0,0.0,0.0,0.0,15.0,0.0,2.0,0.0,8.0,0.0,0.0,1.0,4.0,0.0,15.0,0.0,0.0,0.0,0.0,0.0,0.0,0.0,0.0,0.0,0.0,0.0,0.0,0.0,0.0,0.0,0.0,0.0,0.0,6.0,9.0,2.0,0.0,4.0,20.0,8.0,13.0,17.0,14.0,21.0,23.0,0.0,0.0,0.0,0.0,0.0,0.0,0.0,0.0,0.0,0.0,0.0,0.0,0.0,0.0,0.0,0.0,0.0,0.0,8.0,11.0,2.0,0.0,4.0,28.0,14.0,19.0,30.0,20.0,34.0,29.0
1128,1.0,1128.0,London_141,cons,151,453,1092.0,70.0,2.0,140883.0,0.7555601522326469,768.0,105.0,3.0,102.0,204.0,25.0,179.0,119.0,321.0,37.0,25.0,41.0,11.0,11.0,3.0,4.0,6.0,85.0,163.0,199.0,15.0,1.0,1.0,0.0,0.0,0.0,0.0,0.0,0.0,0.0,43.0,0.0,23.0,0.0,17.0,1.0,2.0,0.0,0.0,3.0,40.0,0.0,0.0,0.0,0.0,0.0,0.0,0.0,0.0,0.0,2.0,0.0,0.0,1.0,0.0,0.0,0.0,0.0,0.0,4.0,1.0,3.0,1.0,0.0,1.0,3.0,3.0,4.0,10.0,22.0,8.0,0.0,0.0,0.0,0.0,0.0,0.0,0.0,0.0,0.0,5.0,0.0,0.0,1.0,0.0,0.0,0.0,0.0,0.0,4.0,1.0,3.0,2.0,0.0,1.0,6.0,3.0,4.0,15.0,29.0,9.0
1129,1.0,1129.0,London_141,cons,151,453,1092.0,70.0,2.0,134994.0,0.834025708027184,755.0,22.0,1.0,21.0,46.0,10.0,36.0,126.0,317.0,41.0,21.0,51.0,3.0,13.0,1.0,6.0,8.0,78.0,156.0,211.0,16.0,7.0,7.0,0.0,0.0,0.0,0.0,0.0,0.0,0.0,1.0,0.0,0.0,0.0,1.0,0.0,0.0,0.0,0.0,1.0,0.0,0.0,0.0,0.0,0.0,0.0,0.0,0.0,0.0,1.0,0.0,0.0,1.0,0.0,0.0,1.0,0.0,0.0,0.0,0.0,0.0,0.0,0.0,0.0,0.0,1.0,3.0,0.0,4.0,7.0,1.0,0.0,0.0,0.0,0.0,0.0,0.0,0.0,0.0,1.0,0.0,0.0,3.0,0.0,0.0,2.0,0.0,0.0,0.0,0.0,0.0,0.0,0.0,0.0,0.0,1.0,6.0,0.0,6.0,13.0,1.0
1130,1.0,1130.0,London_141,cons,151,453,1092.0,70.0,2.0,163533.0,0.9684557006694376,818.0,109.0,1.0,108.0,191.0,7.0,184.0,49.0,315.0,41.0,15.0,52.0,4.0,17.0,1.0,8.0,5.0,72.0,159.0,217.0,13.0,5.0,5.0,0.0,0.0,0.0,0.0,0.0,0.0,0.0,23.0,0.0,17.0,1.0,5.0,0.0,0.0,0.0,0.0,1.0,22.0,0.0,0.0,0.0,0.0,0.0,0.0,0.0,0.0,0.0,0.0,0.0,0.0,0.0,0.0,0.0,0.0,0.0,0.0,12.0,10.0,2.0,5.0,5.0,23.0,13.0,15.0,17.0,19.0,18.0,30.0,0.0,0.0,0.0,0.0,0.0,0.0,0.0,0.0,0.0,0.0,0.0,0.0,0.0,0.0,0.0,0.0,0.0,0.0,14.0,15.0,2.0,6.0,5.0,32.0,22.0,24.0,23.0,27.0,25.0,43.0
1131,1.0,1131.0,London_141,cons,151,453,1092.0,70.0,2.0,149037.0,0.8825076781213284,786.0,78.0,0.0,78.0,138.0,0.0,138.0,153.0,311.0,53.0,14.0,46.0,3.0,18.0,2.0,6.0,5.0,79.0,162.0,207.0,19.0,0.0,0.0,0.0,0.0,0.0,0.0,0.0,0.0,0.0,12.0,0.0,0.0,0.0,5.0,2.0,5.0,0.0,0.0,0.0,12.0,0.0,0.0,0.0,0.0,0.0,0.0,0.0,0.0,0.0,0.0,0.0,0.0,0.0,0.0,0.0,0.0,0.0,0.0,7.0,12.0,4.0,3.0,5.0,17.0,7.0,10.0,19.0,18.0,22.0,20.0,0.0,0.0,0.0,0.0,0.0,0.0,0.0,0.0,0.0,0.0,0.0,0.0,0.0,0.0,0.0,0.0,0.0,0.0,11.0,20.0,5.0,4.0,5.0,20.0,9.0,13.0,26.0,24.0,33.0,27.0
1132,1.0,1132.0,London_141,cons,151,453,1092.0,70.0,2.0,151302.0,0.8373313187621534,791.0,82.0,2.0,80.0,155.0,19.0,136.0,125.0,322.0,49.0,21.0,40.0,3.0,9.0,3.0,6.0,4.0,77.0,166.0,206.0,17.0,3.0,3.0,0.0,0.0,0.0,0.0,0.0,0.0,0.0,14.0,0.0,0.0,0.0,11.0,0.0,3.0,0.0,0.0,1.0,13.0,0.0,0.0,0.0,0.0,0.0,0.0,0.0,0.0,0.0,0.0,0.0,0.0,0.0,0.0,0.0,0.0,0.0,0.0,8.0,10.0,5.0,1.0,4.0,14.0,18.0,12.0,21.0,16.0,14.0,21.0,0.0,0.0,0.0,0.0,0.0,0.0,0.0,0.0,0.0,0.0,0.0,0.0,0.0,0.0,0.0,0.0,0.0,0.0,10.0,11.0,5.0,1.0,4.0,19.0,26.0,16.0,32.0,27.0,17.0,29.0
1133,1.0,1133.0,London_141,cons,151,453,1092.0,70.0,2.0,158550.0,0.956292268820107,807.0,112.0,0.0,112.0,185.0,0.0,185.0,131.0,310.0,62.0,26.0,39.0,0.0,7.0,4.0,5.0,4.0,77.0,161.0,211.0,11.0,6.0,6.0,0.0,0.0,0.0,0.0,0.0,0.0,0.0,26.0,0.0,4.0,0.0,18.0,3.0,1.0,0.0,0.0,0.0,26.0,0.0,0.0,0.0,0.0,0.0,0.0,0.0,0.0,0.0,0.0,0.0,0.0,0.0,0.0,0.0,0.0,0.0,0.0,5.0,9.0,13.0,0.0,6.0,13.0,12.0,7.0,7.0,9.0,27.0,26.0,0.0,0.0,0.0,0.0,0.0,0.0,0.0,0.0,0.0,0.0,0.0,0.0,0.0,0.0,0.0,0.0,0.0,0.0,6.0,13.0,15.0,0.0,7.0,16.0,17.0,10.0,8.0,15.0,39.0,31.0
1134,1.0,1134.0,London_141,cons,151,453,1092.0,70.0,2.0,143148.0,0.9412062163464725,773.0,44.0,0.0,44.0,75.0,0.0,75.0,153.0,305.0,64.0,16.0,40.0,4.0,19.0,3.0,2.0,5.0,85.0,151.0,212.0,26.0,11.0,11.0,0.0,0.0,0.0,0.0,0.0,0.0,0.0,1.0,0.0,0.0,0.0,0.0,0.0,0.0,1.0,0.0,0.0,1.0,0.0,0.0,0.0,0.0,0.0,0.0,0.0,0.0,0.0,0.0,0.0,0.0,0.0,0.0,0.0,0.0,0.0,0.0,8.0,5.0,1.0,3.0,2.0,7.0,6.0,9.0,13.0,10.0,11.0,12.0,0.0,0.0,0.0,0.0,0.0,0.0,0.0,0.0,0.0,0.0,0.0,0.0,0.0,0.0,0.0,0.0,0.0,0.0,11.0,6.0,1.0,4.0,2.0,11.0,7.0,12.0,18.0,15.0,16.0,15.0
1135,1.0,1135.0,London_141,cons,151,453,1092.0,70.0,2.0,155832.0,0.8680916391313076,801.0,56.0,0.0,56.0,100.0,0.0,100.0,85.0,300.0,61.0,23.0,34.0,6.0,22.0,1.0,6.0,4.0,86.0,134.0,229.0,26.0,0.0,0.0,0.0,0.0,0.0,0.0,0.0,0.0,0.0,1.0,0.0,1.0,0.0,0.0,0.0,0.0,0.0,0.0,0.0,1.0,0.0,0.0,0.0,0.0,0.0,0.0,0.0,0.0,0.0,0.0,0.0,0.0,0.0,0.0,0.0,0.0,0.0,0.0,3.0,1.0,0.0,1.0,1.0,7.0,4.0,4.0,7.0,6.0,11.0,9.0,0.0,0.0,0.0,0.0,0.0,0.0,0.0,0.0,0.0,0.0,0.0,0.0,0.0,0.0,0.0,0.0,0.0,0.0,5.0,1.0,0.0,1.0,1.0,10.0,5.0,5.0,11.0,8.0,15.0,11.0
1136,1.0,1136.0,London_141,cons,151,453,1092.0,70.0,2.0,164892.0,0.9471866060048342,821.0,62.0,2.0,60.0,126.0,17.0,109.0,100.0,309.0,38.0,25.0,44.0,6.0,26.0,1.0,4.0,5.0,78.0,139.0,231.0,24.0,7.0,7.0,0.0,0.0,0.0,0.0,0.0,0.0,0.0,12.0,0.0,5.0,0.0,7.0,0.0,0.0,0.0,0.0,2.0,10.0,0.0,0.0,0.0,0.0,0.0,0.0,0.0,0.0,0.0,0.0,0.0,0.0,0.0,0.0,1.0,0.0,0.0,0.0,5.0,2.0,0.0,0.0,6.0,8.0,6.0,6.0,12.0,10.0,13.0,13.0,0.0,0.0,0.0,0.0,0.0,0.0,0.0,0.0,0.0,0.0,0.0,0.0,0.0,0.0,1.0,0.0,0.0,0.0,7.0,2.0,0.0,0.0,6.0,13.0,8.0,9.0,17.0,16.0,19.0,16.0
1137,1.0,1137.0,London_141,cons,151,453,1092.0,70.0,2.0,179388.0,1.1633247002027929,853.0,126.0,2.0,124.0,224.0,18.0,206.0,111.0,301.0,29.0,36.0,46.0,10.0,24.0,1.0,6.0,7.0,78.0,139.0,229.0,16.0,4.0,4.0,0.0,0.0,0.0,0.0,0.0,0.0,0.0,54.0,0.0,34.0,0.0,18.0,0.0,0.0,1.0,1.0,2.0,52.0,0.0,0.0,0.0,0.0,0.0,0.0,0.0,0.0,0.0,0.0,0.0,0.0,0.0,0.0,0.0,0.0,0.0,0.0,3.0,0.0,1.0,1.0,1.0,6.0,2.0,0.0,15.0,19.0,19.0,16.0,0.0,0.0,0.0,0.0,0.0,0.0,0.0,0.0,0.0,0.0,0.0,0.0,0.0,0.0,0.0,0.0,0.0,0.0,4.0,0.0,1.0,1.0,1.0,9.0,2.0,0.0,16.0,28.0,28.0,19.0
1138,1.0,1138.0,London_141,cons,151,453,1092.0,70.0,2.0,159003.0,0.8090056800283492,808.0,123.0,0.0,123.0,202.0,0.0,202.0,131.0,302.0,45.0,26.0,46.0,11.0,19.0,0.0,4.0,7.0,85.0,137.0,224.0,18.0,0.0,0.0,0.0,0.0,0.0,0.0,0.0,0.0,0.0,33.0,0.0,15.0,0.0,15.0,0.0,0.0,2.0,1.0,0.0,33.0,0.0,0.0,0.0,0.0,0.0,0.0,0.0,0.0,0.0,0.0,0.0,0.0,0.0,0.0,0.0,0.0,0.0,0.0,3.0,2.0,2.0,0.0,3.0,4.0,5.0,7.0,7.0,16.0,19.0,14.0,0.0,0.0,0.0,0.0,0.0,0.0,0.0,0.0,0.0,0.0,0.0,0.0,0.0,0.0,0.0,0.0,0.0,0.0,3.0,3.0,2.0,0.0,3.0,5.0,8.0,11.0,9.0,25.0,25.0,23.0
1139,1.0,1139.0,London_141,cons,151,453,1092.0,70.0,2.0,143148.0,0.7393426350317895,773.0,116.0,2.0,114.0,223.0,19.0,204.0,148.0,314.0,61.0,12.0,36.0,13.0,15.0,1.0,1.0,8.0,75.0,139.0,231.0,19.0,1.0,1.0,0.0,0.0,0.0,0.0,0.0,0.0,0.0,41.0,0.0,7.0,0.0,24.0,1.0,1.0,1.0,7.0,2.0,39.0,0.0,0.0,0.0,0.0,0.0,0.0,0.0,0.0,0.0,0.0,0.0,1.0,0.0,1.0,1.0,0.0,0.0,0.0,6.0,0.0,3.0,0.0,1.0,4.0,7.0,3.0,7.0,17.0,19.0,6.0,0.0,0.0,0.0,0.0,0.0,0.0,0.0,0.0,0.0,0.0,0.0,4.0,0.0,3.0,3.0,0.0,0.0,0.0,8.0,0.0,3.0,0.0,1.0,4.0,8.0,6.0,11.0,21.0,32.0,7.0
1140,1.0,1140.0,London_141,cons,151,453,1092.0,70.0,2.0,125028.0,0.647781269159168,733.0,61.0,1.0,60.0,112.0,9.0,103.0,150.0,316.0,41.0,15.0,56.0,4.0,18.0,0.0,3.0,5.0,65.0,136.0,247.0,22.0,7.0,7.0,0.0,0.0,0.0,0.0,0.0,0.0,0.0,1.0,0.0,0.0,0.0,0.0,0.0,1.0,0.0,0.0,1.0,0.0,0.0,0.0,0.0,0.0,0.0,0.0,0.0,0.0,1.0,0.0,0.0,0.0,0.0,1.0,1.0,0.0,0.0,0.0,0.0,4.0,5.0,1.0,0.0,9.0,4.0,1.0,5.0,15.0,13.0,3.0,0.0,0.0,0.0,0.0,0.0,0.0,0.0,0.0,2.0,0.0,0.0,0.0,0.0,4.0,2.0,0.0,0.0,0.0,0.0,5.0,6.0,2.0,0.0,13.0,7.0,1.0,5.0,23.0,20.0,3.0
1141,1.0,1141.0,London_141,cons,151,453,1092.0,70.0,2.0,132276.0,0.6564177060499787,749.0,10.0,0.0,10.0,19.0,0.0,19.0,115.0,311.0,43.0,16.0,56.0,7.0,16.0,1.0,3.0,6.0,59.0,135.0,253.0,25.0,6.0,6.0,0.0,0.0,0.0,0.0,0.0,0.0,0.0,0.0,0.0,0.0,0.0,0.0,0.0,0.0,0.0,0.0,0.0,0.0,0.0,0.0,0.0,0.0,0.0,0.0,0.0,0.0,0.0,0.0,0.0,0.0,0.0,0.0,0.0,0.0,0.0,0.0,3.0,0.0,1.0,0.0,0.0,5.0,1.0,1.0,2.0,1.0,5.0,1.0,0.0,0.0,0.0,0.0,0.0,0.0,0.0,0.0,0.0,0.0,0.0,0.0,0.0,0.0,0.0,0.0,0.0,0.0,4.0,0.0,1.0,0.0,0.0,8.0,1.0,2.0,4.0,1.0,7.0,1.0
1142,1.0,1142.0,London_141,cons,151,453,1092.0,70.0,2.0,162627.0,0.8090952029451728,816.0,57.0,0.0,57.0,98.0,0.0,98.0,25.0,305.0,43.0,19.0,55.0,7.0,20.0,1.0,3.0,6.0,62.0,137.0,248.0,23.0,2.0,2.0,0.0,0.0,0.0,0.0,0.0,0.0,0.0,0.0,0.0,0.0,0.0,0.0,0.0,0.0,0.0,0.0,0.0,0.0,0.0,0.0,0.0,0.0,0.0,0.0,0.0,0.0,0.0,0.0,0.0,0.0,0.0,0.0,0.0,0.0,0.0,0.0,6.0,12.0,1.0,4.0,3.0,10.0,5.0,11.0,10.0,12.0,12.0,11.0,0.0,0.0,0.0,0.0,0.0,0.0,0.0,0.0,0.0,0.0,0.0,0.0,0.0,0.0,0.0,0.0,0.0,0.0,10.0,24.0,1.0,6.0,3.0,16.0,10.0,18.0,15.0,22.0,16.0,14.0
1143,1.0,1143.0,London_141,cons,151,453,1092.0,70.0,2.0,187542.0,1.0697257011197507,871.0,117.0,1.0,116.0,225.0,10.0,215.0,101.0,314.0,38.0,26.0,49.0,9.0,11.0,2.0,4.0,9.0,55.0,149.0,240.0,18.0,1.0,1.0,0.0,0.0,0.0,0.0,0.0,0.0,0.0,49.0,0.0,25.0,0.0,19.0,0.0,4.0,0.0,1.0,1.0,48.0,0.0,0.0,0.0,0.0,0.0,0.0,0.0,0.0,0.0,0.0,0.0,0.0,0.0,0.0,0.0,0.0,0.0,0.0,6.0,11.0,8.0,3.0,5.0,15.0,19.0,11.0,20.0,16.0,18.0,31.0,0.0,0.0,0.0,0.0,0.0,0.0,0.0,0.0,0.0,0.0,0.0,0.0,0.0,0.0,0.0,0.0,0.0,0.0,6.0,11.0,8.0,3.0,5.0,19.0,30.0,15.0,27.0,23.0,21.0,47.0
1144,1.0,1144.0,London_141,cons,151,453,1092.0,70.0,2.0,183012.0,1.1460320819169283,861.0,122.0,0.0,122.0,204.0,0.0,204.0,140.0,326.0,62.0,12.0,36.0,4.0,8.0,0.0,5.0,8.0,67.0,145.0,233.0,16.0,1.0,1.0,0.0,0.0,0.0,0.0,0.0,0.0,0.0,44.0,0.0,3.0,0.0,33.0,0.0,4.0,4.0,0.0,0.0,44.0,0.0,0.0,0.0,0.0,0.0,0.0,0.0,0.0,0.0,0.0,0.0,0.0,0.0,0.0,0.0,0.0,0.0,0.0,5.0,16.0,11.0,2.0,6.0,18.0,5.0,8.0,18.0,18.0,26.0,18.0,0.0,0.0,0.0,0.0,0.0,0.0,0.0,0.0,0.0,0.0,0.0,0.0,0.0,0.0,0.0,0.0,0.0,0.0,5.0,18.0,12.0,2.0,7.0,24.0,7.0,11.0,24.0,27.0,32.0,24.0
1145,1.0,1145.0,London_141,cons,151,453,1092.0,70.0,2.0,167610.0,1.0831205658614635,827.0,94.0,2.0,92.0,167.0,17.0,150.0,139.0,329.0,59.0,11.0,35.0,4.0,9.0,0.0,6.0,7.0,69.0,137.0,240.0,26.0,10.0,10.0,0.0,0.0,0.0,0.0,0.0,0.0,0.0,30.0,0.0,2.0,0.0,26.0,0.0,0.0,2.0,0.0,2.0,28.0,0.0,0.0,0.0,0.0,0.0,0.0,0.0,0.0,1.0,0.0,0.0,0.0,0.0,0.0,1.0,0.0,0.0,0.0,1.0,1.0,0.0,1.0,0.0,4.0,2.0,5.0,6.0,11.0,18.0,10.0,0.0,0.0,0.0,0.0,0.0,0.0,0.0,0.0,3.0,0.0,0.0,0.0,0.0,0.0,1.0,0.0,0.0,0.0,1.0,1.0,0.0,1.0,0.0,5.0,3.0,8.0,9.0,14.0,23.0,14.0
1146,1.0,1146.0,London_141,cons,151,453,1092.0,70.0,2.0,177123.0,1.0020483639091253,848.0,101.0,1.0,100.0,196.0,12.0,184.0,128.0,332.0,52.0,7.0,33.0,7.0,18.0,0.0,4.0,11.0,67.0,146.0,229.0,24.0,6.0,6.0,0.0,0.0,0.0,0.0,0.0,0.0,0.0,39.0,0.0,11.0,1.0,25.0,0.0,1.0,0.0,1.0,1.0,38.0,0.0,0.0,0.0,0.0,0.0,0.0,0.0,0.0,0.0,0.0,0.0,1.0,0.0,0.0,1.0,0.0,0.0,0.0,7.0,5.0,4.0,1.0,4.0,17.0,11.0,17.0,13.0,15.0,14.0,18.0,0.0,0.0,0.0,0.0,0.0,0.0,0.0,0.0,0.0,0.0,0.0,1.0,0.0,0.0,1.0,0.0,0.0,0.0,8.0,6.0,5.0,1.0,4.0,22.0,13.0,24.0,19.0,25.0,17.0,25.0
1147,1.0,1147.0,London_141,cons,151,453,1092.0,70.0,2.0,162174.0,0.9512004181742668,815.0,78.0,2.0,76.0,148.0,19.0,129.0,136.0,332.0,50.0,7.0,39.0,7.0,16.0,0.0,2.0,13.0,64.0,141.0,235.0,25.0,0.0,0.0,0.0,0.0,0.0,0.0,0.0,0.0,0.0,21.0,0.0,0.0,3.0,11.0,0.0,1.0,2.0,4.0,2.0,19.0,0.0,0.0,0.0,0.0,0.0,0.0,0.0,0.0,1.0,0.0,0.0,0.0,0.0,1.0,1.0,0.0,0.0,0.0,0.0,4.0,1.0,0.0,0.0,2.0,3.0,2.0,9.0,10.0,12.0,12.0,0.0,0.0,0.0,0.0,0.0,0.0,0.0,0.0,2.0,0.0,0.0,0.0,0.0,6.0,3.0,0.0,0.0,0.0,0.0,5.0,1.0,0.0,0.0,4.0,4.0,4.0,11.0,17.0,15.0,16.0
1148,1.0,1148.0,London_141,cons,151,453,1092.0,70.0,2.0,159909.0,0.9339757086709142,810.0,20.0,0.0,20.0,33.0,0.0,33.0,111.0,337.0,51.0,5.0,34.0,6.0,18.0,0.0,2.0,9.0,57.0,136.0,251.0,15.0,5.0,5.0,0.0,0.0,0.0,0.0,0.0,0.0,0.0,0.0,0.0,0.0,0.0,0.0,0.0,0.0,0.0,0.0,0.0,0.0,0.0,0.0,0.0,0.0,0.0,0.0,0.0,0.0,0.0,0.0,0.0,0.0,0.0,0.0,0.0,0.0,0.0,0.0,0.0,3.0,1.0,0.0,1.0,3.0,2.0,6.0,1.0,3.0,5.0,7.0,0.0,0.0,0.0,0.0,0.0,0.0,0.0,0.0,0.0,0.0,0.0,0.0,0.0,0.0,0.0,0.0,0.0,0.0,0.0,4.0,1.0,0.0,1.0,3.0,5.0,11.0,2.0,4.0,10.0,7.0
1149,1.0,1149.0,London_141,cons,151,453,1092.0,70.0,2.0,199320.0,1.2027746150270104,897.0,124.0,0.0,124.0,208.0,0.0,208.0,40.0,334.0,56.0,5.0,28.0,7.0,20.0,1.0,2.0,8.0,60.0,136.0,249.0,15.0,4.0,4.0,0.0,0.0,0.0,0.0,0.0,0.0,0.0,45.0,0.0,11.0,12.0,21.0,0.0,0.0,0.0,1.0,0.0,45.0,0.0,0.0,0.0,0.0,0.0,0.0,0.0,0.0,0.0,0.0,0.0,0.0,0.0,0.0,0.0,0.0,0.0,0.0,10.0,6.0,8.0,1.0,7.0,15.0,13.0,14.0,17.0,14.0,26.0,33.0,0.0,0.0,0.0,0.0,0.0,0.0,0.0,0.0,0.0,0.0,0.0,0.0,0.0,0.0,0.0,0.0,0.0,0.0,11.0,6.0,8.0,1.0,8.0,21.0,17.0,20.0,24.0,16.0,32.0,40.0
1150,1.0,1150.0,London_141,cons,151,453,1092.0,70.0,2.0,197055.0,1.155404414050281,892.0,184.0,1.0,183.0,307.0,9.0,298.0,139.0,326.0,53.0,10.0,43.0,7.0,10.0,0.0,4.0,9.0,63.0,155.0,226.0,15.0,1.0,1.0,0.0,0.0,0.0,0.0,0.0,0.0,0.0,106.0,0.0,34.0,12.0,56.0,0.0,1.0,3.0,0.0,1.0,105.0,0.0,0.0,0.0,0.0,0.0,0.0,0.0,0.0,1.0,0.0,0.0,0.0,0.0,0.0,1.0,0.0,0.0,0.0,7.0,1.0,2.0,1.0,5.0,10.0,12.0,8.0,19.0,19.0,32.0,24.0,0.0,0.0,0.0,0.0,0.0,0.0,0.0,0.0,1.0,0.0,0.0,0.0,0.0,0.0,1.0,0.0,0.0,0.0,8.0,1.0,3.0,1.0,6.0,14.0,16.0,10.0,23.0,24.0,36.0,32.0
1151,1.0,1151.0,London_141,cons,151,453,1092.0,70.0,2.0,155832.0,0.8777619968168437,801.0,87.0,0.0,87.0,146.0,0.0,146.0,151.0,318.0,53.0,10.0,48.0,3.0,15.0,1.0,5.0,10.0,70.0,149.0,224.0,15.0,3.0,3.0,0.0,0.0,0.0,0.0,0.0,0.0,0.0,11.0,0.0,0.0,5.0,5.0,1.0,0.0,0.0,0.0,0.0,11.0,0.0,0.0,0.0,0.0,0.0,0.0,0.0,0.0,0.0,0.0,0.0,0.0,0.0,0.0,0.0,0.0,0.0,0.0,6.0,10.0,6.0,1.0,5.0,17.0,10.0,18.0,14.0,16.0,22.0,30.0,0.0,0.0,0.0,0.0,0.0,0.0,0.0,0.0,0.0,0.0,0.0,0.0,0.0,0.0,0.0,0.0,0.0,0.0,6.0,15.0,6.0,3.0,5.0,22.0,11.0,28.0,18.0,21.0,33.0,35.0
1152,1.0,1152.0,London_141,cons,151,453,1092.0,70.0,2.0,150396.0,0.85330766486004,789.0,59.0,2.0,57.0,109.0,20.0,89.0,136.0,325.0,54.0,9.0,35.0,5.0,19.0,2.0,4.0,5.0,69.0,149.0,230.0,15.0,6.0,6.0,0.0,0.0,0.0,0.0,0.0,0.0,0.0,3.0,0.0,0.0,0.0,0.0,0.0,1.0,0.0,2.0,2.0,1.0,0.0,0.0,0.0,0.0,0.0,0.0,0.0,0.0,0.0,1.0,0.0,1.0,0.0,1.0,1.0,0.0,0.0,0.0,0.0,2.0,0.0,1.0,1.0,11.0,2.0,4.0,7.0,9.0,11.0,12.0,0.0,0.0,0.0,0.0,0.0,0.0,0.0,0.0,0.0,2.0,0.0,3.0,0.0,3.0,1.0,0.0,0.0,0.0,0.0,2.0,0.0,1.0,1.0,14.0,4.0,8.0,7.0,12.0,14.0,15.0
1153,1.0,1153.0,London_141,cons,151,453,1092.0,70.0,2.0,153114.0,0.8711631540209055,795.0,45.0,2.0,43.0,97.0,20.0,77.0,97.0,327.0,50.0,11.0,35.0,7.0,20.0,1.0,2.0,6.0,60.0,163.0,224.0,13.0,2.0,2.0,0.0,0.0,0.0,0.0,0.0,0.0,0.0,8.0,0.0,0.0,0.0,6.0,0.0,2.0,0.0,0.0,2.0,6.0,0.0,0.0,0.0,0.0,0.0,0.0,0.0,0.0,2.0,0.0,0.0,0.0,1.0,0.0,1.0,0.0,0.0,0.0,1.0,0.0,5.0,0.0,1.0,5.0,3.0,2.0,2.0,5.0,9.0,8.0,0.0,0.0,0.0,0.0,0.0,0.0,0.0,0.0,2.0,0.0,0.0,0.0,3.0,0.0,3.0,0.0,0.0,0.0,1.0,0.0,8.0,0.0,1.0,8.0,3.0,2.0,2.0,6.0,14.0,9.0
1154,1.0,1154.0,London_141,cons,151,453,1092.0,70.0,2.0,174858.0,1.0438819560222328,843.0,84.0,1.0,83.0,158.0,10.0,148.0,75.0,324.0,68.0,16.0,19.0,0.0,22.0,2.0,2.0,5.0,57.0,165.0,226.0,13.0,2.0,2.0,0.0,0.0,0.0,0.0,0.0,0.0,0.0,30.0,0.0,0.0,0.0,25.0,3.0,0.0,0.0,2.0,1.0,29.0,0.0,0.0,0.0,0.0,0.0,0.0,0.0,0.0,0.0,0.0,0.0,0.0,0.0,0.0,0.0,0.0,0.0,0.0,6.0,4.0,7.0,2.0,4.0,14.0,7.0,10.0,15.0,10.0,19.0,21.0,0.0,0.0,0.0,0.0,0.0,0.0,0.0,0.0,0.0,0.0,0.0,0.0,0.0,0.0,0.0,0.0,0.0,0.0,9.0,5.0,8.0,4.0,4.0,20.0,11.0,13.0,23.0,13.0,29.0,27.0
1155,1.0,1155.0,London_141,cons,151,453,1092.0,70.0,2.0,173499.0,1.0264496547169983,840.0,146.0,2.0,144.0,254.0,18.0,236.0,108.0,326.0,52.0,20.0,26.0,3.0,22.0,1.0,3.0,7.0,65.0,171.0,210.0,16.0,5.0,5.0,0.0,0.0,0.0,0.0,0.0,0.0,0.0,68.0,0.0,20.0,0.0,43.0,0.0,1.0,0.0,4.0,2.0,66.0,0.0,0.0,0.0,0.0,0.0,0.0,0.0,0.0,0.0,0.0,0.0,0.0,0.0,1.0,1.0,0.0,0.0,0.0,6.0,9.0,4.0,0.0,3.0,25.0,14.0,13.0,15.0,10.0,22.0,30.0,0.0,0.0,0.0,0.0,0.0,0.0,0.0,0.0,0.0,0.0,0.0,0.0,0.0,1.0,2.0,0.0,0.0,0.0,7.0,14.0,4.0,0.0,3.0,32.0,17.0,15.0,18.0,13.0,30.0,36.0
1156,1.0,1156.0,London_141,cons,151,453,1092.0,70.0,2.0,134994.0,0.7019330598413944,755.0,150.0,0.0,150.0,242.0,0.0,242.0,147.0,320.0,52.0,16.0,41.0,7.0,14.0,0.0,3.0,9.0,59.0,166.0,219.0,18.0,1.0,1.0,0.0,0.0,0.0,0.0,0.0,0.0,0.0,61.0,0.0,18.0,0.0,33.0,0.0,6.0,1.0,3.0,0.0,61.0,0.0,0.0,0.0,0.0,0.0,0.0,0.0,0.0,0.0,0.0,0.0,0.0,0.0,0.0,0.0,0.0,0.0,0.0,7.0,9.0,5.0,0.0,7.0,14.0,17.0,18.0,22.0,25.0,22.0,31.0,0.0,0.0,0.0,0.0,0.0,0.0,0.0,0.0,0.0,0.0,0.0,0.0,0.0,0.0,0.0,0.0,0.0,0.0,8.0,9.0,6.0,0.0,7.0,20.0,27.0,25.0,28.0,38.0,28.0,39.0
1157,1.0,1157.0,London_141,cons,151,453,1092.0,70.0,2.0,88335.0,0.44830339308828115,652.0,37.0,2.0,35.0,83.0,20.0,63.0,153.0,306.0,57.0,21.0,50.0,5.0,9.0,0.0,5.0,8.0,70.0,156.0,219.0,15.0,6.0,6.0,0.0,0.0,0.0,0.0,0.0,0.0,0.0,2.0,0.0,0.0,0.0,1.0,0.0,1.0,0.0,0.0,2.0,0.0,0.0,0.0,0.0,0.0,0.0,0.0,0.0,0.0,1.0,0.0,0.0,1.0,0.0,1.0,1.0,0.0,0.0,0.0,2.0,2.0,0.0,1.0,0.0,5.0,5.0,1.0,2.0,8.0,9.0,7.0,0.0,0.0,0.0,0.0,0.0,0.0,0.0,0.0,2.0,0.0,0.0,2.0,0.0,5.0,3.0,0.0,0.0,0.0,2.0,2.0,0.0,1.0,0.0,6.0,7.0,2.0,3.0,8.0,14.0,9.0
1158,1.0,1158.0,London_141,cons,151,453,1092.0,70.0,2.0,87429.0,0.48215885227546096,650.0,55.0,0.0,55.0,86.0,0.0,86.0,76.0,311.0,51.0,26.0,48.0,1.0,10.0,0.0,6.0,8.0,73.0,154.0,218.0,9.0,2.0,2.0,0.0,0.0,0.0,0.0,0.0,0.0,0.0,0.0,0.0,0.0,0.0,0.0,0.0,0.0,0.0,0.0,0.0,0.0,0.0,0.0,0.0,0.0,0.0,0.0,0.0,0.0,0.0,0.0,0.0,0.0,0.0,0.0,0.0,0.0,0.0,0.0,1.0,9.0,6.0,1.0,4.0,8.0,9.0,7.0,14.0,14.0,12.0,20.0,0.0,0.0,0.0,0.0,0.0,0.0,0.0,0.0,0.0,0.0,0.0,0.0,0.0,0.0,0.0,0.0,0.0,0.0,1.0,9.0,6.0,2.0,4.0,11.0,12.0,11.0,23.0,19.0,20.0,29.0
1159,1.0,1159.0,London_141,cons,151,453,1092.0,70.0,2.0,77010.0,0.3871020399965346,627.0,15.0,0.0,15.0,31.0,0.0,31.0,90.0,310.0,56.0,27.0,43.0,2.0,11.0,1.0,3.0,10.0,59.0,158.0,226.0,20.0,1.0,1.0,0.0,0.0,0.0,0.0,0.0,0.0,0.0,0.0,0.0,0.0,0.0,0.0,0.0,0.0,0.0,0.0,0.0,0.0,0.0,0.0,0.0,0.0,0.0,0.0,0.0,0.0,0.0,0.0,0.0,0.0,0.0,0.0,0.0,0.0,0.0,0.0,2.0,5.0,3.0,0.0,2.0,1.0,0.0,2.0,4.0,4.0,2.0,7.0,0.0,0.0,0.0,0.0,0.0,0.0,0.0,0.0,0.0,0.0,0.0,0.0,0.0,0.0,0.0,0.0,0.0,0.0,3.0,10.0,3.0,0.0,2.0,1.0,0.0,3.0,7.0,6.0,2.0,12.0
1160,1.0,1160.0,London_141,cons,151,453,1092.0,70.0,2.0,81540.0,0.45888645108789206,637.0,44.0,2.0,42.0,84.0,17.0,67.0,32.0,313.0,59.0,26.0,39.0,2.0,10.0,1.0,3.0,11.0,64.0,159.0,219.0,22.0,4.0,4.0,0.0,0.0,0.0,0.0,0.0,0.0,0.0,2.0,0.0,1.0,0.0,0.0,0.0,1.0,0.0,0.0,2.0,0.0,0.0,0.0,0.0,0.0,0.0,0.0,0.0,0.0,2.0,0.0,0.0,1.0,0.0,0.0,0.0,0.0,0.0,0.0,0.0,4.0,0.0,1.0,0.0,1.0,3.0,2.0,3.0,10.0,8.0,15.0,0.0,0.0,0.0,0.0,0.0,0.0,0.0,0.0,2.0,0.0,0.0,3.0,0.0,0.0,0.0,0.0,0.0,0.0,0.0,4.0,0.0,2.0,0.0,2.0,3.0,2.0,3.0,14.0,8.0,17.0
1161,1.0,1161.0,London_141,cons,151,453,1092.0,70.0,2.0,72027.0,0.3810802730731666,616.0,152.0,0.0,152.0,274.0,0.0,274.0,81.0,316.0,57.0,30.0,40.0,1.0,7.0,0.0,2.0,7.0,65.0,158.0,223.0,14.0,8.0,8.0,0.0,0.0,0.0,0.0,0.0,0.0,0.0,71.0,0.0,21.0,0.0,34.0,3.0,8.0,1.0,4.0,0.0,71.0,0.0,0.0,0.0,0.0,0.0,0.0,0.0,0.0,0.0,0.0,0.0,0.0,0.0,0.0,0.0,0.0,0.0,0.0,5.0,5.0,5.0,2.0,9.0,18.0,10.0,17.0,18.0,19.0,20.0,24.0,0.0,0.0,0.0,0.0,0.0,0.0,0.0,0.0,0.0,0.0,0.0,0.0,0.0,0.0,0.0,0.0,0.0,0.0,5.0,5.0,5.0,4.0,11.0,26.0,16.0,21.0,31.0,32.0,31.0,39.0
