,logged,day,location,model name,avg daily demand,inventory size,test days,init days,gurobi status,nvars,calc time,ncons,num patients,num SCD patients,num Other patients,num units requested,num units requested SCD,num units requested Other,num supplied products,num O- in inventory,num O+ in inventory,num A- in inventory,num A+ in inventory,num B- in inventory,num B+ in inventory,num AB- in inventory,num AB+ in inventory,num Fya-Fyb- in inventory,num Fya+Fyb- in inventory,num Fya-Fyb+ in inventory,num Fya+Fyb+ in inventory,num R0 in inventory,num outdates,num outdates O-,num outdates O+,num outdates A-,num outdates A+,num outdates B-,num outdates B+,num outdates AB-,num outdates AB+,num shortages,num shortages O-,num shortages O+,num shortages A-,num shortages A+,num shortages B-,num shortages B+,num shortages AB-,num shortages AB+,num shortages SCD,num shortages Other,num mismatched patients SCD A,num mismatched patients SCD B,num mismatched patients SCD D,num mismatched patients SCD C,num mismatched patients SCD c,num mismatched patients SCD E,num mismatched patients SCD e,num mismatched patients SCD K,num mismatched patients SCD Fya,num mismatched patients SCD Fyb,num mismatched patients SCD Jka,num mismatched patients SCD Jkb,num mismatched patients SCD M,num mismatched patients SCD N,num mismatched patients SCD S,num mismatched patients Other A,num mismatched patients Other B,num mismatched patients Other D,num mismatched patients Other C,num mismatched patients Other c,num mismatched patients Other E,num mismatched patients Other e,num mismatched patients Other K,num mismatched patients Other Fya,num mismatched patients Other Fyb,num mismatched patients Other Jka,num mismatched patients Other Jkb,num mismatched patients Other M,num mismatched patients Other N,num mismatched patients Other S,num mismatched units SCD A,num mismatched units SCD B,num mismatched units SCD D,num mismatched units SCD C,num mismatched units SCD c,num mismatched units SCD E,num mismatched units SCD e,num mismatched units SCD K,num mismatched units SCD Fya,num mismatched units SCD Fyb,num mismatched units SCD Jka,num mismatched units SCD Jkb,num mismatched units SCD M,num mismatched units SCD N,num mismatched units SCD S,num mismatched units Other A,num mismatched units Other B,num mismatched units Other D,num mismatched units Other C,num mismatched units Other c,num mismatched units Other E,num mismatched units Other e,num mismatched units Other K,num mismatched units Other Fya,num mismatched units Other Fyb,num mismatched units Other Jka,num mismatched units Other Jkb,num mismatched units Other M,num mismatched units Other N,num mismatched units Other S
0,1.0,0.0,London_303,cons,151,453,1092.0,70.0,2.0,124122.0,0.615209988784045,731.0,49.0,0.0,49.0,83.0,0.0,83.0,453.0,54.0,166.0,30.0,124.0,17.0,50.0,1.0,11.0,8.0,87.0,151.0,207.0,57.0,0.0,0.0,0.0,0.0,0.0,0.0,0.0,0.0,0.0,5.0,0.0,0.0,0.0,1.0,0.0,1.0,1.0,2.0,0.0,5.0,0.0,0.0,0.0,0.0,0.0,0.0,0.0,0.0,0.0,0.0,0.0,0.0,0.0,0.0,0.0,0.0,0.0,0.0,2.0,1.0,0.0,1.0,0.0,1.0,4.0,2.0,4.0,7.0,7.0,10.0,0.0,0.0,0.0,0.0,0.0,0.0,0.0,0.0,0.0,0.0,0.0,0.0,0.0,0.0,0.0,0.0,0.0,0.0,2.0,2.0,0.0,2.0,0.0,2.0,5.0,4.0,6.0,8.0,8.0,13.0
1,1.0,1.0,London_303,cons,151,453,1092.0,70.0,2.0,149037.0,0.6917023132555187,786.0,19.0,2.0,17.0,52.0,20.0,32.0,74.0,64.0,159.0,26.0,123.0,19.0,49.0,2.0,11.0,8.0,84.0,154.0,207.0,66.0,0.0,0.0,0.0,0.0,0.0,0.0,0.0,0.0,0.0,2.0,0.0,0.0,0.0,0.0,1.0,1.0,0.0,0.0,2.0,0.0,0.0,0.0,0.0,0.0,0.0,0.0,0.0,0.0,0.0,0.0,0.0,0.0,1.0,0.0,1.0,0.0,0.0,0.0,1.0,2.0,2.0,0.0,0.0,1.0,0.0,2.0,1.0,2.0,4.0,5.0,0.0,0.0,0.0,0.0,0.0,0.0,0.0,0.0,0.0,0.0,0.0,0.0,6.0,0.0,1.0,0.0,0.0,0.0,1.0,3.0,2.0,0.0,0.0,2.0,0.0,7.0,1.0,4.0,5.0,8.0
2,1.0,2.0,London_303,cons,151,453,1092.0,70.0,2.0,181200.0,0.8687072470784187,857.0,58.0,0.0,58.0,92.0,0.0,92.0,40.0,65.0,160.0,27.0,133.0,14.0,40.0,3.0,11.0,9.0,94.0,147.0,203.0,73.0,0.0,0.0,0.0,0.0,0.0,0.0,0.0,0.0,0.0,6.0,0.0,1.0,1.0,3.0,0.0,0.0,1.0,0.0,0.0,6.0,0.0,0.0,0.0,0.0,0.0,0.0,0.0,0.0,0.0,0.0,0.0,0.0,0.0,0.0,0.0,0.0,0.0,0.0,0.0,0.0,0.0,0.0,1.0,5.0,2.0,3.0,3.0,12.0,10.0,5.0,0.0,0.0,0.0,0.0,0.0,0.0,0.0,0.0,0.0,0.0,0.0,0.0,0.0,0.0,0.0,0.0,0.0,0.0,0.0,0.0,0.0,0.0,1.0,5.0,2.0,4.0,4.0,17.0,15.0,5.0
3,1.0,3.0,London_303,cons,151,453,1092.0,70.0,2.0,187542.0,1.1467077736742795,871.0,146.0,1.0,145.0,258.0,7.0,251.0,84.0,71.0,156.0,34.0,124.0,11.0,40.0,3.0,14.0,10.0,99.0,157.0,187.0,84.0,0.0,0.0,0.0,0.0,0.0,0.0,0.0,0.0,0.0,37.0,2.0,9.0,2.0,14.0,0.0,4.0,0.0,6.0,1.0,36.0,0.0,0.0,0.0,0.0,0.0,0.0,0.0,0.0,0.0,0.0,0.0,0.0,0.0,0.0,0.0,0.0,0.0,0.0,9.0,5.0,4.0,3.0,0.0,19.0,8.0,1.0,11.0,26.0,25.0,25.0,0.0,0.0,0.0,0.0,0.0,0.0,0.0,0.0,0.0,0.0,0.0,0.0,0.0,0.0,0.0,0.0,0.0,0.0,11.0,6.0,6.0,5.0,0.0,23.0,13.0,1.0,13.0,36.0,34.0,30.0
4,1.0,4.0,London_303,cons,151,453,1092.0,70.0,2.0,149943.0,1.7298902603797615,788.0,80.0,2.0,78.0,147.0,19.0,128.0,197.0,77.0,155.0,42.0,104.0,13.0,45.0,3.0,14.0,11.0,98.0,168.0,176.0,109.0,0.0,0.0,0.0,0.0,0.0,0.0,0.0,0.0,0.0,17.0,0.0,8.0,2.0,3.0,0.0,4.0,0.0,0.0,2.0,15.0,0.0,0.0,0.0,0.0,0.0,0.0,0.0,0.0,0.0,0.0,0.0,0.0,0.0,0.0,0.0,0.0,0.0,0.0,3.0,2.0,2.0,0.0,4.0,2.0,3.0,4.0,6.0,12.0,14.0,11.0,0.0,0.0,0.0,0.0,0.0,0.0,0.0,0.0,0.0,0.0,0.0,0.0,0.0,0.0,0.0,0.0,0.0,0.0,3.0,2.0,2.0,0.0,5.0,3.0,4.0,4.0,9.0,19.0,18.0,13.0
5,1.0,5.0,London_303,cons,151,453,1092.0,70.0,2.0,148584.0,0.8167235068976879,785.0,100.0,0.0,100.0,178.0,0.0,178.0,113.0,82.0,151.0,34.0,110.0,16.0,43.0,3.0,14.0,13.0,103.0,167.0,170.0,123.0,0.0,0.0,0.0,0.0,0.0,0.0,0.0,0.0,0.0,33.0,1.0,11.0,0.0,16.0,0.0,2.0,0.0,3.0,0.0,33.0,0.0,0.0,0.0,0.0,0.0,0.0,0.0,0.0,0.0,0.0,0.0,0.0,0.0,0.0,0.0,0.0,0.0,0.0,3.0,5.0,3.0,1.0,1.0,9.0,6.0,4.0,7.0,14.0,19.0,13.0,0.0,0.0,0.0,0.0,0.0,0.0,0.0,0.0,0.0,0.0,0.0,0.0,0.0,0.0,0.0,0.0,0.0,0.0,4.0,5.0,3.0,2.0,1.0,13.0,7.0,4.0,8.0,18.0,26.0,16.0
6,1.0,6.0,London_303,cons,151,453,1092.0,70.0,2.0,138618.0,0.8498697862960398,763.0,141.0,2.0,139.0,251.0,16.0,235.0,126.0,82.0,156.0,28.0,108.0,20.0,40.0,3.0,16.0,15.0,107.0,164.0,167.0,127.0,0.0,0.0,0.0,0.0,0.0,0.0,0.0,0.0,0.0,57.0,1.0,17.0,2.0,30.0,1.0,2.0,1.0,3.0,0.0,57.0,0.0,0.0,0.0,0.0,0.0,0.0,0.0,0.0,0.0,0.0,0.0,0.0,1.0,1.0,1.0,0.0,0.0,0.0,2.0,4.0,1.0,0.0,1.0,11.0,2.0,7.0,2.0,14.0,21.0,9.0,0.0,0.0,0.0,0.0,0.0,0.0,0.0,0.0,0.0,0.0,0.0,0.0,7.0,5.0,5.0,0.0,0.0,0.0,2.0,5.0,1.0,0.0,2.0,14.0,2.0,9.0,2.0,19.0,26.0,12.0
7,1.0,7.0,London_303,cons,151,453,1092.0,70.0,2.0,115515.0,0.7246754956431687,712.0,83.0,0.0,83.0,137.0,0.0,137.0,163.0,98.0,151.0,31.0,98.0,19.0,35.0,4.0,17.0,17.0,108.0,153.0,175.0,131.0,0.0,0.0,0.0,0.0,0.0,0.0,0.0,0.0,0.0,20.0,0.0,5.0,2.0,12.0,0.0,0.0,0.0,1.0,0.0,20.0,0.0,0.0,0.0,0.0,0.0,0.0,0.0,0.0,0.0,0.0,0.0,0.0,0.0,0.0,0.0,0.0,0.0,0.0,2.0,1.0,3.0,3.0,2.0,8.0,4.0,2.0,7.0,19.0,13.0,10.0,0.0,0.0,0.0,0.0,0.0,0.0,0.0,0.0,0.0,0.0,0.0,0.0,0.0,0.0,0.0,0.0,0.0,0.0,2.0,1.0,3.0,3.0,2.0,11.0,5.0,3.0,10.0,25.0,21.0,13.0
8,1.0,8.0,London_303,cons,151,453,1092.0,70.0,2.0,114609.0,0.9966039187274873,710.0,2.0,2.0,0.0,18.0,18.0,0.0,108.0,108.0,147.0,29.0,92.0,19.0,37.0,5.0,16.0,18.0,111.0,159.0,165.0,139.0,0.0,0.0,0.0,0.0,0.0,0.0,0.0,0.0,0.0,2.0,0.0,0.0,0.0,0.0,1.0,1.0,0.0,0.0,2.0,0.0,0.0,0.0,0.0,0.0,0.0,0.0,0.0,0.0,0.0,0.0,0.0,0.0,0.0,1.0,1.0,0.0,0.0,0.0,0.0,0.0,0.0,0.0,0.0,0.0,0.0,0.0,0.0,0.0,0.0,0.0,0.0,0.0,0.0,0.0,0.0,0.0,0.0,0.0,0.0,0.0,0.0,0.0,0.0,1.0,2.0,0.0,0.0,0.0,0.0,0.0,0.0,0.0,0.0,0.0,0.0,0.0,0.0,0.0,0.0,0.0
9,1.0,9.0,London_303,cons,151,453,1092.0,70.0,2.0,165345.0,0.8724839510396123,822.0,4.0,2.0,2.0,21.0,19.0,2.0,5.0,109.0,148.0,29.0,94.0,15.0,37.0,5.0,16.0,18.0,113.0,155.0,167.0,139.0,0.0,0.0,0.0,0.0,0.0,0.0,0.0,0.0,0.0,2.0,0.0,0.0,0.0,0.0,0.0,1.0,0.0,1.0,2.0,0.0,0.0,0.0,0.0,0.0,0.0,0.0,0.0,0.0,0.0,0.0,0.0,0.0,0.0,1.0,0.0,0.0,0.0,0.0,0.0,0.0,0.0,0.0,0.0,0.0,0.0,0.0,0.0,1.0,0.0,0.0,0.0,0.0,0.0,0.0,0.0,0.0,0.0,0.0,0.0,0.0,0.0,0.0,0.0,4.0,0.0,0.0,0.0,0.0,0.0,0.0,0.0,0.0,0.0,0.0,0.0,0.0,0.0,1.0,0.0,0.0
10,1.0,10.0,London_303,cons,151,453,1092.0,70.0,2.0,212457.0,1.4245498701930046,926.0,31.0,2.0,29.0,63.0,17.0,46.0,9.0,109.0,150.0,30.0,97.0,15.0,34.0,4.0,14.0,15.0,115.0,154.0,169.0,136.0,0.0,0.0,0.0,0.0,0.0,0.0,0.0,0.0,0.0,5.0,0.0,1.0,0.0,0.0,0.0,3.0,0.0,1.0,2.0,3.0,0.0,0.0,0.0,0.0,0.0,0.0,0.0,0.0,0.0,0.0,0.0,0.0,1.0,0.0,0.0,0.0,0.0,0.0,2.0,2.0,0.0,0.0,0.0,2.0,1.0,3.0,1.0,5.0,6.0,4.0,0.0,0.0,0.0,0.0,0.0,0.0,0.0,0.0,0.0,0.0,0.0,0.0,2.0,0.0,0.0,0.0,0.0,0.0,2.0,2.0,0.0,0.0,0.0,2.0,1.0,4.0,1.0,5.0,8.0,4.0
11,1.0,11.0,London_303,cons,151,453,1092.0,70.0,2.0,251415.0,1.6036026990041137,1012.0,159.0,0.0,159.0,293.0,0.0,293.0,45.0,115.0,137.0,36.0,99.0,13.0,33.0,4.0,16.0,16.0,118.0,152.0,167.0,138.0,0.0,0.0,0.0,0.0,0.0,0.0,0.0,0.0,0.0,93.0,1.0,32.0,2.0,43.0,0.0,7.0,0.0,8.0,0.0,93.0,0.0,0.0,0.0,0.0,0.0,0.0,0.0,0.0,0.0,0.0,0.0,0.0,0.0,0.0,0.0,0.0,0.0,0.0,5.0,1.0,1.0,1.0,1.0,6.0,1.0,2.0,8.0,13.0,17.0,13.0,0.0,0.0,0.0,0.0,0.0,0.0,0.0,0.0,0.0,0.0,0.0,0.0,0.0,0.0,0.0,0.0,0.0,0.0,5.0,1.0,1.0,2.0,2.0,7.0,1.0,3.0,11.0,17.0,24.0,15.0
12,1.0,12.0,London_303,cons,151,453,1092.0,70.0,2.0,233295.0,1.5046016201376915,972.0,108.0,1.0,107.0,194.0,9.0,185.0,127.0,126.0,132.0,32.0,91.0,14.0,40.0,4.0,14.0,15.0,111.0,155.0,172.0,145.0,0.0,0.0,0.0,0.0,0.0,0.0,0.0,0.0,0.0,53.0,1.0,21.0,1.0,24.0,0.0,3.0,0.0,3.0,1.0,52.0,0.0,0.0,0.0,0.0,0.0,0.0,0.0,0.0,0.0,0.0,0.0,0.0,0.0,0.0,1.0,0.0,0.0,0.0,3.0,0.0,0.0,0.0,1.0,7.0,3.0,7.0,7.0,12.0,14.0,24.0,0.0,0.0,0.0,0.0,0.0,0.0,0.0,0.0,0.0,0.0,0.0,0.0,0.0,0.0,5.0,0.0,0.0,0.0,5.0,0.0,0.0,0.0,1.0,10.0,3.0,13.0,7.0,18.0,21.0,30.0
13,1.0,13.0,London_303,cons,151,453,1092.0,70.0,2.0,226047.0,1.4336044979281723,956.0,202.0,0.0,202.0,338.0,0.0,338.0,111.0,137.0,136.0,29.0,102.0,10.0,29.0,1.0,9.0,17.0,96.0,166.0,174.0,138.0,0.0,0.0,0.0,0.0,0.0,0.0,0.0,0.0,0.0,116.0,0.0,49.0,4.0,42.0,0.0,12.0,3.0,6.0,0.0,116.0,0.0,0.0,0.0,0.0,0.0,0.0,0.0,0.0,0.0,0.0,0.0,0.0,0.0,0.0,0.0,0.0,0.0,0.0,4.0,1.0,3.0,1.0,6.0,8.0,3.0,2.0,4.0,20.0,25.0,19.0,0.0,0.0,0.0,0.0,0.0,0.0,0.0,0.0,0.0,0.0,0.0,0.0,0.0,0.0,0.0,0.0,0.0,0.0,4.0,1.0,3.0,1.0,7.0,11.0,3.0,2.0,5.0,26.0,32.0,21.0
14,1.0,14.0,London_303,cons,151,453,1092.0,70.0,2.0,174405.0,1.6999034201726317,842.0,78.0,2.0,76.0,134.0,16.0,118.0,159.0,121.0,155.0,31.0,96.0,12.0,27.0,2.0,9.0,17.0,99.0,157.0,180.0,151.0,0.0,0.0,0.0,0.0,0.0,0.0,0.0,0.0,0.0,18.0,0.0,0.0,1.0,11.0,0.0,5.0,0.0,1.0,1.0,17.0,0.0,0.0,0.0,0.0,0.0,0.0,0.0,0.0,0.0,0.0,0.0,0.0,0.0,1.0,0.0,0.0,0.0,0.0,1.0,7.0,0.0,1.0,3.0,5.0,2.0,3.0,9.0,13.0,15.0,17.0,0.0,0.0,0.0,0.0,0.0,0.0,0.0,0.0,0.0,0.0,0.0,0.0,0.0,6.0,0.0,0.0,0.0,0.0,1.0,7.0,0.0,1.0,3.0,5.0,2.0,3.0,9.0,19.0,19.0,19.0
15,1.0,15.0,London_303,cons,151,453,1092.0,70.0,2.0,173952.0,1.0200998689979315,841.0,176.0,0.0,176.0,303.0,0.0,303.0,111.0,128.0,149.0,24.0,101.0,16.0,22.0,5.0,8.0,17.0,98.0,154.0,184.0,157.0,0.0,0.0,0.0,0.0,0.0,0.0,0.0,0.0,0.0,102.0,0.0,28.0,6.0,53.0,0.0,10.0,1.0,4.0,0.0,102.0,0.0,0.0,0.0,0.0,0.0,0.0,0.0,0.0,0.0,0.0,0.0,0.0,0.0,0.0,0.0,0.0,0.0,0.0,1.0,1.0,4.0,2.0,4.0,9.0,3.0,3.0,5.0,17.0,22.0,19.0,0.0,0.0,0.0,0.0,0.0,0.0,0.0,0.0,0.0,0.0,0.0,0.0,0.0,0.0,0.0,0.0,0.0,0.0,1.0,1.0,5.0,2.0,4.0,11.0,4.0,4.0,5.0,19.0,26.0,23.0
16,1.0,16.0,London_303,cons,151,453,1092.0,70.0,2.0,131370.0,0.7014184640720487,747.0,60.0,2.0,58.0,116.0,19.0,97.0,142.0,122.0,140.0,31.0,99.0,20.0,25.0,5.0,11.0,18.0,99.0,155.0,181.0,169.0,0.0,0.0,0.0,0.0,0.0,0.0,0.0,0.0,0.0,23.0,1.0,4.0,1.0,13.0,0.0,1.0,0.0,3.0,1.0,22.0,0.0,0.0,0.0,0.0,0.0,0.0,0.0,0.0,0.0,0.0,0.0,0.0,0.0,1.0,1.0,0.0,0.0,0.0,2.0,3.0,3.0,0.0,1.0,5.0,5.0,6.0,5.0,6.0,11.0,8.0,0.0,0.0,0.0,0.0,0.0,0.0,0.0,0.0,0.0,0.0,0.0,0.0,0.0,4.0,6.0,0.0,0.0,0.0,2.0,3.0,3.0,0.0,1.0,6.0,6.0,7.0,9.0,10.0,13.0,12.0
17,1.0,17.0,London_303,cons,151,453,1092.0,70.0,2.0,135900.0,0.7782164881937206,757.0,42.0,2.0,40.0,84.0,15.0,69.0,87.0,120.0,129.0,39.0,100.0,22.0,29.0,5.0,9.0,14.0,98.0,161.0,180.0,160.0,0.0,0.0,0.0,0.0,0.0,0.0,0.0,0.0,0.0,12.0,0.0,2.0,1.0,5.0,0.0,3.0,0.0,1.0,1.0,11.0,0.0,0.0,0.0,0.0,0.0,0.0,0.0,0.0,0.0,0.0,0.0,0.0,2.0,0.0,1.0,0.0,0.0,0.0,0.0,1.0,2.0,0.0,6.0,5.0,2.0,1.0,2.0,5.0,7.0,7.0,0.0,0.0,0.0,0.0,0.0,0.0,0.0,0.0,0.0,0.0,0.0,0.0,11.0,0.0,3.0,0.0,0.0,0.0,0.0,1.0,2.0,0.0,6.0,8.0,2.0,1.0,3.0,8.0,7.0,7.0
18,1.0,18.0,London_303,cons,151,453,1092.0,70.0,2.0,149943.0,0.8152818088419735,788.0,171.0,0.0,171.0,299.0,0.0,299.0,68.0,117.0,133.0,40.0,99.0,20.0,26.0,7.0,11.0,15.0,101.0,155.0,182.0,158.0,0.0,0.0,0.0,0.0,0.0,0.0,0.0,0.0,0.0,97.0,4.0,39.0,0.0,38.0,0.0,10.0,0.0,6.0,0.0,97.0,0.0,0.0,0.0,0.0,0.0,0.0,0.0,0.0,0.0,0.0,0.0,0.0,0.0,0.0,0.0,0.0,0.0,0.0,2.0,2.0,2.0,0.0,5.0,6.0,2.0,2.0,6.0,19.0,17.0,18.0,0.0,0.0,0.0,0.0,0.0,0.0,0.0,0.0,0.0,0.0,0.0,0.0,0.0,0.0,0.0,0.0,0.0,0.0,2.0,3.0,2.0,0.0,6.0,9.0,4.0,2.0,9.0,29.0,22.0,21.0
19,1.0,19.0,London_303,cons,151,453,1092.0,70.0,2.0,100566.0,0.4507178380154073,679.0,1.0,1.0,0.0,9.0,9.0,0.0,146.0,117.0,136.0,28.0,107.0,12.0,35.0,8.0,10.0,18.0,91.0,139.0,205.0,172.0,0.0,0.0,0.0,0.0,0.0,0.0,0.0,0.0,0.0,1.0,0.0,0.0,0.0,0.0,0.0,0.0,0.0,1.0,1.0,0.0,0.0,0.0,0.0,0.0,0.0,0.0,0.0,0.0,0.0,0.0,0.0,0.0,0.0,0.0,0.0,0.0,0.0,0.0,0.0,0.0,0.0,0.0,0.0,0.0,0.0,0.0,0.0,0.0,0.0,0.0,0.0,0.0,0.0,0.0,0.0,0.0,0.0,0.0,0.0,0.0,0.0,0.0,0.0,0.0,0.0,0.0,0.0,0.0,0.0,0.0,0.0,0.0,0.0,0.0,0.0,0.0,0.0,0.0,0.0,0.0
20,1.0,20.0,London_303,cons,151,453,1092.0,70.0,2.0,139977.0,1.0917750368826091,766.0,57.0,0.0,57.0,114.0,0.0,114.0,1.0,117.0,137.0,28.0,107.0,12.0,35.0,8.0,9.0,18.0,91.0,138.0,206.0,171.0,0.0,0.0,0.0,0.0,0.0,0.0,0.0,0.0,0.0,19.0,0.0,11.0,0.0,4.0,0.0,2.0,0.0,2.0,0.0,19.0,0.0,0.0,0.0,0.0,0.0,0.0,0.0,0.0,0.0,0.0,0.0,0.0,0.0,0.0,0.0,0.0,0.0,0.0,3.0,3.0,1.0,0.0,1.0,4.0,4.0,2.0,6.0,10.0,13.0,9.0,0.0,0.0,0.0,0.0,0.0,0.0,0.0,0.0,0.0,0.0,0.0,0.0,0.0,0.0,0.0,0.0,0.0,0.0,3.0,3.0,1.0,0.0,1.0,4.0,5.0,2.0,8.0,15.0,22.0,9.0
21,1.0,21.0,London_303,cons,151,453,1092.0,70.0,2.0,160815.0,0.896003887988627,812.0,137.0,1.0,136.0,243.0,10.0,233.0,84.0,120.0,140.0,28.0,103.0,11.0,35.0,6.0,10.0,20.0,82.0,136.0,215.0,182.0,0.0,0.0,0.0,0.0,0.0,0.0,0.0,0.0,0.0,78.0,1.0,30.0,0.0,37.0,0.0,5.0,0.0,5.0,1.0,77.0,0.0,0.0,0.0,0.0,0.0,0.0,0.0,0.0,0.0,0.0,0.0,0.0,0.0,1.0,0.0,0.0,0.0,0.0,0.0,4.0,4.0,0.0,3.0,6.0,6.0,2.0,2.0,13.0,21.0,9.0,0.0,0.0,0.0,0.0,0.0,0.0,0.0,0.0,0.0,0.0,0.0,0.0,0.0,4.0,0.0,0.0,0.0,0.0,0.0,4.0,4.0,0.0,3.0,8.0,8.0,3.0,2.0,20.0,23.0,10.0
22,1.0,22.0,London_303,cons,151,453,1092.0,70.0,2.0,137259.0,0.6958251260221004,760.0,54.0,0.0,54.0,93.0,0.0,93.0,116.0,119.0,146.0,23.0,114.0,9.0,29.0,5.0,8.0,23.0,85.0,134.0,211.0,196.0,0.0,0.0,0.0,0.0,0.0,0.0,0.0,0.0,0.0,17.0,1.0,5.0,0.0,9.0,0.0,2.0,0.0,0.0,0.0,17.0,0.0,0.0,0.0,0.0,0.0,0.0,0.0,0.0,0.0,0.0,0.0,0.0,0.0,0.0,0.0,0.0,0.0,0.0,1.0,4.0,1.0,1.0,3.0,4.0,5.0,5.0,2.0,9.0,6.0,14.0,0.0,0.0,0.0,0.0,0.0,0.0,0.0,0.0,0.0,0.0,0.0,0.0,0.0,0.0,0.0,0.0,0.0,0.0,1.0,7.0,1.0,1.0,3.0,4.0,6.0,5.0,2.0,12.0,10.0,15.0
23,1.0,23.0,London_303,cons,151,453,1092.0,70.0,2.0,149037.0,0.7783915791660547,786.0,51.0,1.0,50.0,102.0,9.0,93.0,69.0,118.0,152.0,21.0,111.0,9.0,31.0,5.0,6.0,23.0,88.0,146.0,196.0,203.0,0.0,0.0,0.0,0.0,0.0,0.0,0.0,0.0,0.0,21.0,0.0,11.0,0.0,4.0,0.0,3.0,0.0,3.0,1.0,20.0,0.0,0.0,0.0,0.0,0.0,0.0,0.0,0.0,0.0,0.0,0.0,0.0,1.0,0.0,1.0,0.0,0.0,0.0,1.0,4.0,2.0,0.0,0.0,4.0,6.0,1.0,2.0,7.0,9.0,12.0,0.0,0.0,0.0,0.0,0.0,0.0,0.0,0.0,0.0,0.0,0.0,0.0,1.0,0.0,1.0,0.0,0.0,0.0,1.0,5.0,2.0,0.0,0.0,4.0,8.0,1.0,2.0,9.0,10.0,14.0
24,1.0,24.0,London_303,cons,151,453,1092.0,70.0,2.0,159003.0,0.8481564372777939,808.0,27.0,2.0,25.0,68.0,19.0,49.0,64.0,119.0,138.0,24.0,117.0,12.0,32.0,5.0,6.0,26.0,93.0,140.0,194.0,206.0,0.0,0.0,0.0,0.0,0.0,0.0,0.0,0.0,0.0,8.0,0.0,6.0,0.0,0.0,0.0,2.0,0.0,0.0,2.0,6.0,0.0,0.0,0.0,0.0,0.0,0.0,0.0,0.0,0.0,0.0,0.0,0.0,0.0,1.0,0.0,0.0,0.0,0.0,3.0,2.0,0.0,2.0,1.0,4.0,1.0,3.0,2.0,3.0,2.0,4.0,0.0,0.0,0.0,0.0,0.0,0.0,0.0,0.0,0.0,0.0,0.0,0.0,0.0,2.0,0.0,0.0,0.0,0.0,5.0,2.0,0.0,5.0,1.0,6.0,2.0,4.0,2.0,4.0,3.0,5.0
25,1.0,25.0,London_303,cons,151,453,1092.0,70.0,2.0,200679.0,1.1505375751294196,900.0,176.0,0.0,176.0,301.0,0.0,301.0,42.0,124.0,141.0,27.0,111.0,11.0,27.0,5.0,7.0,23.0,89.0,148.0,193.0,209.0,0.0,0.0,0.0,0.0,0.0,0.0,0.0,0.0,0.0,112.0,2.0,52.0,0.0,47.0,0.0,8.0,0.0,3.0,0.0,112.0,0.0,0.0,0.0,0.0,0.0,0.0,0.0,0.0,0.0,0.0,0.0,0.0,0.0,0.0,0.0,0.0,0.0,0.0,1.0,1.0,1.0,0.0,5.0,11.0,3.0,2.0,3.0,22.0,17.0,8.0,0.0,0.0,0.0,0.0,0.0,0.0,0.0,0.0,0.0,0.0,0.0,0.0,0.0,0.0,0.0,0.0,0.0,0.0,1.0,1.0,1.0,0.0,6.0,13.0,3.0,2.0,4.0,27.0,25.0,9.0
26,1.0,26.0,London_303,cons,151,453,1092.0,70.0,2.0,152208.0,1.1756125297397375,793.0,127.0,0.0,127.0,218.0,0.0,218.0,123.0,110.0,156.0,21.0,110.0,15.0,32.0,1.0,8.0,24.0,79.0,144.0,206.0,218.0,0.0,0.0,0.0,0.0,0.0,0.0,0.0,0.0,0.0,75.0,1.0,27.0,2.0,27.0,0.0,11.0,2.0,5.0,0.0,75.0,0.0,0.0,0.0,0.0,0.0,0.0,0.0,0.0,0.0,0.0,0.0,0.0,0.0,0.0,0.0,0.0,0.0,0.0,3.0,2.0,3.0,1.0,0.0,9.0,3.0,1.0,4.0,7.0,21.0,10.0,0.0,0.0,0.0,0.0,0.0,0.0,0.0,0.0,0.0,0.0,0.0,0.0,0.0,0.0,0.0,0.0,0.0,0.0,3.0,2.0,3.0,1.0,0.0,11.0,3.0,1.0,4.0,7.0,28.0,12.0
27,1.0,27.0,London_303,cons,151,453,1092.0,70.0,2.0,125028.0,0.5272231344133615,733.0,13.0,2.0,11.0,30.0,17.0,13.0,93.0,112.0,147.0,20.0,115.0,16.0,32.0,2.0,9.0,25.0,81.0,162.0,185.0,224.0,0.0,0.0,0.0,0.0,0.0,0.0,0.0,0.0,0.0,1.0,0.0,0.0,0.0,0.0,0.0,0.0,0.0,1.0,0.0,1.0,0.0,0.0,0.0,0.0,0.0,0.0,0.0,0.0,0.0,0.0,0.0,0.0,0.0,1.0,1.0,0.0,0.0,0.0,0.0,1.0,0.0,0.0,0.0,0.0,0.0,1.0,1.0,1.0,4.0,1.0,0.0,0.0,0.0,0.0,0.0,0.0,0.0,0.0,0.0,0.0,0.0,0.0,0.0,7.0,1.0,0.0,0.0,0.0,0.0,2.0,0.0,0.0,0.0,0.0,0.0,1.0,1.0,1.0,5.0,1.0
28,1.0,28.0,London_303,cons,151,453,1092.0,70.0,2.0,156738.0,0.9453404727391899,803.0,87.0,1.0,86.0,158.0,8.0,150.0,29.0,114.0,155.0,21.0,109.0,14.0,28.0,2.0,10.0,21.0,90.0,152.0,190.0,218.0,0.0,0.0,0.0,0.0,0.0,0.0,0.0,0.0,0.0,50.0,0.0,22.0,1.0,19.0,1.0,4.0,0.0,3.0,1.0,49.0,0.0,0.0,0.0,0.0,0.0,0.0,0.0,0.0,0.0,0.0,0.0,0.0,1.0,0.0,1.0,0.0,0.0,0.0,1.0,2.0,2.0,1.0,4.0,2.0,2.0,5.0,2.0,8.0,10.0,7.0,0.0,0.0,0.0,0.0,0.0,0.0,0.0,0.0,0.0,0.0,0.0,0.0,4.0,0.0,4.0,0.0,0.0,0.0,1.0,3.0,2.0,1.0,4.0,2.0,2.0,5.0,2.0,10.0,12.0,12.0
29,1.0,29.0,London_303,cons,151,453,1092.0,70.0,2.0,150849.0,0.8453514049760997,790.0,85.0,0.0,85.0,141.0,0.0,141.0,73.0,118.0,157.0,18.0,98.0,16.0,29.0,3.0,14.0,23.0,86.0,150.0,194.0,223.0,0.0,0.0,0.0,0.0,0.0,0.0,0.0,0.0,0.0,46.0,0.0,17.0,0.0,22.0,0.0,3.0,2.0,2.0,0.0,46.0,0.0,0.0,0.0,0.0,0.0,0.0,0.0,0.0,0.0,0.0,0.0,0.0,0.0,0.0,0.0,0.0,0.0,0.0,2.0,2.0,3.0,0.0,2.0,9.0,3.0,3.0,4.0,10.0,9.0,9.0,0.0,0.0,0.0,0.0,0.0,0.0,0.0,0.0,0.0,0.0,0.0,0.0,0.0,0.0,0.0,0.0,0.0,0.0,2.0,2.0,3.0,0.0,2.0,9.0,4.0,3.0,4.0,14.0,12.0,11.0
30,1.0,30.0,London_303,cons,151,453,1092.0,70.0,2.0,148131.0,1.5329344370402396,784.0,40.0,2.0,38.0,92.0,19.0,73.0,70.0,122.0,154.0,18.0,96.0,15.0,30.0,4.0,14.0,23.0,86.0,154.0,190.0,220.0,0.0,0.0,0.0,0.0,0.0,0.0,0.0,0.0,0.0,16.0,0.0,4.0,0.0,7.0,0.0,5.0,0.0,0.0,2.0,14.0,0.0,0.0,0.0,0.0,0.0,0.0,0.0,0.0,0.0,0.0,0.0,0.0,0.0,1.0,1.0,0.0,0.0,0.0,2.0,2.0,1.0,0.0,1.0,5.0,3.0,5.0,5.0,8.0,5.0,7.0,0.0,0.0,0.0,0.0,0.0,0.0,0.0,0.0,0.0,0.0,0.0,0.0,0.0,2.0,1.0,0.0,0.0,0.0,2.0,2.0,1.0,0.0,1.0,5.0,3.0,6.0,7.0,15.0,5.0,9.0
31,1.0,31.0,London_303,cons,151,453,1092.0,70.0,2.0,164439.0,0.9617906571365893,820.0,126.0,0.0,126.0,219.0,0.0,219.0,56.0,127.0,151.0,13.0,102.0,14.0,30.0,4.0,12.0,25.0,86.0,152.0,190.0,225.0,0.0,0.0,0.0,0.0,0.0,0.0,0.0,0.0,0.0,81.0,1.0,34.0,4.0,28.0,0.0,10.0,0.0,4.0,0.0,81.0,0.0,0.0,0.0,0.0,0.0,0.0,0.0,0.0,0.0,0.0,0.0,0.0,0.0,0.0,0.0,0.0,0.0,0.0,0.0,2.0,0.0,0.0,5.0,7.0,3.0,2.0,5.0,12.0,8.0,8.0,0.0,0.0,0.0,0.0,0.0,0.0,0.0,0.0,0.0,0.0,0.0,0.0,0.0,0.0,0.0,0.0,0.0,0.0,0.0,2.0,0.0,0.0,5.0,9.0,3.0,3.0,5.0,14.0,10.0,9.0
32,1.0,32.0,London_303,cons,151,453,1092.0,70.0,2.0,141789.0,0.7916787220165133,770.0,54.0,2.0,52.0,100.0,16.0,84.0,81.0,119.0,156.0,9.0,107.0,14.0,32.0,3.0,13.0,25.0,74.0,152.0,202.0,239.0,0.0,0.0,0.0,0.0,0.0,0.0,0.0,0.0,0.0,26.0,0.0,8.0,1.0,10.0,0.0,5.0,0.0,2.0,2.0,24.0,0.0,0.0,0.0,0.0,0.0,0.0,0.0,0.0,0.0,0.0,0.0,0.0,1.0,0.0,1.0,0.0,0.0,0.0,4.0,3.0,2.0,1.0,0.0,7.0,0.0,0.0,3.0,10.0,9.0,4.0,0.0,0.0,0.0,0.0,0.0,0.0,0.0,0.0,0.0,0.0,0.0,0.0,5.0,0.0,2.0,0.0,0.0,0.0,4.0,3.0,2.0,1.0,0.0,7.0,0.0,0.0,4.0,10.0,13.0,4.0
33,1.0,33.0,London_303,cons,151,453,1092.0,70.0,2.0,149943.0,0.8307302398607135,788.0,182.0,2.0,180.0,339.0,19.0,320.0,56.0,119.0,154.0,12.0,111.0,6.0,35.0,3.0,13.0,25.0,82.0,159.0,187.0,242.0,0.0,0.0,0.0,0.0,0.0,0.0,0.0,0.0,0.0,134.0,1.0,62.0,4.0,50.0,2.0,10.0,1.0,4.0,2.0,132.0,0.0,0.0,0.0,0.0,0.0,0.0,0.0,0.0,0.0,0.0,0.0,1.0,0.0,0.0,0.0,0.0,0.0,0.0,3.0,1.0,3.0,0.0,3.0,4.0,2.0,4.0,5.0,10.0,18.0,6.0,0.0,0.0,0.0,0.0,0.0,0.0,0.0,0.0,0.0,0.0,0.0,2.0,0.0,0.0,0.0,0.0,0.0,0.0,4.0,1.0,3.0,0.0,3.0,6.0,4.0,5.0,5.0,12.0,21.0,6.0
34,1.0,34.0,London_303,cons,151,453,1092.0,70.0,2.0,99660.0,0.48138628900051117,677.0,6.0,0.0,6.0,12.0,0.0,12.0,107.0,112.0,173.0,3.0,106.0,7.0,37.0,3.0,12.0,25.0,85.0,139.0,204.0,246.0,19.0,2.0,13.0,0.0,1.0,0.0,3.0,0.0,0.0,2.0,0.0,1.0,0.0,1.0,0.0,0.0,0.0,0.0,0.0,2.0,0.0,0.0,0.0,0.0,0.0,0.0,0.0,0.0,0.0,0.0,0.0,0.0,0.0,0.0,0.0,0.0,0.0,0.0,0.0,2.0,1.0,0.0,0.0,0.0,0.0,1.0,1.0,2.0,1.0,0.0,0.0,0.0,0.0,0.0,0.0,0.0,0.0,0.0,0.0,0.0,0.0,0.0,0.0,0.0,0.0,0.0,0.0,0.0,0.0,4.0,2.0,0.0,0.0,0.0,0.0,2.0,1.0,4.0,1.0,0.0
35,1.0,35.0,London_303,cons,151,453,1092.0,70.0,2.0,126840.0,0.7487566587515175,737.0,34.0,2.0,32.0,68.0,18.0,50.0,29.0,117.0,162.0,7.0,110.0,8.0,34.0,3.0,12.0,24.0,80.0,150.0,199.0,232.0,7.0,0.0,4.0,0.0,1.0,0.0,0.0,0.0,2.0,9.0,0.0,1.0,0.0,1.0,0.0,4.0,1.0,2.0,2.0,7.0,0.0,0.0,0.0,0.0,0.0,0.0,0.0,0.0,0.0,0.0,0.0,1.0,1.0,0.0,0.0,0.0,0.0,0.0,1.0,2.0,1.0,0.0,2.0,1.0,5.0,1.0,1.0,8.0,2.0,8.0,0.0,0.0,0.0,0.0,0.0,0.0,0.0,0.0,0.0,0.0,0.0,1.0,2.0,0.0,0.0,0.0,0.0,0.0,1.0,2.0,1.0,0.0,2.0,1.0,5.0,1.0,1.0,10.0,2.0,9.0
36,1.0,36.0,London_303,cons,151,453,1092.0,70.0,2.0,156285.0,0.9278998780064285,802.0,99.0,0.0,99.0,191.0,0.0,191.0,48.0,125.0,160.0,6.0,111.0,8.0,34.0,1.0,8.0,25.0,84.0,152.0,192.0,227.0,1.0,0.0,1.0,0.0,0.0,0.0,0.0,0.0,0.0,53.0,1.0,17.0,9.0,16.0,3.0,5.0,0.0,2.0,0.0,53.0,0.0,0.0,0.0,0.0,0.0,0.0,0.0,0.0,0.0,0.0,0.0,0.0,0.0,0.0,0.0,0.0,0.0,0.0,2.0,3.0,1.0,0.0,6.0,5.0,6.0,5.0,7.0,15.0,12.0,14.0,0.0,0.0,0.0,0.0,0.0,0.0,0.0,0.0,0.0,0.0,0.0,0.0,0.0,0.0,0.0,0.0,0.0,0.0,2.0,4.0,1.0,0.0,7.0,5.0,9.0,6.0,8.0,22.0,15.0,17.0
37,1.0,37.0,London_303,cons,151,453,1092.0,70.0,2.0,158097.0,1.8930078772827983,806.0,70.0,2.0,68.0,142.0,18.0,124.0,95.0,118.0,154.0,10.0,116.0,10.0,32.0,4.0,9.0,25.0,92.0,142.0,194.0,234.0,8.0,2.0,0.0,0.0,5.0,0.0,0.0,0.0,1.0,35.0,0.0,13.0,3.0,14.0,1.0,1.0,0.0,3.0,1.0,34.0,0.0,0.0,0.0,0.0,0.0,0.0,0.0,0.0,0.0,0.0,0.0,0.0,0.0,0.0,0.0,0.0,0.0,0.0,2.0,7.0,3.0,0.0,3.0,2.0,3.0,5.0,6.0,6.0,11.0,8.0,0.0,0.0,0.0,0.0,0.0,0.0,0.0,0.0,0.0,0.0,0.0,0.0,0.0,0.0,0.0,0.0,0.0,0.0,2.0,9.0,3.0,0.0,3.0,2.0,3.0,6.0,6.0,7.0,16.0,9.0
38,1.0,38.0,London_303,cons,151,453,1092.0,70.0,2.0,167157.0,1.2180749368853867,826.0,61.0,2.0,59.0,121.0,19.0,102.0,89.0,120.0,166.0,4.0,116.0,8.0,26.0,4.0,9.0,24.0,82.0,149.0,198.0,234.0,7.0,1.0,4.0,0.0,2.0,0.0,0.0,0.0,0.0,25.0,0.0,2.0,7.0,12.0,0.0,2.0,1.0,1.0,2.0,23.0,0.0,0.0,0.0,0.0,0.0,0.0,0.0,0.0,0.0,0.0,0.0,1.0,0.0,1.0,1.0,0.0,0.0,0.0,0.0,8.0,3.0,0.0,4.0,9.0,3.0,8.0,1.0,9.0,12.0,3.0,0.0,0.0,0.0,0.0,0.0,0.0,0.0,0.0,0.0,0.0,0.0,1.0,0.0,5.0,3.0,0.0,0.0,0.0,0.0,10.0,3.0,0.0,4.0,10.0,3.0,9.0,1.0,12.0,15.0,3.0
39,1.0,39.0,London_303,cons,151,453,1092.0,70.0,2.0,178935.0,1.1516674431040883,852.0,105.0,0.0,105.0,190.0,0.0,190.0,85.0,119.0,162.0,7.0,115.0,8.0,29.0,4.0,9.0,23.0,80.0,147.0,203.0,231.0,3.0,0.0,1.0,0.0,2.0,0.0,0.0,0.0,0.0,75.0,0.0,34.0,1.0,33.0,0.0,3.0,0.0,4.0,0.0,75.0,0.0,0.0,0.0,0.0,0.0,0.0,0.0,0.0,0.0,0.0,0.0,0.0,0.0,0.0,0.0,0.0,0.0,0.0,2.0,2.0,5.0,0.0,0.0,5.0,1.0,2.0,1.0,15.0,8.0,4.0,0.0,0.0,0.0,0.0,0.0,0.0,0.0,0.0,0.0,0.0,0.0,0.0,0.0,0.0,0.0,0.0,0.0,0.0,2.0,2.0,5.0,0.0,0.0,5.0,1.0,2.0,1.0,21.0,10.0,5.0
40,1.0,40.0,London_303,cons,151,453,1092.0,70.0,2.0,168516.0,0.9901411379687488,829.0,147.0,0.0,147.0,257.0,0.0,257.0,68.0,120.0,160.0,6.0,113.0,8.0,28.0,6.0,12.0,24.0,85.0,147.0,197.0,235.0,6.0,1.0,4.0,0.0,1.0,0.0,0.0,0.0,0.0,107.0,2.0,44.0,9.0,40.0,0.0,2.0,2.0,8.0,0.0,107.0,0.0,0.0,0.0,0.0,0.0,0.0,0.0,0.0,0.0,0.0,0.0,0.0,0.0,0.0,0.0,0.0,0.0,0.0,3.0,4.0,2.0,1.0,4.0,10.0,2.0,2.0,2.0,14.0,10.0,16.0,0.0,0.0,0.0,0.0,0.0,0.0,0.0,0.0,0.0,0.0,0.0,0.0,0.0,0.0,0.0,0.0,0.0,0.0,3.0,4.0,2.0,1.0,5.0,14.0,2.0,2.0,2.0,16.0,10.0,17.0
41,1.0,41.0,London_303,cons,151,453,1092.0,70.0,2.0,135900.0,0.6720675909891725,757.0,48.0,0.0,48.0,86.0,0.0,86.0,91.0,121.0,159.0,2.0,119.0,9.0,31.0,1.0,11.0,23.0,82.0,148.0,200.0,236.0,11.0,3.0,6.0,0.0,1.0,0.0,0.0,0.0,1.0,22.0,0.0,2.0,4.0,11.0,1.0,3.0,0.0,1.0,0.0,22.0,0.0,0.0,0.0,0.0,0.0,0.0,0.0,0.0,0.0,0.0,0.0,0.0,0.0,0.0,0.0,0.0,0.0,0.0,4.0,1.0,1.0,1.0,0.0,5.0,5.0,3.0,4.0,10.0,8.0,8.0,0.0,0.0,0.0,0.0,0.0,0.0,0.0,0.0,0.0,0.0,0.0,0.0,0.0,0.0,0.0,0.0,0.0,0.0,5.0,1.0,1.0,1.0,0.0,5.0,8.0,3.0,4.0,14.0,8.0,11.0
42,1.0,42.0,London_303,cons,151,453,1092.0,70.0,2.0,158097.0,0.8654033290222287,806.0,89.0,2.0,87.0,176.0,20.0,156.0,67.0,123.0,163.0,2.0,107.0,11.0,34.0,2.0,11.0,24.0,84.0,155.0,190.0,233.0,4.0,0.0,3.0,0.0,1.0,0.0,0.0,0.0,0.0,46.0,0.0,13.0,6.0,20.0,1.0,4.0,1.0,1.0,1.0,45.0,0.0,0.0,0.0,0.0,0.0,0.0,0.0,0.0,0.0,0.0,0.0,0.0,2.0,0.0,0.0,0.0,0.0,0.0,2.0,2.0,3.0,1.0,2.0,3.0,2.0,4.0,6.0,8.0,12.0,6.0,0.0,0.0,0.0,0.0,0.0,0.0,0.0,0.0,0.0,0.0,0.0,0.0,8.0,0.0,0.0,0.0,0.0,0.0,2.0,3.0,3.0,1.0,2.0,4.0,2.0,4.0,6.0,10.0,18.0,9.0
43,1.0,43.0,London_303,cons,151,453,1092.0,70.0,2.0,152208.0,0.9671995542012155,793.0,105.0,0.0,105.0,165.0,0.0,165.0,99.0,122.0,166.0,8.0,103.0,11.0,32.0,1.0,10.0,26.0,76.0,141.0,210.0,225.0,0.0,0.0,0.0,0.0,0.0,0.0,0.0,0.0,0.0,52.0,0.0,25.0,4.0,18.0,0.0,3.0,0.0,2.0,0.0,52.0,0.0,0.0,0.0,0.0,0.0,0.0,0.0,0.0,0.0,0.0,0.0,0.0,0.0,0.0,0.0,0.0,0.0,0.0,2.0,3.0,4.0,0.0,4.0,4.0,1.0,3.0,4.0,7.0,19.0,12.0,0.0,0.0,0.0,0.0,0.0,0.0,0.0,0.0,0.0,0.0,0.0,0.0,0.0,0.0,0.0,0.0,0.0,0.0,3.0,3.0,4.0,0.0,4.0,5.0,1.0,3.0,4.0,8.0,21.0,13.0
44,1.0,44.0,London_303,cons,151,453,1092.0,70.0,2.0,135900.0,0.8182601616717875,757.0,107.0,0.0,107.0,189.0,0.0,189.0,85.0,123.0,163.0,13.0,100.0,11.0,31.0,1.0,11.0,28.0,75.0,146.0,204.0,233.0,0.0,0.0,0.0,0.0,0.0,0.0,0.0,0.0,0.0,65.0,0.0,25.0,3.0,25.0,0.0,7.0,0.0,5.0,0.0,65.0,0.0,0.0,0.0,0.0,0.0,0.0,0.0,0.0,0.0,0.0,0.0,0.0,0.0,0.0,0.0,0.0,0.0,0.0,3.0,2.0,0.0,1.0,5.0,2.0,8.0,6.0,3.0,12.0,11.0,20.0,0.0,0.0,0.0,0.0,0.0,0.0,0.0,0.0,0.0,0.0,0.0,0.0,0.0,0.0,0.0,0.0,0.0,0.0,3.0,2.0,0.0,1.0,6.0,2.0,11.0,8.0,4.0,16.0,16.0,24.0
45,1.0,45.0,London_303,cons,151,453,1092.0,70.0,2.0,125028.0,0.7664987808093429,733.0,25.0,0.0,25.0,40.0,0.0,40.0,88.0,125.0,162.0,8.0,111.0,9.0,26.0,1.0,11.0,29.0,82.0,145.0,197.0,242.0,1.0,1.0,0.0,0.0,0.0,0.0,0.0,0.0,0.0,9.0,0.0,4.0,1.0,4.0,0.0,0.0,0.0,0.0,0.0,9.0,0.0,0.0,0.0,0.0,0.0,0.0,0.0,0.0,0.0,0.0,0.0,0.0,0.0,0.0,0.0,0.0,0.0,0.0,3.0,2.0,1.0,0.0,2.0,3.0,4.0,2.0,1.0,2.0,7.0,6.0,0.0,0.0,0.0,0.0,0.0,0.0,0.0,0.0,0.0,0.0,0.0,0.0,0.0,0.0,0.0,0.0,0.0,0.0,3.0,3.0,1.0,0.0,2.0,3.0,5.0,2.0,2.0,2.0,8.0,7.0
46,1.0,46.0,London_303,cons,151,453,1092.0,70.0,2.0,155379.0,0.8898604973219335,800.0,91.0,2.0,89.0,177.0,19.0,158.0,30.0,122.0,157.0,9.0,110.0,13.0,30.0,1.0,11.0,29.0,84.0,149.0,191.0,248.0,6.0,1.0,0.0,0.0,4.0,0.0,1.0,0.0,0.0,57.0,0.0,28.0,0.0,22.0,1.0,4.0,1.0,1.0,1.0,56.0,0.0,0.0,0.0,0.0,0.0,0.0,0.0,0.0,0.0,0.0,0.0,0.0,0.0,1.0,2.0,0.0,0.0,0.0,0.0,2.0,1.0,0.0,3.0,3.0,4.0,2.0,4.0,11.0,12.0,6.0,0.0,0.0,0.0,0.0,0.0,0.0,0.0,0.0,0.0,0.0,0.0,0.0,0.0,8.0,6.0,0.0,0.0,0.0,0.0,2.0,1.0,0.0,3.0,4.0,4.0,2.0,4.0,12.0,17.0,6.0
47,1.0,47.0,London_303,cons,151,453,1092.0,70.0,2.0,163986.0,1.1930766087025404,819.0,96.0,2.0,94.0,178.0,19.0,159.0,78.0,124.0,152.0,10.0,103.0,19.0,30.0,1.0,14.0,27.0,79.0,152.0,195.0,235.0,5.0,0.0,3.0,0.0,2.0,0.0,0.0,0.0,0.0,64.0,0.0,19.0,7.0,29.0,0.0,6.0,0.0,3.0,2.0,62.0,0.0,0.0,0.0,0.0,0.0,0.0,0.0,0.0,0.0,0.0,0.0,0.0,0.0,1.0,1.0,0.0,0.0,0.0,1.0,1.0,0.0,1.0,5.0,1.0,3.0,1.0,5.0,7.0,8.0,5.0,0.0,0.0,0.0,0.0,0.0,0.0,0.0,0.0,0.0,0.0,0.0,0.0,0.0,5.0,1.0,0.0,0.0,0.0,1.0,2.0,0.0,1.0,5.0,1.0,6.0,1.0,5.0,11.0,11.0,6.0
48,1.0,48.0,London_303,cons,151,453,1092.0,70.0,2.0,155379.0,0.9500404032878578,800.0,69.0,0.0,69.0,132.0,0.0,132.0,73.0,129.0,157.0,8.0,97.0,13.0,33.0,2.0,14.0,24.0,82.0,146.0,201.0,234.0,9.0,0.0,5.0,0.0,4.0,0.0,0.0,0.0,0.0,42.0,0.0,13.0,2.0,23.0,0.0,3.0,0.0,1.0,0.0,42.0,0.0,0.0,0.0,0.0,0.0,0.0,0.0,0.0,0.0,0.0,0.0,0.0,0.0,0.0,0.0,0.0,0.0,0.0,0.0,4.0,2.0,0.0,2.0,8.0,1.0,3.0,5.0,5.0,12.0,6.0,0.0,0.0,0.0,0.0,0.0,0.0,0.0,0.0,0.0,0.0,0.0,0.0,0.0,0.0,0.0,0.0,0.0,0.0,0.0,4.0,2.0,0.0,2.0,10.0,2.0,3.0,5.0,7.0,15.0,7.0
49,1.0,49.0,London_303,cons,151,453,1092.0,70.0,2.0,158097.0,0.9743269700556993,806.0,18.0,0.0,18.0,29.0,0.0,29.0,70.0,132.0,160.0,8.0,93.0,9.0,33.0,3.0,15.0,25.0,80.0,146.0,202.0,224.0,9.0,3.0,6.0,0.0,0.0,0.0,0.0,0.0,0.0,7.0,0.0,0.0,0.0,7.0,0.0,0.0,0.0,0.0,0.0,7.0,0.0,0.0,0.0,0.0,0.0,0.0,0.0,0.0,0.0,0.0,0.0,0.0,0.0,0.0,0.0,0.0,0.0,0.0,0.0,0.0,0.0,0.0,0.0,0.0,0.0,2.0,5.0,2.0,6.0,1.0,0.0,0.0,0.0,0.0,0.0,0.0,0.0,0.0,0.0,0.0,0.0,0.0,0.0,0.0,0.0,0.0,0.0,0.0,0.0,0.0,0.0,0.0,0.0,0.0,0.0,2.0,5.0,3.0,8.0,1.0
50,1.0,50.0,London_303,cons,151,453,1092.0,70.0,2.0,197961.0,1.3077065232209861,894.0,135.0,1.0,134.0,244.0,9.0,235.0,28.0,132.0,158.0,11.0,92.0,9.0,34.0,3.0,14.0,25.0,79.0,145.0,204.0,220.0,5.0,2.0,1.0,0.0,2.0,0.0,0.0,0.0,0.0,93.0,0.0,33.0,7.0,41.0,1.0,4.0,0.0,7.0,0.0,93.0,0.0,0.0,0.0,0.0,0.0,0.0,0.0,0.0,0.0,0.0,0.0,0.0,1.0,0.0,0.0,0.0,0.0,0.0,4.0,6.0,4.0,1.0,3.0,5.0,0.0,2.0,6.0,9.0,11.0,9.0,0.0,0.0,0.0,0.0,0.0,0.0,0.0,0.0,0.0,0.0,0.0,0.0,6.0,0.0,0.0,0.0,0.0,0.0,5.0,8.0,4.0,2.0,3.0,6.0,0.0,3.0,9.0,14.0,16.0,9.0
51,1.0,51.0,London_303,cons,151,453,1092.0,70.0,2.0,172140.0,1.164491674862802,837.0,117.0,0.0,117.0,197.0,0.0,197.0,109.0,126.0,151.0,10.0,103.0,7.0,39.0,1.0,16.0,24.0,84.0,140.0,205.0,214.0,3.0,1.0,0.0,0.0,1.0,1.0,0.0,0.0,0.0,74.0,0.0,26.0,3.0,36.0,0.0,2.0,1.0,6.0,0.0,74.0,0.0,0.0,0.0,0.0,0.0,0.0,0.0,0.0,0.0,0.0,0.0,0.0,0.0,0.0,0.0,0.0,0.0,0.0,7.0,2.0,3.0,1.0,2.0,7.0,5.0,0.0,9.0,13.0,13.0,13.0,0.0,0.0,0.0,0.0,0.0,0.0,0.0,0.0,0.0,0.0,0.0,0.0,0.0,0.0,0.0,0.0,0.0,0.0,7.0,2.0,3.0,1.0,2.0,8.0,5.0,0.0,10.0,14.0,14.0,14.0
52,1.0,52.0,London_303,cons,151,453,1092.0,70.0,2.0,159003.0,0.9084450658410788,808.0,132.0,0.0,132.0,234.0,0.0,234.0,85.0,123.0,155.0,14.0,98.0,8.0,36.0,1.0,18.0,25.0,76.0,137.0,215.0,223.0,7.0,1.0,4.0,0.0,2.0,0.0,0.0,0.0,0.0,83.0,1.0,37.0,7.0,25.0,2.0,4.0,1.0,6.0,0.0,83.0,0.0,0.0,0.0,0.0,0.0,0.0,0.0,0.0,0.0,0.0,0.0,0.0,0.0,0.0,0.0,0.0,0.0,0.0,6.0,3.0,3.0,1.0,4.0,8.0,1.0,1.0,4.0,18.0,5.0,19.0,0.0,0.0,0.0,0.0,0.0,0.0,0.0,0.0,0.0,0.0,0.0,0.0,0.0,0.0,0.0,0.0,0.0,0.0,7.0,3.0,3.0,1.0,4.0,10.0,1.0,1.0,4.0,23.0,7.0,23.0
53,1.0,53.0,London_303,cons,151,453,1092.0,70.0,2.0,130464.0,0.7664691051468253,745.0,65.0,2.0,63.0,126.0,16.0,110.0,111.0,122.0,159.0,12.0,101.0,10.0,31.0,1.0,17.0,29.0,78.0,138.0,208.0,222.0,16.0,3.0,7.0,0.0,3.0,0.0,3.0,0.0,0.0,28.0,0.0,9.0,5.0,12.0,0.0,1.0,0.0,1.0,1.0,27.0,0.0,0.0,0.0,0.0,0.0,0.0,0.0,0.0,0.0,0.0,0.0,1.0,1.0,1.0,1.0,0.0,0.0,0.0,1.0,1.0,2.0,0.0,1.0,5.0,3.0,3.0,3.0,5.0,13.0,10.0,0.0,0.0,0.0,0.0,0.0,0.0,0.0,0.0,0.0,0.0,0.0,1.0,6.0,5.0,3.0,0.0,0.0,0.0,1.0,1.0,2.0,0.0,1.0,5.0,3.0,4.0,4.0,6.0,18.0,11.0
54,1.0,54.0,London_303,cons,151,453,1092.0,70.0,2.0,129105.0,0.716538836248219,742.0,63.0,2.0,61.0,132.0,19.0,113.0,98.0,118.0,145.0,16.0,108.0,12.0,34.0,1.0,19.0,23.0,73.0,141.0,216.0,211.0,0.0,0.0,0.0,0.0,0.0,0.0,0.0,0.0,0.0,26.0,0.0,11.0,2.0,9.0,0.0,2.0,0.0,2.0,1.0,25.0,0.0,0.0,0.0,0.0,0.0,0.0,0.0,0.0,0.0,0.0,0.0,0.0,0.0,1.0,0.0,0.0,0.0,0.0,3.0,0.0,2.0,1.0,2.0,2.0,5.0,0.0,8.0,6.0,8.0,10.0,0.0,0.0,0.0,0.0,0.0,0.0,0.0,0.0,0.0,0.0,0.0,0.0,0.0,6.0,0.0,0.0,0.0,0.0,3.0,0.0,2.0,1.0,2.0,2.0,9.0,0.0,13.0,8.0,9.0,10.0
55,1.0,55.0,London_303,cons,151,453,1092.0,70.0,2.0,127293.0,0.8545227660797536,738.0,50.0,2.0,48.0,102.0,19.0,83.0,80.0,122.0,141.0,16.0,107.0,13.0,32.0,1.0,21.0,21.0,78.0,145.0,209.0,208.0,5.0,1.0,1.0,0.0,1.0,0.0,1.0,0.0,1.0,23.0,0.0,5.0,0.0,13.0,0.0,5.0,0.0,0.0,1.0,22.0,0.0,0.0,0.0,0.0,0.0,0.0,0.0,0.0,0.0,0.0,0.0,0.0,1.0,1.0,1.0,0.0,0.0,0.0,2.0,0.0,1.0,0.0,1.0,2.0,7.0,1.0,3.0,4.0,6.0,7.0,0.0,0.0,0.0,0.0,0.0,0.0,0.0,0.0,0.0,0.0,0.0,0.0,6.0,1.0,7.0,0.0,0.0,0.0,2.0,0.0,1.0,0.0,1.0,3.0,9.0,1.0,3.0,5.0,9.0,7.0
56,1.0,56.0,London_303,cons,151,453,1092.0,70.0,2.0,146772.0,1.1257669371552765,781.0,97.0,2.0,95.0,189.0,18.0,171.0,67.0,124.0,135.0,13.0,113.0,11.0,35.0,0.0,22.0,22.0,74.0,140.0,217.0,193.0,12.0,1.0,7.0,0.0,3.0,0.0,1.0,0.0,0.0,53.0,0.0,17.0,1.0,29.0,0.0,4.0,1.0,1.0,2.0,51.0,0.0,0.0,0.0,0.0,0.0,0.0,0.0,0.0,0.0,0.0,0.0,0.0,1.0,0.0,1.0,0.0,0.0,0.0,1.0,3.0,1.0,2.0,2.0,8.0,6.0,2.0,2.0,14.0,11.0,12.0,0.0,0.0,0.0,0.0,0.0,0.0,0.0,0.0,0.0,0.0,0.0,0.0,5.0,0.0,5.0,0.0,0.0,0.0,1.0,4.0,1.0,3.0,2.0,9.0,7.0,2.0,2.0,17.0,15.0,15.0
57,1.0,57.0,London_303,cons,151,453,1092.0,70.0,2.0,139071.0,1.0635833027772605,764.0,56.0,0.0,56.0,99.0,0.0,99.0,110.0,132.0,127.0,11.0,116.0,14.0,33.0,0.0,20.0,19.0,78.0,126.0,230.0,183.0,4.0,0.0,3.0,0.0,1.0,0.0,0.0,0.0,0.0,16.0,0.0,4.0,1.0,9.0,0.0,1.0,0.0,1.0,0.0,16.0,0.0,0.0,0.0,0.0,0.0,0.0,0.0,0.0,0.0,0.0,0.0,0.0,0.0,0.0,0.0,0.0,0.0,0.0,2.0,5.0,7.0,0.0,4.0,6.0,4.0,0.0,3.0,8.0,9.0,11.0,0.0,0.0,0.0,0.0,0.0,0.0,0.0,0.0,0.0,0.0,0.0,0.0,0.0,0.0,0.0,0.0,0.0,0.0,2.0,6.0,7.0,0.0,4.0,6.0,5.0,0.0,5.0,13.0,11.0,15.0
58,1.0,58.0,London_303,cons,151,453,1092.0,70.0,2.0,154020.0,1.2894196757115424,797.0,185.0,2.0,183.0,337.0,21.0,316.0,77.0,143.0,124.0,14.0,112.0,12.0,31.0,0.0,17.0,20.0,83.0,131.0,219.0,183.0,6.0,1.0,4.0,0.0,1.0,0.0,0.0,0.0,0.0,124.0,2.0,50.0,5.0,52.0,0.0,11.0,1.0,3.0,2.0,122.0,0.0,0.0,0.0,0.0,0.0,0.0,0.0,0.0,0.0,0.0,0.0,0.0,0.0,0.0,1.0,0.0,0.0,0.0,2.0,8.0,3.0,0.0,8.0,7.0,3.0,0.0,7.0,16.0,14.0,18.0,0.0,0.0,0.0,0.0,0.0,0.0,0.0,0.0,0.0,0.0,0.0,0.0,0.0,0.0,1.0,0.0,0.0,0.0,2.0,8.0,3.0,0.0,8.0,8.0,5.0,0.0,9.0,20.0,18.0,22.0
59,1.0,59.0,London_303,cons,151,453,1092.0,70.0,2.0,103284.0,0.5297500239685178,685.0,6.0,0.0,6.0,12.0,0.0,12.0,126.0,140.0,124.0,15.0,119.0,3.0,33.0,0.0,19.0,20.0,77.0,131.0,225.0,187.0,2.0,0.0,1.0,0.0,1.0,0.0,0.0,0.0,0.0,0.0,0.0,0.0,0.0,0.0,0.0,0.0,0.0,0.0,0.0,0.0,0.0,0.0,0.0,0.0,0.0,0.0,0.0,0.0,0.0,0.0,0.0,0.0,0.0,0.0,0.0,0.0,0.0,0.0,0.0,0.0,0.0,0.0,0.0,2.0,1.0,1.0,0.0,1.0,2.0,1.0,0.0,0.0,0.0,0.0,0.0,0.0,0.0,0.0,0.0,0.0,0.0,0.0,0.0,0.0,0.0,0.0,0.0,0.0,0.0,0.0,0.0,0.0,0.0,2.0,1.0,1.0,0.0,1.0,3.0,2.0
60,1.0,60.0,London_303,cons,151,453,1092.0,70.0,2.0,144054.0,0.7832144410349429,775.0,40.0,2.0,38.0,85.0,18.0,67.0,14.0,142.0,121.0,13.0,118.0,5.0,34.0,0.0,20.0,20.0,77.0,136.0,220.0,186.0,8.0,3.0,2.0,0.0,2.0,0.0,1.0,0.0,0.0,11.0,0.0,3.0,0.0,6.0,0.0,1.0,0.0,1.0,2.0,9.0,0.0,0.0,0.0,0.0,0.0,0.0,0.0,0.0,0.0,0.0,0.0,1.0,0.0,1.0,0.0,0.0,0.0,0.0,2.0,1.0,3.0,0.0,2.0,5.0,1.0,2.0,1.0,6.0,10.0,5.0,0.0,0.0,0.0,0.0,0.0,0.0,0.0,0.0,0.0,0.0,0.0,1.0,0.0,5.0,0.0,0.0,0.0,0.0,2.0,1.0,4.0,0.0,2.0,7.0,1.0,2.0,1.0,8.0,15.0,5.0
61,1.0,61.0,London_303,cons,151,453,1092.0,70.0,2.0,168516.0,0.951229892205447,829.0,15.0,0.0,15.0,26.0,0.0,26.0,65.0,141.0,119.0,8.0,121.0,6.0,36.0,0.0,22.0,19.0,77.0,128.0,229.0,185.0,11.0,4.0,2.0,0.0,4.0,0.0,0.0,0.0,1.0,7.0,0.0,0.0,2.0,3.0,0.0,2.0,0.0,0.0,0.0,7.0,0.0,0.0,0.0,0.0,0.0,0.0,0.0,0.0,0.0,0.0,0.0,0.0,0.0,0.0,0.0,0.0,0.0,0.0,0.0,1.0,1.0,0.0,0.0,2.0,0.0,2.0,0.0,1.0,1.0,3.0,0.0,0.0,0.0,0.0,0.0,0.0,0.0,0.0,0.0,0.0,0.0,0.0,0.0,0.0,0.0,0.0,0.0,0.0,0.0,1.0,1.0,0.0,0.0,3.0,0.0,3.0,0.0,1.0,1.0,3.0
62,1.0,62.0,London_303,cons,151,453,1092.0,70.0,2.0,204303.0,1.1621792311780155,908.0,175.0,0.0,175.0,309.0,0.0,309.0,22.0,140.0,119.0,8.0,123.0,7.0,36.0,0.0,20.0,19.0,74.0,131.0,229.0,178.0,1.0,0.0,0.0,0.0,1.0,0.0,0.0,0.0,0.0,105.0,1.0,32.0,11.0,51.0,3.0,5.0,1.0,1.0,0.0,105.0,0.0,0.0,0.0,0.0,0.0,0.0,0.0,0.0,0.0,0.0,0.0,0.0,0.0,0.0,0.0,0.0,0.0,0.0,2.0,5.0,0.0,2.0,6.0,8.0,3.0,3.0,6.0,13.0,24.0,15.0,0.0,0.0,0.0,0.0,0.0,0.0,0.0,0.0,0.0,0.0,0.0,0.0,0.0,0.0,0.0,0.0,0.0,0.0,2.0,6.0,0.0,2.0,6.0,11.0,4.0,3.0,9.0,15.0,35.0,19.0
63,1.0,63.0,London_303,cons,151,453,1092.0,70.0,2.0,165345.0,0.9692972050979733,822.0,55.0,1.0,54.0,106.0,10.0,96.0,144.0,123.0,126.0,12.0,134.0,6.0,36.0,2.0,14.0,22.0,80.0,118.0,233.0,184.0,4.0,2.0,0.0,0.0,1.0,0.0,1.0,0.0,0.0,15.0,1.0,5.0,0.0,2.0,1.0,5.0,0.0,1.0,1.0,14.0,0.0,0.0,0.0,0.0,0.0,0.0,0.0,0.0,0.0,0.0,0.0,0.0,0.0,1.0,0.0,0.0,0.0,0.0,2.0,3.0,2.0,0.0,3.0,4.0,5.0,7.0,8.0,7.0,16.0,10.0,0.0,0.0,0.0,0.0,0.0,0.0,0.0,0.0,0.0,0.0,0.0,0.0,0.0,1.0,0.0,0.0,0.0,0.0,2.0,3.0,2.0,0.0,3.0,5.0,9.0,9.0,10.0,10.0,18.0,13.0
64,1.0,64.0,London_303,cons,151,453,1092.0,70.0,2.0,185277.0,1.1240120357833803,866.0,181.0,0.0,181.0,332.0,0.0,332.0,87.0,126.0,127.0,10.0,135.0,4.0,36.0,3.0,12.0,21.0,77.0,114.0,241.0,185.0,3.0,0.0,1.0,0.0,1.0,0.0,1.0,0.0,0.0,107.0,0.0,48.0,9.0,38.0,1.0,7.0,1.0,3.0,0.0,107.0,0.0,0.0,0.0,0.0,0.0,0.0,0.0,0.0,0.0,0.0,0.0,0.0,0.0,0.0,0.0,0.0,0.0,0.0,3.0,1.0,2.0,1.0,7.0,8.0,7.0,6.0,7.0,17.0,18.0,21.0,0.0,0.0,0.0,0.0,0.0,0.0,0.0,0.0,0.0,0.0,0.0,0.0,0.0,0.0,0.0,0.0,0.0,0.0,3.0,1.0,2.0,1.0,7.0,10.0,9.0,7.0,10.0,23.0,22.0,24.0
65,1.0,65.0,London_303,cons,151,453,1092.0,70.0,2.0,141336.0,0.8686434011906385,769.0,116.0,0.0,116.0,194.0,0.0,194.0,149.0,127.0,135.0,7.0,122.0,11.0,34.0,3.0,14.0,22.0,73.0,122.0,236.0,188.0,5.0,1.0,1.0,0.0,3.0,0.0,0.0,0.0,0.0,62.0,0.0,24.0,3.0,29.0,1.0,4.0,1.0,0.0,0.0,62.0,0.0,0.0,0.0,0.0,0.0,0.0,0.0,0.0,0.0,0.0,0.0,0.0,0.0,0.0,0.0,0.0,0.0,0.0,3.0,0.0,4.0,0.0,4.0,4.0,6.0,4.0,6.0,15.0,9.0,7.0,0.0,0.0,0.0,0.0,0.0,0.0,0.0,0.0,0.0,0.0,0.0,0.0,0.0,0.0,0.0,0.0,0.0,0.0,3.0,0.0,4.0,0.0,4.0,5.0,8.0,6.0,7.0,20.0,12.0,7.0
66,1.0,66.0,London_303,cons,151,453,1092.0,70.0,2.0,125934.0,1.9898178479634225,735.0,73.0,2.0,71.0,145.0,18.0,127.0,102.0,122.0,128.0,10.0,120.0,10.0,46.0,1.0,16.0,26.0,76.0,128.0,223.0,192.0,2.0,0.0,0.0,0.0,1.0,1.0,0.0,0.0,0.0,35.0,0.0,17.0,1.0,14.0,1.0,2.0,0.0,0.0,1.0,34.0,0.0,0.0,0.0,0.0,0.0,0.0,0.0,0.0,0.0,0.0,0.0,0.0,0.0,0.0,0.0,0.0,0.0,0.0,2.0,1.0,1.0,0.0,5.0,3.0,6.0,4.0,4.0,13.0,12.0,7.0,0.0,0.0,0.0,0.0,0.0,0.0,0.0,0.0,0.0,0.0,0.0,0.0,0.0,0.0,0.0,0.0,0.0,0.0,3.0,1.0,1.0,0.0,5.0,4.0,6.0,6.0,5.0,16.0,14.0,10.0
67,1.0,67.0,London_303,cons,151,453,1092.0,70.0,2.0,127293.0,0.6611941065639257,738.0,39.0,2.0,37.0,81.0,19.0,62.0,97.0,140.0,136.0,7.0,103.0,9.0,40.0,1.0,17.0,20.0,75.0,125.0,233.0,189.0,0.0,0.0,0.0,0.0,0.0,0.0,0.0,0.0,0.0,13.0,0.0,4.0,3.0,3.0,0.0,2.0,0.0,1.0,1.0,12.0,0.0,0.0,0.0,0.0,0.0,0.0,0.0,0.0,0.0,0.0,0.0,0.0,2.0,0.0,1.0,0.0,0.0,0.0,1.0,2.0,2.0,0.0,2.0,3.0,0.0,2.0,5.0,6.0,6.0,8.0,0.0,0.0,0.0,0.0,0.0,0.0,0.0,0.0,0.0,0.0,0.0,0.0,15.0,0.0,3.0,0.0,0.0,0.0,1.0,3.0,2.0,0.0,2.0,3.0,0.0,4.0,5.0,7.0,7.0,12.0
68,1.0,68.0,London_303,cons,151,453,1092.0,70.0,2.0,147678.0,0.9342413232661784,783.0,18.0,0.0,18.0,30.0,0.0,30.0,64.0,144.0,134.0,4.0,106.0,7.0,38.0,1.0,19.0,16.0,78.0,127.0,232.0,185.0,7.0,1.0,4.0,0.0,0.0,0.0,2.0,0.0,0.0,4.0,0.0,2.0,0.0,2.0,0.0,0.0,0.0,0.0,0.0,4.0,0.0,0.0,0.0,0.0,0.0,0.0,0.0,0.0,0.0,0.0,0.0,0.0,0.0,0.0,0.0,0.0,0.0,0.0,0.0,0.0,1.0,0.0,1.0,3.0,0.0,1.0,5.0,6.0,4.0,5.0,0.0,0.0,0.0,0.0,0.0,0.0,0.0,0.0,0.0,0.0,0.0,0.0,0.0,0.0,0.0,0.0,0.0,0.0,0.0,0.0,2.0,0.0,1.0,3.0,0.0,1.0,6.0,9.0,4.0,6.0
69,1.0,69.0,London_303,cons,151,453,1092.0,70.0,2.0,178029.0,1.8344447929412127,850.0,96.0,1.0,95.0,167.0,9.0,158.0,33.0,143.0,135.0,4.0,104.0,7.0,40.0,1.0,19.0,18.0,81.0,122.0,232.0,183.0,4.0,3.0,1.0,0.0,0.0,0.0,0.0,0.0,0.0,58.0,0.0,14.0,5.0,30.0,0.0,5.0,1.0,3.0,0.0,58.0,0.0,0.0,0.0,0.0,0.0,0.0,0.0,0.0,0.0,0.0,0.0,0.0,1.0,0.0,0.0,0.0,0.0,0.0,2.0,1.0,1.0,0.0,5.0,8.0,1.0,4.0,5.0,8.0,6.0,14.0,0.0,0.0,0.0,0.0,0.0,0.0,0.0,0.0,0.0,0.0,0.0,0.0,7.0,0.0,0.0,0.0,0.0,0.0,2.0,1.0,1.0,0.0,6.0,9.0,1.0,4.0,5.0,10.0,7.0,14.0
70,1.0,70.0,London_303,cons,151,453,1092.0,70.0,2.0,171687.0,0.9963050670921803,836.0,115.0,2.0,113.0,202.0,18.0,184.0,77.0,141.0,135.0,5.0,97.0,6.0,48.0,0.0,21.0,15.0,82.0,122.0,234.0,185.0,0.0,0.0,0.0,0.0,0.0,0.0,0.0,0.0,0.0,67.0,0.0,20.0,10.0,33.0,1.0,2.0,0.0,1.0,2.0,65.0,0.0,0.0,0.0,0.0,0.0,0.0,0.0,0.0,0.0,0.0,0.0,0.0,0.0,2.0,1.0,0.0,0.0,0.0,0.0,1.0,2.0,1.0,2.0,2.0,4.0,1.0,3.0,10.0,10.0,9.0,0.0,0.0,0.0,0.0,0.0,0.0,0.0,0.0,0.0,0.0,0.0,0.0,0.0,10.0,7.0,0.0,0.0,0.0,0.0,1.0,2.0,2.0,2.0,2.0,5.0,1.0,4.0,11.0,15.0,9.0
71,1.0,71.0,London_303,cons,151,453,1092.0,70.0,2.0,156285.0,1.9333410151302814,802.0,129.0,3.0,126.0,227.0,24.0,203.0,89.0,139.0,129.0,12.0,99.0,2.0,52.0,0.0,20.0,10.0,87.0,114.0,242.0,183.0,1.0,1.0,0.0,0.0,0.0,0.0,0.0,0.0,0.0,76.0,0.0,22.0,3.0,39.0,2.0,7.0,1.0,2.0,3.0,73.0,0.0,0.0,0.0,0.0,0.0,0.0,0.0,0.0,0.0,0.0,0.0,0.0,0.0,0.0,2.0,0.0,0.0,0.0,0.0,2.0,1.0,0.0,5.0,6.0,7.0,2.0,4.0,17.0,12.0,7.0,0.0,0.0,0.0,0.0,0.0,0.0,0.0,0.0,0.0,0.0,0.0,0.0,0.0,0.0,3.0,0.0,0.0,0.0,0.0,2.0,1.0,0.0,5.0,9.0,8.0,2.0,5.0,21.0,16.0,8.0
72,1.0,72.0,London_303,cons,151,453,1092.0,70.0,2.0,130464.0,0.8000513650476933,745.0,92.0,0.0,92.0,169.0,0.0,169.0,97.0,138.0,150.0,8.0,93.0,3.0,41.0,0.0,20.0,13.0,102.0,110.0,228.0,188.0,8.0,3.0,3.0,0.0,2.0,0.0,0.0,0.0,0.0,48.0,0.0,8.0,7.0,24.0,1.0,4.0,1.0,3.0,0.0,48.0,0.0,0.0,0.0,0.0,0.0,0.0,0.0,0.0,0.0,0.0,0.0,0.0,0.0,0.0,0.0,0.0,0.0,0.0,0.0,2.0,1.0,1.0,3.0,3.0,5.0,2.0,8.0,11.0,15.0,18.0,0.0,0.0,0.0,0.0,0.0,0.0,0.0,0.0,0.0,0.0,0.0,0.0,0.0,0.0,0.0,0.0,0.0,0.0,0.0,3.0,1.0,2.0,3.0,4.0,7.0,2.0,9.0,13.0,18.0,25.0
73,1.0,73.0,London_303,cons,151,453,1092.0,70.0,2.0,122310.0,0.8041829830035567,727.0,63.0,0.0,63.0,95.0,0.0,95.0,100.0,136.0,138.0,8.0,101.0,6.0,44.0,0.0,20.0,14.0,98.0,117.0,224.0,191.0,2.0,0.0,1.0,0.0,1.0,0.0,0.0,0.0,0.0,19.0,0.0,5.0,2.0,9.0,0.0,1.0,0.0,2.0,0.0,19.0,0.0,0.0,0.0,0.0,0.0,0.0,0.0,0.0,0.0,0.0,0.0,0.0,0.0,0.0,0.0,0.0,0.0,0.0,1.0,1.0,1.0,0.0,2.0,11.0,1.0,2.0,1.0,9.0,10.0,6.0,0.0,0.0,0.0,0.0,0.0,0.0,0.0,0.0,0.0,0.0,0.0,0.0,0.0,0.0,0.0,0.0,0.0,0.0,2.0,1.0,1.0,0.0,2.0,12.0,1.0,2.0,1.0,11.0,11.0,7.0
74,1.0,74.0,London_303,cons,151,453,1092.0,70.0,2.0,126387.0,0.9275190797634423,736.0,2.0,0.0,2.0,3.0,0.0,3.0,71.0,132.0,136.0,5.0,107.0,8.0,47.0,0.0,18.0,15.0,97.0,119.0,222.0,190.0,5.0,2.0,2.0,0.0,1.0,0.0,0.0,0.0,0.0,0.0,0.0,0.0,0.0,0.0,0.0,0.0,0.0,0.0,0.0,0.0,0.0,0.0,0.0,0.0,0.0,0.0,0.0,0.0,0.0,0.0,0.0,0.0,0.0,0.0,0.0,0.0,0.0,0.0,0.0,0.0,0.0,0.0,0.0,0.0,0.0,0.0,1.0,0.0,0.0,0.0,0.0,0.0,0.0,0.0,0.0,0.0,0.0,0.0,0.0,0.0,0.0,0.0,0.0,0.0,0.0,0.0,0.0,0.0,0.0,0.0,0.0,0.0,0.0,0.0,0.0,0.0,1.0,0.0,0.0,0.0
75,1.0,75.0,London_303,cons,151,453,1092.0,70.0,2.0,154926.0,1.2327944212593138,799.0,96.0,2.0,94.0,194.0,18.0,176.0,8.0,129.0,137.0,5.0,107.0,9.0,48.0,0.0,18.0,15.0,93.0,121.0,224.0,187.0,8.0,2.0,3.0,0.0,1.0,0.0,1.0,0.0,1.0,47.0,0.0,12.0,6.0,22.0,0.0,6.0,0.0,1.0,2.0,45.0,0.0,0.0,0.0,0.0,0.0,0.0,0.0,0.0,0.0,0.0,0.0,0.0,0.0,0.0,1.0,0.0,0.0,0.0,3.0,5.0,3.0,0.0,3.0,4.0,4.0,2.0,2.0,10.0,12.0,17.0,0.0,0.0,0.0,0.0,0.0,0.0,0.0,0.0,0.0,0.0,0.0,0.0,0.0,0.0,2.0,0.0,0.0,0.0,3.0,7.0,4.0,0.0,3.0,4.0,6.0,2.0,3.0,19.0,23.0,20.0
76,1.0,76.0,London_303,cons,151,453,1092.0,70.0,2.0,150396.0,0.979009612929076,789.0,106.0,0.0,106.0,169.0,0.0,169.0,126.0,138.0,138.0,8.0,99.0,11.0,37.0,1.0,21.0,16.0,89.0,113.0,235.0,187.0,2.0,0.0,0.0,0.0,1.0,0.0,1.0,0.0,0.0,49.0,0.0,19.0,4.0,18.0,0.0,5.0,1.0,2.0,0.0,49.0,0.0,0.0,0.0,0.0,0.0,0.0,0.0,0.0,0.0,0.0,0.0,0.0,0.0,0.0,0.0,0.0,0.0,0.0,1.0,5.0,1.0,1.0,4.0,2.0,4.0,2.0,6.0,9.0,13.0,8.0,0.0,0.0,0.0,0.0,0.0,0.0,0.0,0.0,0.0,0.0,0.0,0.0,0.0,0.0,0.0,0.0,0.0,0.0,1.0,6.0,1.0,1.0,4.0,3.0,6.0,4.0,8.0,10.0,17.0,12.0
77,1.0,77.0,London_303,cons,151,453,1092.0,70.0,2.0,141789.0,0.8455489282496274,770.0,104.0,2.0,102.0,191.0,17.0,174.0,95.0,139.0,139.0,7.0,90.0,15.0,43.0,2.0,18.0,18.0,90.0,113.0,232.0,190.0,10.0,3.0,5.0,0.0,2.0,0.0,0.0,0.0,0.0,64.0,0.0,16.0,7.0,27.0,0.0,9.0,1.0,4.0,2.0,62.0,0.0,0.0,0.0,0.0,0.0,0.0,0.0,0.0,0.0,0.0,0.0,0.0,1.0,1.0,0.0,0.0,0.0,0.0,6.0,1.0,1.0,1.0,2.0,6.0,5.0,1.0,4.0,10.0,14.0,11.0,0.0,0.0,0.0,0.0,0.0,0.0,0.0,0.0,0.0,0.0,0.0,0.0,4.0,1.0,0.0,0.0,0.0,0.0,6.0,1.0,1.0,1.0,2.0,10.0,7.0,4.0,4.0,12.0,21.0,12.0
78,1.0,78.0,London_303,cons,151,453,1092.0,70.0,2.0,142242.0,0.7965480540879071,771.0,85.0,2.0,83.0,160.0,21.0,139.0,92.0,135.0,134.0,10.0,105.0,12.0,39.0,1.0,17.0,15.0,89.0,129.0,220.0,185.0,3.0,3.0,0.0,0.0,0.0,0.0,0.0,0.0,0.0,47.0,0.0,16.0,3.0,20.0,1.0,5.0,1.0,1.0,2.0,45.0,0.0,0.0,0.0,0.0,0.0,0.0,0.0,0.0,0.0,0.0,0.0,0.0,1.0,0.0,2.0,0.0,0.0,0.0,1.0,0.0,3.0,0.0,3.0,2.0,2.0,1.0,3.0,10.0,12.0,8.0,0.0,0.0,0.0,0.0,0.0,0.0,0.0,0.0,0.0,0.0,0.0,0.0,3.0,0.0,3.0,0.0,0.0,0.0,1.0,0.0,3.0,0.0,3.0,2.0,2.0,1.0,4.0,13.0,16.0,9.0
79,1.0,79.0,London_303,cons,151,453,1092.0,70.0,2.0,140883.0,0.8544071861542761,768.0,71.0,2.0,69.0,141.0,17.0,124.0,83.0,130.0,141.0,10.0,102.0,12.0,39.0,1.0,18.0,16.0,85.0,118.0,234.0,197.0,7.0,1.0,2.0,0.0,4.0,0.0,0.0,0.0,0.0,37.0,0.0,11.0,4.0,20.0,0.0,0.0,0.0,2.0,1.0,36.0,0.0,0.0,0.0,0.0,0.0,0.0,0.0,0.0,0.0,0.0,0.0,0.0,0.0,0.0,2.0,0.0,0.0,0.0,3.0,1.0,0.0,1.0,1.0,6.0,2.0,0.0,8.0,12.0,9.0,9.0,0.0,0.0,0.0,0.0,0.0,0.0,0.0,0.0,0.0,0.0,0.0,0.0,0.0,0.0,7.0,0.0,0.0,0.0,3.0,1.0,0.0,1.0,1.0,6.0,3.0,0.0,11.0,20.0,9.0,12.0
80,1.0,80.0,London_303,cons,151,453,1092.0,70.0,2.0,138618.0,1.3814572663977742,763.0,4.0,0.0,4.0,9.0,0.0,9.0,87.0,137.0,142.0,8.0,88.0,12.0,45.0,1.0,20.0,12.0,95.0,109.0,237.0,188.0,1.0,0.0,0.0,0.0,0.0,0.0,1.0,0.0,0.0,1.0,0.0,0.0,0.0,1.0,0.0,0.0,0.0,0.0,0.0,1.0,0.0,0.0,0.0,0.0,0.0,0.0,0.0,0.0,0.0,0.0,0.0,0.0,0.0,0.0,0.0,0.0,0.0,0.0,1.0,2.0,0.0,0.0,1.0,0.0,0.0,0.0,0.0,0.0,0.0,0.0,0.0,0.0,0.0,0.0,0.0,0.0,0.0,0.0,0.0,0.0,0.0,0.0,0.0,0.0,0.0,0.0,0.0,0.0,1.0,5.0,0.0,0.0,1.0,0.0,0.0,0.0,0.0,0.0,0.0,0.0
81,1.0,81.0,London_303,cons,151,453,1092.0,70.0,2.0,176670.0,1.0446087466552854,847.0,55.0,0.0,55.0,98.0,0.0,98.0,8.0,138.0,143.0,8.0,86.0,12.0,45.0,1.0,20.0,12.0,96.0,113.0,232.0,189.0,4.0,0.0,2.0,0.0,1.0,0.0,0.0,0.0,1.0,22.0,0.0,4.0,5.0,9.0,0.0,1.0,1.0,2.0,0.0,22.0,0.0,0.0,0.0,0.0,0.0,0.0,0.0,0.0,0.0,0.0,0.0,0.0,0.0,0.0,0.0,0.0,0.0,0.0,3.0,3.0,3.0,1.0,3.0,7.0,4.0,2.0,1.0,11.0,9.0,11.0,0.0,0.0,0.0,0.0,0.0,0.0,0.0,0.0,0.0,0.0,0.0,0.0,0.0,0.0,0.0,0.0,0.0,0.0,3.0,4.0,3.0,1.0,3.0,7.0,8.0,2.0,1.0,16.0,14.0,13.0
82,1.0,82.0,London_303,cons,151,453,1092.0,70.0,2.0,193884.0,1.152011432684958,885.0,120.0,0.0,120.0,199.0,0.0,199.0,68.0,135.0,143.0,8.0,87.0,12.0,48.0,1.0,19.0,13.0,93.0,127.0,220.0,190.0,11.0,3.0,3.0,0.0,4.0,0.0,0.0,0.0,1.0,79.0,0.0,28.0,8.0,37.0,0.0,1.0,1.0,4.0,0.0,79.0,0.0,0.0,0.0,0.0,0.0,0.0,0.0,0.0,0.0,0.0,0.0,0.0,0.0,0.0,0.0,0.0,0.0,0.0,3.0,0.0,2.0,2.0,7.0,5.0,3.0,3.0,5.0,8.0,17.0,5.0,0.0,0.0,0.0,0.0,0.0,0.0,0.0,0.0,0.0,0.0,0.0,0.0,0.0,0.0,0.0,0.0,0.0,0.0,3.0,0.0,2.0,2.0,7.0,8.0,4.0,3.0,6.0,13.0,22.0,5.0
83,1.0,83.0,London_303,cons,151,453,1092.0,70.0,2.0,187089.0,1.364573793951422,870.0,157.0,0.0,157.0,256.0,0.0,256.0,90.0,133.0,143.0,6.0,95.0,14.0,42.0,1.0,19.0,14.0,90.0,127.0,222.0,195.0,1.0,1.0,0.0,0.0,0.0,0.0,0.0,0.0,0.0,101.0,1.0,43.0,5.0,42.0,0.0,6.0,1.0,3.0,0.0,101.0,0.0,0.0,0.0,0.0,0.0,0.0,0.0,0.0,0.0,0.0,0.0,0.0,0.0,0.0,0.0,0.0,0.0,0.0,0.0,4.0,2.0,2.0,6.0,3.0,2.0,1.0,8.0,20.0,16.0,16.0,0.0,0.0,0.0,0.0,0.0,0.0,0.0,0.0,0.0,0.0,0.0,0.0,0.0,0.0,0.0,0.0,0.0,0.0,0.0,4.0,2.0,2.0,6.0,3.0,2.0,2.0,9.0,26.0,17.0,17.0
84,1.0,84.0,London_303,cons,151,453,1092.0,70.0,2.0,148131.0,0.8760269163176417,784.0,145.0,1.0,144.0,256.0,9.0,247.0,106.0,132.0,152.0,10.0,95.0,6.0,41.0,0.0,17.0,16.0,97.0,116.0,224.0,204.0,3.0,1.0,2.0,0.0,0.0,0.0,0.0,0.0,0.0,86.0,0.0,38.0,4.0,35.0,0.0,5.0,1.0,3.0,1.0,85.0,0.0,0.0,0.0,0.0,0.0,0.0,0.0,0.0,0.0,0.0,0.0,0.0,0.0,0.0,0.0,0.0,0.0,0.0,3.0,1.0,5.0,0.0,3.0,5.0,3.0,4.0,3.0,14.0,18.0,13.0,0.0,0.0,0.0,0.0,0.0,0.0,0.0,0.0,0.0,0.0,0.0,0.0,0.0,0.0,0.0,0.0,0.0,0.0,3.0,1.0,5.0,0.0,3.0,5.0,3.0,6.0,5.0,18.0,22.0,15.0
85,1.0,85.0,London_303,cons,151,453,1092.0,70.0,2.0,110985.0,0.7776957880705595,702.0,18.0,2.0,16.0,45.0,19.0,26.0,116.0,123.0,149.0,7.0,105.0,6.0,47.0,1.0,15.0,22.0,90.0,118.0,223.0,209.0,2.0,0.0,0.0,0.0,2.0,0.0,0.0,0.0,0.0,6.0,0.0,2.0,0.0,1.0,0.0,2.0,0.0,1.0,2.0,4.0,0.0,0.0,0.0,0.0,0.0,0.0,0.0,0.0,1.0,0.0,0.0,0.0,0.0,1.0,2.0,0.0,0.0,0.0,1.0,1.0,0.0,1.0,1.0,2.0,0.0,2.0,1.0,2.0,3.0,4.0,0.0,0.0,0.0,0.0,0.0,0.0,0.0,0.0,1.0,0.0,0.0,0.0,0.0,1.0,3.0,0.0,0.0,0.0,1.0,1.0,0.0,1.0,1.0,2.0,0.0,3.0,1.0,3.0,6.0,4.0
86,1.0,86.0,London_303,cons,151,453,1092.0,70.0,2.0,143148.0,0.8241603411734104,773.0,35.0,2.0,33.0,77.0,18.0,59.0,26.0,122.0,158.0,8.0,99.0,5.0,45.0,1.0,15.0,23.0,88.0,118.0,224.0,207.0,5.0,0.0,1.0,0.0,3.0,0.0,0.0,0.0,1.0,10.0,0.0,2.0,2.0,1.0,0.0,3.0,1.0,1.0,2.0,8.0,0.0,0.0,0.0,0.0,0.0,0.0,0.0,0.0,0.0,0.0,0.0,0.0,0.0,0.0,2.0,0.0,0.0,0.0,2.0,6.0,2.0,0.0,1.0,2.0,5.0,0.0,2.0,5.0,7.0,8.0,0.0,0.0,0.0,0.0,0.0,0.0,0.0,0.0,0.0,0.0,0.0,0.0,0.0,0.0,2.0,0.0,0.0,0.0,4.0,8.0,2.0,0.0,1.0,2.0,7.0,0.0,2.0,9.0,9.0,11.0
87,1.0,87.0,London_303,cons,151,453,1092.0,70.0,2.0,169875.0,1.186253850813955,832.0,70.0,1.0,69.0,132.0,9.0,123.0,55.0,124.0,166.0,7.0,90.0,5.0,47.0,1.0,13.0,23.0,94.0,115.0,221.0,210.0,5.0,3.0,1.0,0.0,0.0,0.0,1.0,0.0,0.0,35.0,0.0,9.0,6.0,10.0,1.0,2.0,1.0,6.0,0.0,35.0,0.0,0.0,0.0,0.0,0.0,0.0,0.0,0.0,0.0,0.0,0.0,0.0,0.0,0.0,1.0,0.0,0.0,0.0,3.0,2.0,3.0,0.0,2.0,4.0,3.0,2.0,4.0,11.0,8.0,10.0,0.0,0.0,0.0,0.0,0.0,0.0,0.0,0.0,0.0,0.0,0.0,0.0,0.0,0.0,4.0,0.0,0.0,0.0,4.0,4.0,5.0,0.0,2.0,5.0,4.0,2.0,6.0,14.0,11.0,10.0
88,1.0,88.0,London_303,cons,151,453,1092.0,70.0,2.0,178482.0,1.0759748499840498,851.0,141.0,0.0,141.0,251.0,0.0,251.0,78.0,123.0,166.0,3.0,90.0,8.0,49.0,1.0,13.0,18.0,95.0,116.0,224.0,207.0,6.0,1.0,4.0,0.0,0.0,0.0,0.0,0.0,1.0,89.0,1.0,37.0,11.0,30.0,0.0,7.0,0.0,3.0,0.0,89.0,0.0,0.0,0.0,0.0,0.0,0.0,0.0,0.0,0.0,0.0,0.0,0.0,0.0,0.0,0.0,0.0,0.0,0.0,2.0,4.0,2.0,1.0,5.0,9.0,3.0,5.0,1.0,13.0,14.0,10.0,0.0,0.0,0.0,0.0,0.0,0.0,0.0,0.0,0.0,0.0,0.0,0.0,0.0,0.0,0.0,0.0,0.0,0.0,2.0,5.0,2.0,1.0,5.0,11.0,3.0,7.0,1.0,19.0,15.0,12.0
89,1.0,89.0,London_303,cons,151,453,1092.0,70.0,2.0,146319.0,0.8428547321818769,780.0,160.0,0.0,160.0,283.0,0.0,283.0,114.0,113.0,154.0,9.0,99.0,10.0,52.0,1.0,15.0,19.0,98.0,110.0,226.0,216.0,2.0,1.0,1.0,0.0,0.0,0.0,0.0,0.0,0.0,106.0,0.0,42.0,4.0,34.0,2.0,18.0,1.0,5.0,0.0,106.0,0.0,0.0,0.0,0.0,0.0,0.0,0.0,0.0,0.0,0.0,0.0,0.0,0.0,0.0,0.0,0.0,0.0,0.0,1.0,1.0,4.0,2.0,4.0,5.0,5.0,1.0,6.0,11.0,19.0,5.0,0.0,0.0,0.0,0.0,0.0,0.0,0.0,0.0,0.0,0.0,0.0,0.0,0.0,0.0,0.0,0.0,0.0,0.0,1.0,1.0,4.0,2.0,4.0,5.0,7.0,1.0,8.0,14.0,27.0,5.0
90,1.0,90.0,London_303,cons,151,453,1092.0,70.0,2.0,102831.0,0.5359416319988668,684.0,6.0,0.0,6.0,11.0,0.0,11.0,121.0,116.0,166.0,8.0,87.0,9.0,50.0,2.0,15.0,21.0,97.0,118.0,217.0,214.0,2.0,1.0,1.0,0.0,0.0,0.0,0.0,0.0,0.0,0.0,0.0,0.0,0.0,0.0,0.0,0.0,0.0,0.0,0.0,0.0,0.0,0.0,0.0,0.0,0.0,0.0,0.0,0.0,0.0,0.0,0.0,0.0,0.0,0.0,0.0,0.0,0.0,0.0,0.0,0.0,0.0,0.0,0.0,2.0,0.0,0.0,2.0,1.0,1.0,0.0,0.0,0.0,0.0,0.0,0.0,0.0,0.0,0.0,0.0,0.0,0.0,0.0,0.0,0.0,0.0,0.0,0.0,0.0,0.0,0.0,0.0,0.0,0.0,2.0,0.0,0.0,3.0,2.0,2.0,0.0
91,1.0,91.0,London_303,cons,151,453,1092.0,70.0,2.0,141789.0,0.7903176569379866,770.0,85.0,0.0,85.0,151.0,0.0,151.0,13.0,117.0,164.0,8.0,87.0,10.0,50.0,2.0,15.0,21.0,95.0,117.0,220.0,212.0,4.0,0.0,3.0,0.0,0.0,0.0,1.0,0.0,0.0,45.0,0.0,17.0,2.0,20.0,0.0,3.0,0.0,3.0,0.0,45.0,0.0,0.0,0.0,0.0,0.0,0.0,0.0,0.0,0.0,0.0,0.0,0.0,0.0,0.0,0.0,0.0,0.0,0.0,1.0,5.0,4.0,1.0,1.0,6.0,2.0,0.0,8.0,7.0,11.0,6.0,0.0,0.0,0.0,0.0,0.0,0.0,0.0,0.0,0.0,0.0,0.0,0.0,0.0,0.0,0.0,0.0,0.0,0.0,1.0,7.0,4.0,2.0,1.0,8.0,2.0,0.0,9.0,8.0,14.0,7.0
92,1.0,92.0,London_303,cons,151,453,1092.0,70.0,2.0,150396.0,0.959527675062418,789.0,99.0,2.0,97.0,194.0,17.0,177.0,88.0,114.0,170.0,7.0,84.0,12.0,47.0,2.0,17.0,21.0,102.0,120.0,210.0,214.0,4.0,2.0,1.0,0.0,0.0,0.0,0.0,0.0,1.0,50.0,0.0,19.0,0.0,21.0,1.0,5.0,0.0,4.0,1.0,49.0,0.0,0.0,0.0,0.0,0.0,0.0,0.0,0.0,0.0,0.0,0.0,0.0,0.0,1.0,1.0,0.0,0.0,0.0,2.0,1.0,4.0,0.0,4.0,8.0,4.0,3.0,9.0,8.0,15.0,11.0,0.0,0.0,0.0,0.0,0.0,0.0,0.0,0.0,0.0,0.0,0.0,0.0,0.0,2.0,2.0,0.0,0.0,0.0,3.0,1.0,4.0,0.0,4.0,10.0,7.0,3.0,11.0,10.0,25.0,12.0
93,1.0,93.0,London_303,cons,151,453,1092.0,70.0,2.0,146772.0,0.8489011502824724,781.0,37.0,0.0,37.0,62.0,0.0,62.0,102.0,112.0,181.0,11.0,94.0,6.0,34.0,3.0,12.0,22.0,96.0,121.0,214.0,219.0,7.0,4.0,1.0,0.0,1.0,0.0,1.0,0.0,0.0,13.0,0.0,4.0,0.0,5.0,0.0,3.0,0.0,1.0,0.0,13.0,0.0,0.0,0.0,0.0,0.0,0.0,0.0,0.0,0.0,0.0,0.0,0.0,0.0,0.0,0.0,0.0,0.0,0.0,1.0,5.0,3.0,0.0,0.0,3.0,5.0,2.0,4.0,4.0,6.0,6.0,0.0,0.0,0.0,0.0,0.0,0.0,0.0,0.0,0.0,0.0,0.0,0.0,0.0,0.0,0.0,0.0,0.0,0.0,1.0,7.0,3.0,0.0,0.0,3.0,7.0,3.0,4.0,6.0,8.0,9.0
94,1.0,94.0,London_303,cons,151,453,1092.0,70.0,2.0,164892.0,0.9696577149443328,821.0,66.0,0.0,66.0,120.0,0.0,120.0,50.0,109.0,183.0,15.0,95.0,9.0,27.0,3.0,12.0,22.0,99.0,133.0,199.0,221.0,0.0,0.0,0.0,0.0,0.0,0.0,0.0,0.0,0.0,33.0,0.0,11.0,1.0,16.0,0.0,5.0,0.0,0.0,0.0,33.0,0.0,0.0,0.0,0.0,0.0,0.0,0.0,0.0,0.0,0.0,0.0,0.0,0.0,0.0,0.0,0.0,0.0,0.0,5.0,3.0,0.0,0.0,4.0,2.0,2.0,1.0,6.0,7.0,7.0,8.0,0.0,0.0,0.0,0.0,0.0,0.0,0.0,0.0,0.0,0.0,0.0,0.0,0.0,0.0,0.0,0.0,0.0,0.0,5.0,3.0,0.0,0.0,4.0,2.0,3.0,1.0,10.0,10.0,12.0,10.0
95,1.0,95.0,London_303,cons,151,453,1092.0,70.0,2.0,188901.0,1.1697334530763328,874.0,64.0,1.0,63.0,122.0,8.0,114.0,67.0,108.0,187.0,10.0,92.0,8.0,33.0,2.0,13.0,23.0,97.0,127.0,206.0,230.0,4.0,2.0,1.0,0.0,0.0,0.0,1.0,0.0,0.0,24.0,1.0,6.0,2.0,11.0,1.0,2.0,0.0,1.0,0.0,24.0,0.0,0.0,0.0,0.0,0.0,0.0,0.0,0.0,0.0,0.0,0.0,0.0,1.0,0.0,0.0,0.0,0.0,0.0,2.0,5.0,3.0,0.0,4.0,4.0,4.0,5.0,7.0,10.0,6.0,5.0,0.0,0.0,0.0,0.0,0.0,0.0,0.0,0.0,0.0,0.0,0.0,0.0,8.0,0.0,0.0,0.0,0.0,0.0,2.0,6.0,3.0,0.0,5.0,5.0,7.0,6.0,9.0,18.0,11.0,5.0
96,1.0,96.0,London_303,cons,151,453,1092.0,70.0,2.0,202038.0,1.2664037439972162,903.0,140.0,2.0,138.0,254.0,17.0,237.0,90.0,107.0,186.0,11.0,90.0,7.0,38.0,2.0,12.0,21.0,102.0,119.0,211.0,224.0,0.0,0.0,0.0,0.0,0.0,0.0,0.0,0.0,0.0,89.0,1.0,30.0,8.0,42.0,1.0,3.0,0.0,4.0,1.0,88.0,0.0,0.0,0.0,0.0,0.0,0.0,0.0,0.0,0.0,0.0,0.0,0.0,0.0,1.0,1.0,0.0,0.0,0.0,3.0,1.0,5.0,1.0,3.0,3.0,1.0,4.0,2.0,14.0,20.0,15.0,0.0,0.0,0.0,0.0,0.0,0.0,0.0,0.0,0.0,0.0,0.0,0.0,0.0,2.0,2.0,0.0,0.0,0.0,3.0,1.0,6.0,1.0,4.0,3.0,1.0,6.0,4.0,16.0,24.0,18.0
97,1.0,97.0,London_303,cons,151,453,1092.0,70.0,2.0,187089.0,1.0718232379294932,870.0,86.0,2.0,84.0,156.0,18.0,138.0,113.0,104.0,180.0,8.0,96.0,9.0,39.0,2.0,15.0,17.0,101.0,102.0,233.0,231.0,9.0,1.0,6.0,0.0,2.0,0.0,0.0,0.0,0.0,40.0,0.0,18.0,1.0,12.0,0.0,9.0,0.0,0.0,1.0,39.0,0.0,0.0,0.0,0.0,0.0,0.0,0.0,0.0,0.0,0.0,0.0,0.0,0.0,1.0,1.0,0.0,0.0,0.0,1.0,7.0,4.0,0.0,3.0,6.0,3.0,1.0,2.0,7.0,10.0,7.0,0.0,0.0,0.0,0.0,0.0,0.0,0.0,0.0,0.0,0.0,0.0,0.0,0.0,7.0,4.0,0.0,0.0,0.0,2.0,8.0,4.0,0.0,3.0,8.0,3.0,1.0,3.0,10.0,13.0,10.0
98,1.0,98.0,London_303,cons,151,453,1092.0,70.0,2.0,184371.0,1.191436761058867,864.0,203.0,0.0,203.0,358.0,0.0,358.0,104.0,105.0,177.0,11.0,96.0,7.0,37.0,3.0,17.0,17.0,94.0,108.0,234.0,224.0,4.0,0.0,2.0,0.0,2.0,0.0,0.0,0.0,0.0,136.0,0.0,54.0,9.0,51.0,2.0,11.0,0.0,9.0,0.0,136.0,0.0,0.0,0.0,0.0,0.0,0.0,0.0,0.0,0.0,0.0,0.0,0.0,0.0,0.0,0.0,0.0,0.0,0.0,1.0,4.0,2.0,0.0,7.0,7.0,2.0,2.0,8.0,18.0,23.0,8.0,0.0,0.0,0.0,0.0,0.0,0.0,0.0,0.0,0.0,0.0,0.0,0.0,0.0,0.0,0.0,0.0,0.0,0.0,1.0,4.0,2.0,0.0,7.0,7.0,2.0,3.0,10.0,22.0,29.0,9.0
99,1.0,99.0,London_303,cons,151,453,1092.0,70.0,2.0,131823.0,0.8278079079464078,748.0,30.0,2.0,28.0,68.0,22.0,46.0,144.0,99.0,180.0,17.0,82.0,13.0,43.0,5.0,14.0,19.0,85.0,114.0,235.0,223.0,11.0,5.0,4.0,0.0,1.0,0.0,1.0,0.0,0.0,7.0,0.0,3.0,2.0,0.0,1.0,0.0,0.0,1.0,2.0,5.0,0.0,0.0,0.0,0.0,0.0,0.0,0.0,0.0,0.0,0.0,0.0,1.0,0.0,0.0,0.0,0.0,0.0,0.0,3.0,0.0,3.0,1.0,1.0,3.0,2.0,3.0,0.0,3.0,9.0,5.0,0.0,0.0,0.0,0.0,0.0,0.0,0.0,0.0,0.0,0.0,0.0,1.0,0.0,0.0,0.0,0.0,0.0,0.0,3.0,0.0,4.0,1.0,1.0,4.0,2.0,6.0,0.0,4.0,13.0,5.0
100,1.0,100.0,London_303,cons,151,453,1092.0,70.0,2.0,154020.0,0.9240848599001765,797.0,76.0,0.0,76.0,133.0,0.0,133.0,54.0,97.0,174.0,20.0,89.0,14.0,39.0,3.0,17.0,19.0,83.0,123.0,228.0,221.0,11.0,3.0,4.0,0.0,1.0,0.0,2.0,0.0,1.0,31.0,3.0,8.0,3.0,11.0,0.0,5.0,0.0,1.0,0.0,31.0,0.0,0.0,0.0,0.0,0.0,0.0,0.0,0.0,0.0,0.0,0.0,0.0,0.0,0.0,0.0,0.0,0.0,0.0,3.0,4.0,4.0,0.0,2.0,0.0,5.0,5.0,4.0,6.0,12.0,7.0,0.0,0.0,0.0,0.0,0.0,0.0,0.0,0.0,0.0,0.0,0.0,0.0,0.0,0.0,0.0,0.0,0.0,0.0,3.0,5.0,4.0,0.0,2.0,0.0,5.0,5.0,5.0,7.0,17.0,8.0
101,1.0,101.0,London_303,cons,151,453,1092.0,70.0,2.0,155832.0,0.9999811560846865,801.0,156.0,0.0,156.0,261.0,0.0,261.0,96.0,107.0,174.0,17.0,81.0,17.0,41.0,1.0,15.0,18.0,86.0,127.0,222.0,221.0,10.0,2.0,4.0,0.0,3.0,0.0,0.0,0.0,1.0,98.0,1.0,32.0,6.0,42.0,0.0,10.0,0.0,7.0,0.0,98.0,0.0,0.0,0.0,0.0,0.0,0.0,0.0,0.0,0.0,0.0,0.0,0.0,0.0,0.0,0.0,0.0,0.0,0.0,2.0,1.0,1.0,0.0,3.0,9.0,3.0,5.0,10.0,17.0,14.0,14.0,0.0,0.0,0.0,0.0,0.0,0.0,0.0,0.0,0.0,0.0,0.0,0.0,0.0,0.0,0.0,0.0,0.0,0.0,2.0,1.0,1.0,0.0,3.0,12.0,4.0,8.0,12.0,20.0,20.0,15.0
102,1.0,102.0,London_303,cons,151,453,1092.0,70.0,2.0,113250.0,0.7466887501068413,707.0,42.0,2.0,40.0,86.0,19.0,67.0,122.0,104.0,176.0,12.0,88.0,19.0,38.0,2.0,14.0,17.0,79.0,120.0,237.0,225.0,4.0,1.0,3.0,0.0,0.0,0.0,0.0,0.0,0.0,19.0,0.0,6.0,4.0,5.0,0.0,0.0,1.0,3.0,2.0,17.0,0.0,0.0,0.0,0.0,0.0,0.0,0.0,0.0,0.0,0.0,0.0,1.0,1.0,0.0,2.0,0.0,0.0,0.0,0.0,0.0,0.0,1.0,1.0,8.0,4.0,2.0,2.0,4.0,8.0,5.0,0.0,0.0,0.0,0.0,0.0,0.0,0.0,0.0,0.0,0.0,0.0,2.0,1.0,0.0,2.0,0.0,0.0,0.0,0.0,0.0,0.0,1.0,1.0,9.0,4.0,2.0,3.0,5.0,11.0,5.0
103,1.0,103.0,London_303,cons,151,453,1092.0,70.0,2.0,117780.0,0.7129279971122742,717.0,17.0,2.0,15.0,42.0,17.0,25.0,55.0,104.0,173.0,12.0,83.0,19.0,45.0,2.0,15.0,15.0,79.0,122.0,237.0,225.0,2.0,0.0,1.0,0.0,0.0,0.0,0.0,0.0,1.0,5.0,0.0,1.0,0.0,2.0,0.0,1.0,1.0,0.0,1.0,4.0,0.0,0.0,0.0,0.0,0.0,0.0,0.0,0.0,0.0,0.0,0.0,1.0,0.0,1.0,1.0,0.0,0.0,0.0,1.0,1.0,0.0,0.0,0.0,2.0,2.0,0.0,1.0,3.0,5.0,5.0,0.0,0.0,0.0,0.0,0.0,0.0,0.0,0.0,0.0,0.0,0.0,3.0,0.0,8.0,1.0,0.0,0.0,0.0,1.0,1.0,0.0,0.0,0.0,2.0,2.0,0.0,1.0,3.0,7.0,8.0
104,1.0,104.0,London_303,cons,151,453,1092.0,70.0,2.0,148584.0,0.9099934529513121,785.0,62.0,0.0,62.0,109.0,0.0,109.0,38.0,104.0,166.0,15.0,97.0,17.0,38.0,2.0,14.0,10.0,79.0,120.0,244.0,219.0,8.0,3.0,3.0,0.0,1.0,0.0,0.0,0.0,1.0,24.0,0.0,7.0,6.0,9.0,0.0,2.0,0.0,0.0,0.0,24.0,0.0,0.0,0.0,0.0,0.0,0.0,0.0,0.0,0.0,0.0,0.0,0.0,0.0,0.0,0.0,0.0,0.0,0.0,2.0,1.0,0.0,0.0,3.0,5.0,7.0,1.0,2.0,7.0,10.0,5.0,0.0,0.0,0.0,0.0,0.0,0.0,0.0,0.0,0.0,0.0,0.0,0.0,0.0,0.0,0.0,0.0,0.0,0.0,3.0,1.0,0.0,0.0,3.0,5.0,9.0,3.0,2.0,9.0,17.0,5.0
105,1.0,105.0,London_303,cons,151,453,1092.0,70.0,2.0,153567.0,1.3845941689796746,796.0,131.0,0.0,131.0,227.0,0.0,227.0,80.0,107.0,162.0,13.0,95.0,20.0,41.0,2.0,13.0,12.0,74.0,122.0,245.0,218.0,1.0,0.0,1.0,0.0,0.0,0.0,0.0,0.0,0.0,76.0,1.0,23.0,6.0,31.0,0.0,8.0,1.0,6.0,0.0,76.0,0.0,0.0,0.0,0.0,0.0,0.0,0.0,0.0,0.0,0.0,0.0,0.0,0.0,0.0,0.0,0.0,0.0,0.0,4.0,1.0,2.0,2.0,4.0,8.0,8.0,3.0,4.0,15.0,18.0,5.0,0.0,0.0,0.0,0.0,0.0,0.0,0.0,0.0,0.0,0.0,0.0,0.0,0.0,0.0,0.0,0.0,0.0,0.0,4.0,1.0,2.0,2.0,4.0,11.0,13.0,8.0,4.0,22.0,22.0,9.0
106,1.0,106.0,London_303,cons,151,453,1092.0,70.0,2.0,134088.0,0.7127628531306982,753.0,58.0,0.0,58.0,100.0,0.0,100.0,113.0,101.0,161.0,19.0,102.0,19.0,34.0,3.0,14.0,15.0,76.0,138.0,224.0,224.0,8.0,2.0,5.0,0.0,1.0,0.0,0.0,0.0,0.0,26.0,0.0,16.0,0.0,4.0,0.0,4.0,0.0,2.0,0.0,26.0,0.0,0.0,0.0,0.0,0.0,0.0,0.0,0.0,0.0,0.0,0.0,0.0,0.0,0.0,0.0,0.0,0.0,0.0,2.0,1.0,2.0,0.0,2.0,2.0,4.0,1.0,4.0,8.0,8.0,9.0,0.0,0.0,0.0,0.0,0.0,0.0,0.0,0.0,0.0,0.0,0.0,0.0,0.0,0.0,0.0,0.0,0.0,0.0,2.0,2.0,2.0,0.0,2.0,2.0,5.0,1.0,4.0,8.0,10.0,10.0
107,1.0,107.0,London_303,cons,151,453,1092.0,70.0,2.0,142695.0,1.0084930728189647,772.0,41.0,2.0,39.0,82.0,19.0,63.0,65.0,105.0,157.0,22.0,96.0,18.0,38.0,5.0,12.0,14.0,79.0,141.0,219.0,224.0,5.0,0.0,2.0,0.0,2.0,0.0,1.0,0.0,0.0,14.0,0.0,9.0,0.0,5.0,0.0,0.0,0.0,0.0,1.0,13.0,0.0,0.0,0.0,0.0,0.0,0.0,0.0,0.0,0.0,0.0,0.0,0.0,0.0,0.0,1.0,0.0,0.0,0.0,1.0,3.0,2.0,0.0,3.0,4.0,3.0,1.0,2.0,7.0,8.0,1.0,0.0,0.0,0.0,0.0,0.0,0.0,0.0,0.0,0.0,0.0,0.0,0.0,0.0,0.0,1.0,0.0,0.0,0.0,1.0,3.0,2.0,0.0,3.0,4.0,4.0,1.0,2.0,8.0,10.0,2.0
108,1.0,108.0,London_303,cons,151,453,1092.0,70.0,2.0,164892.0,0.9218394071795046,821.0,168.0,2.0,166.0,296.0,18.0,278.0,64.0,112.0,156.0,22.0,92.0,16.0,37.0,5.0,13.0,13.0,80.0,137.0,223.0,224.0,2.0,0.0,0.0,0.0,1.0,0.0,1.0,0.0,0.0,104.0,2.0,42.0,2.0,45.0,2.0,7.0,0.0,4.0,2.0,102.0,0.0,0.0,0.0,0.0,0.0,0.0,0.0,0.0,0.0,1.0,0.0,0.0,0.0,1.0,1.0,0.0,0.0,0.0,2.0,2.0,1.0,1.0,4.0,9.0,3.0,3.0,5.0,19.0,20.0,15.0,0.0,0.0,0.0,0.0,0.0,0.0,0.0,0.0,0.0,1.0,0.0,0.0,0.0,1.0,2.0,0.0,0.0,0.0,2.0,3.0,1.0,2.0,4.0,11.0,4.0,4.0,6.0,24.0,25.0,20.0
109,1.0,109.0,London_303,cons,151,453,1092.0,70.0,2.0,131823.0,0.6845264718867838,748.0,2.0,2.0,0.0,15.0,15.0,0.0,126.0,99.0,173.0,12.0,100.0,11.0,34.0,5.0,19.0,15.0,81.0,140.0,217.0,227.0,0.0,0.0,0.0,0.0,0.0,0.0,0.0,0.0,0.0,2.0,0.0,0.0,0.0,1.0,1.0,0.0,0.0,0.0,2.0,0.0,0.0,0.0,0.0,0.0,0.0,0.0,0.0,0.0,0.0,0.0,0.0,1.0,1.0,0.0,0.0,0.0,0.0,0.0,0.0,0.0,0.0,0.0,0.0,0.0,0.0,0.0,0.0,0.0,0.0,0.0,0.0,0.0,0.0,0.0,0.0,0.0,0.0,0.0,0.0,0.0,0.0,2.0,1.0,0.0,0.0,0.0,0.0,0.0,0.0,0.0,0.0,0.0,0.0,0.0,0.0,0.0,0.0,0.0,0.0,0.0
110,1.0,110.0,London_303,cons,151,453,1092.0,70.0,2.0,174405.0,1.069861900061369,842.0,194.0,0.0,194.0,318.0,0.0,318.0,3.0,99.0,175.0,12.0,98.0,11.0,34.0,5.0,19.0,15.0,81.0,138.0,219.0,225.0,7.0,0.0,5.0,0.0,1.0,1.0,0.0,0.0,0.0,136.0,3.0,48.0,9.0,52.0,2.0,17.0,1.0,4.0,0.0,136.0,0.0,0.0,0.0,0.0,0.0,0.0,0.0,0.0,0.0,0.0,0.0,0.0,0.0,0.0,0.0,0.0,0.0,0.0,0.0,4.0,1.0,0.0,8.0,10.0,6.0,1.0,6.0,18.0,20.0,17.0,0.0,0.0,0.0,0.0,0.0,0.0,0.0,0.0,0.0,0.0,0.0,0.0,0.0,0.0,0.0,0.0,0.0,0.0,0.0,4.0,1.0,0.0,8.0,13.0,8.0,1.0,7.0,20.0,25.0,19.0
111,1.0,111.0,London_303,cons,151,453,1092.0,70.0,2.0,117780.0,0.6276689115911722,717.0,9.0,1.0,8.0,23.0,10.0,13.0,128.0,96.0,176.0,11.0,110.0,8.0,27.0,5.0,20.0,20.0,87.0,132.0,214.0,238.0,4.0,0.0,3.0,0.0,0.0,0.0,0.0,0.0,1.0,4.0,0.0,2.0,0.0,0.0,0.0,2.0,0.0,0.0,1.0,3.0,0.0,0.0,0.0,0.0,0.0,0.0,0.0,0.0,0.0,0.0,0.0,0.0,0.0,1.0,1.0,0.0,0.0,0.0,0.0,0.0,1.0,0.0,0.0,2.0,1.0,0.0,0.0,1.0,0.0,1.0,0.0,0.0,0.0,0.0,0.0,0.0,0.0,0.0,0.0,0.0,0.0,0.0,0.0,3.0,2.0,0.0,0.0,0.0,0.0,0.0,1.0,0.0,0.0,2.0,1.0,0.0,0.0,2.0,0.0,1.0
112,1.0,112.0,London_303,cons,151,453,1092.0,70.0,2.0,147225.0,1.094322380144149,782.0,104.0,2.0,102.0,195.0,18.0,177.0,17.0,99.0,175.0,11.0,114.0,6.0,25.0,5.0,18.0,20.0,88.0,133.0,212.0,232.0,7.0,1.0,1.0,0.0,5.0,0.0,0.0,0.0,0.0,48.0,0.0,15.0,5.0,14.0,0.0,8.0,2.0,4.0,1.0,47.0,0.0,0.0,0.0,0.0,0.0,0.0,0.0,0.0,0.0,0.0,0.0,0.0,0.0,1.0,1.0,0.0,0.0,0.0,0.0,6.0,6.0,1.0,0.0,9.0,4.0,4.0,3.0,16.0,19.0,12.0,0.0,0.0,0.0,0.0,0.0,0.0,0.0,0.0,0.0,0.0,0.0,0.0,0.0,5.0,4.0,0.0,0.0,0.0,0.0,7.0,6.0,2.0,0.0,11.0,4.0,5.0,3.0,22.0,24.0,16.0
113,1.0,113.0,London_303,cons,151,453,1092.0,70.0,2.0,138618.0,0.8583954107016325,763.0,3.0,3.0,0.0,24.0,24.0,0.0,116.0,99.0,178.0,11.0,108.0,9.0,29.0,4.0,15.0,19.0,91.0,127.0,216.0,228.0,6.0,1.0,3.0,0.0,0.0,0.0,1.0,0.0,1.0,3.0,0.0,0.0,0.0,2.0,0.0,1.0,0.0,0.0,3.0,0.0,0.0,0.0,0.0,0.0,0.0,0.0,0.0,0.0,0.0,0.0,0.0,0.0,0.0,1.0,1.0,0.0,0.0,0.0,0.0,0.0,0.0,0.0,0.0,0.0,0.0,0.0,0.0,0.0,0.0,0.0,0.0,0.0,0.0,0.0,0.0,0.0,0.0,0.0,0.0,0.0,0.0,0.0,0.0,2.0,1.0,0.0,0.0,0.0,0.0,0.0,0.0,0.0,0.0,0.0,0.0,0.0,0.0,0.0,0.0,0.0
114,1.0,114.0,London_303,cons,151,453,1092.0,70.0,2.0,169875.0,1.0952850482426584,832.0,102.0,0.0,102.0,181.0,0.0,181.0,18.0,98.0,180.0,10.0,110.0,8.0,29.0,4.0,14.0,16.0,94.0,122.0,221.0,217.0,6.0,1.0,5.0,0.0,0.0,0.0,0.0,0.0,0.0,49.0,0.0,22.0,2.0,12.0,0.0,6.0,1.0,6.0,0.0,49.0,0.0,0.0,0.0,0.0,0.0,0.0,0.0,0.0,0.0,0.0,0.0,0.0,0.0,0.0,0.0,0.0,0.0,0.0,3.0,5.0,2.0,0.0,3.0,2.0,4.0,6.0,0.0,9.0,18.0,7.0,0.0,0.0,0.0,0.0,0.0,0.0,0.0,0.0,0.0,0.0,0.0,0.0,0.0,0.0,0.0,0.0,0.0,0.0,3.0,5.0,2.0,0.0,3.0,2.0,4.0,7.0,0.0,10.0,26.0,10.0
115,1.0,115.0,London_303,cons,151,453,1092.0,70.0,2.0,149037.0,0.9666688460856676,786.0,129.0,0.0,129.0,221.0,0.0,221.0,107.0,100.0,172.0,13.0,108.0,8.0,30.0,5.0,17.0,19.0,77.0,134.0,223.0,225.0,0.0,0.0,0.0,0.0,0.0,0.0,0.0,0.0,0.0,79.0,1.0,30.0,11.0,30.0,0.0,6.0,0.0,1.0,0.0,79.0,0.0,0.0,0.0,0.0,0.0,0.0,0.0,0.0,0.0,0.0,0.0,0.0,0.0,0.0,0.0,0.0,0.0,0.0,2.0,3.0,3.0,0.0,1.0,11.0,3.0,0.0,4.0,18.0,13.0,9.0,0.0,0.0,0.0,0.0,0.0,0.0,0.0,0.0,0.0,0.0,0.0,0.0,0.0,0.0,0.0,0.0,0.0,0.0,2.0,4.0,3.0,0.0,1.0,13.0,5.0,0.0,4.0,21.0,14.0,9.0
116,1.0,116.0,London_303,cons,151,453,1092.0,70.0,2.0,120498.0,0.7281706496141851,723.0,103.0,0.0,103.0,185.0,0.0,185.0,91.0,100.0,186.0,12.0,92.0,7.0,36.0,5.0,15.0,20.0,82.0,136.0,215.0,235.0,3.0,1.0,1.0,0.0,0.0,0.0,1.0,0.0,0.0,55.0,1.0,22.0,4.0,22.0,0.0,5.0,0.0,1.0,0.0,55.0,0.0,0.0,0.0,0.0,0.0,0.0,0.0,0.0,0.0,0.0,0.0,0.0,0.0,0.0,0.0,0.0,0.0,0.0,2.0,5.0,1.0,0.0,4.0,6.0,4.0,3.0,2.0,13.0,12.0,10.0,0.0,0.0,0.0,0.0,0.0,0.0,0.0,0.0,0.0,0.0,0.0,0.0,0.0,0.0,0.0,0.0,0.0,0.0,3.0,6.0,2.0,0.0,4.0,11.0,5.0,3.0,3.0,20.0,20.0,14.0
117,1.0,117.0,London_303,cons,151,453,1092.0,70.0,2.0,106455.0,0.5810912516899407,692.0,18.0,2.0,16.0,45.0,18.0,27.0,95.0,99.0,176.0,18.0,96.0,5.0,37.0,5.0,17.0,21.0,90.0,139.0,203.0,236.0,7.0,0.0,5.0,0.0,2.0,0.0,0.0,0.0,0.0,7.0,0.0,3.0,1.0,1.0,0.0,2.0,0.0,0.0,2.0,5.0,0.0,0.0,0.0,0.0,0.0,0.0,0.0,0.0,0.0,0.0,0.0,0.0,0.0,0.0,0.0,0.0,0.0,0.0,2.0,0.0,0.0,0.0,0.0,0.0,2.0,1.0,3.0,1.0,4.0,2.0,0.0,0.0,0.0,0.0,0.0,0.0,0.0,0.0,0.0,0.0,0.0,0.0,0.0,0.0,0.0,0.0,0.0,0.0,2.0,0.0,0.0,0.0,0.0,0.0,2.0,2.0,4.0,1.0,4.0,2.0
118,1.0,118.0,London_303,cons,151,453,1092.0,70.0,2.0,138618.0,1.1349303987808526,763.0,118.0,0.0,118.0,208.0,0.0,208.0,32.0,104.0,162.0,18.0,103.0,4.0,37.0,6.0,19.0,21.0,90.0,145.0,197.0,228.0,9.0,0.0,7.0,0.0,1.0,0.0,1.0,0.0,0.0,73.0,0.0,20.0,2.0,42.0,1.0,4.0,1.0,3.0,0.0,73.0,0.0,0.0,0.0,0.0,0.0,0.0,0.0,0.0,0.0,0.0,0.0,0.0,0.0,0.0,0.0,0.0,0.0,0.0,4.0,1.0,1.0,2.0,5.0,8.0,3.0,3.0,1.0,10.0,19.0,8.0,0.0,0.0,0.0,0.0,0.0,0.0,0.0,0.0,0.0,0.0,0.0,0.0,0.0,0.0,0.0,0.0,0.0,0.0,5.0,1.0,1.0,3.0,5.0,12.0,3.0,3.0,1.0,15.0,26.0,9.0
119,1.0,119.0,London_303,cons,151,453,1092.0,70.0,2.0,129105.0,0.7107326458208263,742.0,41.0,2.0,39.0,93.0,17.0,76.0,105.0,97.0,172.0,13.0,105.0,6.0,36.0,6.0,18.0,22.0,87.0,140.0,204.0,222.0,8.0,3.0,3.0,0.0,0.0,0.0,1.0,0.0,1.0,9.0,1.0,1.0,1.0,3.0,0.0,2.0,0.0,1.0,2.0,7.0,0.0,0.0,0.0,0.0,0.0,0.0,0.0,0.0,0.0,0.0,0.0,0.0,1.0,1.0,0.0,0.0,0.0,0.0,1.0,1.0,4.0,0.0,3.0,5.0,0.0,2.0,4.0,11.0,8.0,7.0,0.0,0.0,0.0,0.0,0.0,0.0,0.0,0.0,0.0,0.0,0.0,0.0,4.0,1.0,0.0,0.0,0.0,0.0,2.0,1.0,4.0,0.0,3.0,10.0,0.0,2.0,6.0,17.0,11.0,9.0
120,1.0,120.0,London_303,cons,151,453,1092.0,70.0,2.0,143148.0,0.9423192241229117,773.0,26.0,2.0,24.0,65.0,21.0,44.0,81.0,102.0,176.0,14.0,94.0,9.0,37.0,5.0,16.0,22.0,85.0,155.0,191.0,225.0,1.0,0.0,1.0,0.0,0.0,0.0,0.0,0.0,0.0,10.0,0.0,2.0,0.0,5.0,1.0,1.0,0.0,1.0,2.0,8.0,0.0,0.0,0.0,0.0,0.0,0.0,0.0,0.0,0.0,0.0,0.0,0.0,1.0,0.0,1.0,0.0,0.0,0.0,1.0,1.0,3.0,0.0,1.0,3.0,0.0,2.0,1.0,4.0,4.0,7.0,0.0,0.0,0.0,0.0,0.0,0.0,0.0,0.0,0.0,0.0,0.0,0.0,2.0,0.0,2.0,0.0,0.0,0.0,1.0,2.0,3.0,0.0,1.0,5.0,0.0,2.0,1.0,5.0,5.0,11.0
121,1.0,121.0,London_303,cons,151,453,1092.0,70.0,2.0,177576.0,1.0010872650891542,849.0,6.0,2.0,4.0,26.0,17.0,9.0,35.0,106.0,176.0,12.0,90.0,9.0,38.0,5.0,17.0,22.0,85.0,157.0,189.0,224.0,4.0,0.0,2.0,0.0,1.0,0.0,1.0,0.0,0.0,2.0,0.0,0.0,0.0,2.0,0.0,0.0,0.0,0.0,1.0,1.0,0.0,0.0,0.0,0.0,0.0,0.0,0.0,0.0,0.0,0.0,0.0,0.0,0.0,0.0,2.0,0.0,0.0,0.0,0.0,0.0,1.0,0.0,0.0,1.0,0.0,0.0,1.0,2.0,1.0,1.0,0.0,0.0,0.0,0.0,0.0,0.0,0.0,0.0,0.0,0.0,0.0,0.0,0.0,0.0,7.0,0.0,0.0,0.0,0.0,0.0,1.0,0.0,0.0,1.0,0.0,0.0,1.0,4.0,2.0,1.0
122,1.0,122.0,London_303,cons,151,453,1092.0,70.0,2.0,228312.0,1.2332034041173756,961.0,208.0,0.0,208.0,354.0,0.0,354.0,27.0,112.0,184.0,14.0,73.0,9.0,39.0,5.0,17.0,20.0,88.0,152.0,193.0,204.0,3.0,0.0,1.0,0.0,1.0,0.0,0.0,0.0,1.0,132.0,0.0,45.0,17.0,49.0,1.0,13.0,0.0,7.0,0.0,132.0,0.0,0.0,0.0,0.0,0.0,0.0,0.0,0.0,0.0,0.0,0.0,0.0,0.0,0.0,0.0,0.0,0.0,0.0,3.0,2.0,3.0,4.0,5.0,6.0,7.0,2.0,9.0,24.0,16.0,22.0,0.0,0.0,0.0,0.0,0.0,0.0,0.0,0.0,0.0,0.0,0.0,0.0,0.0,0.0,0.0,0.0,0.0,0.0,3.0,2.0,3.0,4.0,5.0,6.0,9.0,2.0,10.0,29.0,21.0,25.0
123,1.0,123.0,London_303,cons,151,453,1092.0,70.0,2.0,172140.0,1.0057028639130294,837.0,83.0,0.0,83.0,143.0,0.0,143.0,141.0,108.0,192.0,9.0,85.0,9.0,29.0,6.0,15.0,21.0,80.0,152.0,200.0,206.0,5.0,1.0,1.0,0.0,2.0,0.0,0.0,0.0,1.0,30.0,1.0,5.0,4.0,14.0,0.0,4.0,0.0,2.0,0.0,30.0,0.0,0.0,0.0,0.0,0.0,0.0,0.0,0.0,0.0,0.0,0.0,0.0,0.0,0.0,0.0,0.0,0.0,0.0,3.0,3.0,2.0,1.0,2.0,3.0,2.0,5.0,7.0,17.0,16.0,11.0,0.0,0.0,0.0,0.0,0.0,0.0,0.0,0.0,0.0,0.0,0.0,0.0,0.0,0.0,0.0,0.0,0.0,0.0,3.0,4.0,2.0,1.0,2.0,4.0,3.0,6.0,8.0,22.0,22.0,14.0
124,1.0,124.0,London_303,cons,151,453,1092.0,70.0,2.0,172140.0,1.0423669829033315,837.0,81.0,0.0,81.0,146.0,0.0,146.0,92.0,117.0,184.0,5.0,77.0,11.0,33.0,7.0,19.0,22.0,77.0,162.0,192.0,213.0,10.0,2.0,6.0,0.0,1.0,0.0,0.0,0.0,1.0,48.0,2.0,21.0,8.0,13.0,0.0,3.0,0.0,1.0,0.0,48.0,0.0,0.0,0.0,0.0,0.0,0.0,0.0,0.0,0.0,0.0,0.0,0.0,0.0,0.0,0.0,0.0,0.0,0.0,2.0,6.0,4.0,0.0,4.0,4.0,3.0,1.0,9.0,6.0,12.0,9.0,0.0,0.0,0.0,0.0,0.0,0.0,0.0,0.0,0.0,0.0,0.0,0.0,0.0,0.0,0.0,0.0,0.0,0.0,3.0,6.0,4.0,0.0,4.0,5.0,3.0,1.0,11.0,14.0,16.0,13.0
125,1.0,125.0,London_303,cons,151,453,1092.0,70.0,2.0,170328.0,1.0598324500024319,833.0,135.0,0.0,135.0,228.0,0.0,228.0,86.0,115.0,192.0,5.0,76.0,13.0,33.0,7.0,12.0,25.0,71.0,156.0,201.0,218.0,0.0,0.0,0.0,0.0,0.0,0.0,0.0,0.0,0.0,87.0,1.0,26.0,5.0,42.0,0.0,10.0,0.0,3.0,0.0,87.0,0.0,0.0,0.0,0.0,0.0,0.0,0.0,0.0,0.0,0.0,0.0,0.0,0.0,0.0,0.0,0.0,0.0,0.0,2.0,2.0,3.0,0.0,3.0,4.0,5.0,1.0,5.0,22.0,16.0,11.0,0.0,0.0,0.0,0.0,0.0,0.0,0.0,0.0,0.0,0.0,0.0,0.0,0.0,0.0,0.0,0.0,0.0,0.0,2.0,2.0,3.0,0.0,4.0,4.0,5.0,1.0,6.0,29.0,22.0,13.0
126,1.0,126.0,London_303,cons,151,453,1092.0,70.0,2.0,146772.0,0.74793995404616,781.0,30.0,1.0,29.0,65.0,9.0,56.0,89.0,106.0,197.0,8.0,73.0,16.0,31.0,6.0,16.0,27.0,77.0,163.0,186.0,221.0,4.0,0.0,3.0,0.0,1.0,0.0,0.0,0.0,0.0,13.0,0.0,0.0,3.0,6.0,0.0,3.0,1.0,0.0,1.0,12.0,0.0,0.0,0.0,0.0,0.0,0.0,0.0,0.0,0.0,0.0,0.0,0.0,1.0,0.0,0.0,0.0,0.0,0.0,1.0,1.0,0.0,1.0,0.0,6.0,1.0,2.0,1.0,5.0,7.0,5.0,0.0,0.0,0.0,0.0,0.0,0.0,0.0,0.0,0.0,0.0,0.0,0.0,4.0,0.0,0.0,0.0,0.0,0.0,1.0,1.0,0.0,1.0,0.0,8.0,1.0,3.0,1.0,7.0,11.0,5.0
127,1.0,127.0,London_303,cons,151,453,1092.0,70.0,2.0,165345.0,1.0326192090287805,822.0,159.0,2.0,157.0,278.0,19.0,259.0,47.0,110.0,202.0,3.0,73.0,14.0,32.0,2.0,17.0,28.0,78.0,168.0,179.0,219.0,9.0,3.0,4.0,0.0,1.0,0.0,1.0,0.0,0.0,108.0,2.0,42.0,10.0,43.0,0.0,6.0,2.0,3.0,2.0,106.0,0.0,0.0,0.0,0.0,0.0,0.0,0.0,0.0,0.0,0.0,0.0,0.0,0.0,1.0,1.0,0.0,0.0,0.0,1.0,1.0,3.0,2.0,6.0,2.0,5.0,1.0,2.0,15.0,19.0,17.0,0.0,0.0,0.0,0.0,0.0,0.0,0.0,0.0,0.0,0.0,0.0,0.0,0.0,1.0,2.0,0.0,0.0,0.0,1.0,1.0,3.0,2.0,6.0,2.0,8.0,2.0,3.0,19.0,23.0,19.0
128,1.0,128.0,London_303,cons,151,453,1092.0,70.0,2.0,130011.0,0.7431203993037343,744.0,112.0,2.0,110.0,220.0,18.0,202.0,123.0,99.0,193.0,11.0,77.0,14.0,38.0,2.0,19.0,26.0,79.0,153.0,195.0,218.0,2.0,0.0,2.0,0.0,0.0,0.0,0.0,0.0,0.0,63.0,0.0,21.0,2.0,28.0,0.0,9.0,1.0,2.0,2.0,61.0,0.0,0.0,0.0,0.0,0.0,0.0,0.0,0.0,0.0,0.0,0.0,0.0,0.0,0.0,2.0,0.0,0.0,0.0,2.0,1.0,0.0,1.0,7.0,5.0,6.0,2.0,5.0,14.0,11.0,8.0,0.0,0.0,0.0,0.0,0.0,0.0,0.0,0.0,0.0,0.0,0.0,0.0,0.0,0.0,4.0,0.0,0.0,0.0,3.0,1.0,0.0,1.0,7.0,7.0,8.0,3.0,6.0,16.0,17.0,10.0
129,1.0,129.0,London_303,cons,151,453,1092.0,70.0,2.0,117780.0,0.6052326709032059,717.0,3.0,1.0,2.0,13.0,9.0,4.0,116.0,101.0,195.0,9.0,75.0,12.0,41.0,1.0,19.0,30.0,79.0,152.0,192.0,232.0,5.0,1.0,3.0,0.0,1.0,0.0,0.0,0.0,0.0,2.0,0.0,0.0,0.0,2.0,0.0,0.0,0.0,0.0,1.0,1.0,0.0,0.0,0.0,0.0,0.0,0.0,0.0,0.0,1.0,0.0,0.0,0.0,0.0,0.0,1.0,0.0,0.0,0.0,0.0,0.0,1.0,0.0,0.0,0.0,0.0,0.0,0.0,1.0,0.0,0.0,0.0,0.0,0.0,0.0,0.0,0.0,0.0,0.0,1.0,0.0,0.0,0.0,0.0,0.0,3.0,0.0,0.0,0.0,0.0,0.0,1.0,0.0,0.0,0.0,0.0,0.0,0.0,2.0,0.0,0.0
130,1.0,130.0,London_303,cons,151,453,1092.0,70.0,2.0,147678.0,0.7738059721887112,783.0,31.0,0.0,31.0,58.0,0.0,58.0,15.0,100.0,198.0,11.0,69.0,12.0,42.0,1.0,20.0,30.0,79.0,148.0,196.0,226.0,6.0,0.0,3.0,0.0,3.0,0.0,0.0,0.0,0.0,7.0,0.0,1.0,0.0,5.0,0.0,0.0,0.0,1.0,0.0,7.0,0.0,0.0,0.0,0.0,0.0,0.0,0.0,0.0,0.0,0.0,0.0,0.0,0.0,0.0,0.0,0.0,0.0,0.0,1.0,0.0,2.0,1.0,3.0,2.0,3.0,7.0,2.0,5.0,7.0,4.0,0.0,0.0,0.0,0.0,0.0,0.0,0.0,0.0,0.0,0.0,0.0,0.0,0.0,0.0,0.0,0.0,0.0,0.0,2.0,0.0,2.0,1.0,3.0,5.0,4.0,8.0,2.0,6.0,11.0,4.0
131,1.0,131.0,London_303,cons,151,453,1092.0,70.0,2.0,163080.0,1.1777209942229092,817.0,94.0,0.0,94.0,165.0,0.0,165.0,56.0,100.0,206.0,12.0,62.0,12.0,40.0,1.0,20.0,32.0,80.0,148.0,193.0,229.0,11.0,0.0,7.0,0.0,1.0,0.0,2.0,0.0,1.0,50.0,1.0,19.0,3.0,23.0,0.0,3.0,0.0,1.0,0.0,50.0,0.0,0.0,0.0,0.0,0.0,0.0,0.0,0.0,0.0,0.0,0.0,0.0,0.0,0.0,0.0,0.0,0.0,0.0,3.0,2.0,4.0,1.0,4.0,6.0,5.0,3.0,5.0,11.0,10.0,13.0,0.0,0.0,0.0,0.0,0.0,0.0,0.0,0.0,0.0,0.0,0.0,0.0,0.0,0.0,0.0,0.0,0.0,0.0,4.0,2.0,4.0,2.0,4.0,6.0,5.0,4.0,7.0,16.0,14.0,16.0
132,1.0,132.0,London_303,cons,151,453,1092.0,70.0,2.0,159003.0,0.8512381268665195,808.0,146.0,0.0,146.0,255.0,0.0,255.0,101.0,100.0,189.0,10.0,79.0,11.0,42.0,1.0,21.0,33.0,85.0,151.0,184.0,233.0,1.0,0.0,0.0,0.0,0.0,0.0,0.0,0.0,1.0,98.0,2.0,29.0,9.0,47.0,0.0,7.0,1.0,3.0,0.0,98.0,0.0,0.0,0.0,0.0,0.0,0.0,0.0,0.0,0.0,0.0,0.0,0.0,0.0,0.0,0.0,0.0,0.0,0.0,2.0,2.0,0.0,1.0,7.0,4.0,4.0,5.0,7.0,16.0,14.0,13.0,0.0,0.0,0.0,0.0,0.0,0.0,0.0,0.0,0.0,0.0,0.0,0.0,0.0,0.0,0.0,0.0,0.0,0.0,3.0,2.0,0.0,1.0,7.0,4.0,4.0,5.0,8.0,22.0,16.0,14.0
133,1.0,133.0,London_303,cons,151,453,1092.0,70.0,2.0,131823.0,0.9798081535845995,748.0,18.0,0.0,18.0,35.0,0.0,35.0,103.0,104.0,190.0,8.0,77.0,14.0,39.0,1.0,20.0,38.0,80.0,154.0,181.0,239.0,11.0,4.0,3.0,0.0,3.0,0.0,1.0,0.0,0.0,6.0,0.0,2.0,0.0,2.0,0.0,2.0,0.0,0.0,0.0,6.0,0.0,0.0,0.0,0.0,0.0,0.0,0.0,0.0,0.0,0.0,0.0,0.0,0.0,0.0,0.0,0.0,0.0,0.0,1.0,2.0,0.0,1.0,2.0,1.0,1.0,0.0,3.0,4.0,3.0,2.0,0.0,0.0,0.0,0.0,0.0,0.0,0.0,0.0,0.0,0.0,0.0,0.0,0.0,0.0,0.0,0.0,0.0,0.0,1.0,2.0,0.0,1.0,2.0,1.0,2.0,0.0,3.0,7.0,4.0,2.0
134,1.0,134.0,London_303,cons,151,453,1092.0,70.0,2.0,163986.0,0.8802778110839427,819.0,189.0,2.0,187.0,330.0,17.0,313.0,34.0,100.0,191.0,11.0,80.0,14.0,35.0,1.0,21.0,39.0,74.0,153.0,187.0,238.0,3.0,1.0,2.0,0.0,0.0,0.0,0.0,0.0,0.0,126.0,0.0,32.0,9.0,73.0,0.0,9.0,0.0,3.0,1.0,125.0,0.0,0.0,0.0,0.0,0.0,0.0,0.0,0.0,0.0,0.0,0.0,0.0,0.0,1.0,0.0,0.0,0.0,0.0,2.0,2.0,2.0,0.0,10.0,6.0,7.0,6.0,5.0,15.0,20.0,12.0,0.0,0.0,0.0,0.0,0.0,0.0,0.0,0.0,0.0,0.0,0.0,0.0,0.0,1.0,0.0,0.0,0.0,0.0,2.0,2.0,2.0,0.0,10.0,7.0,11.0,6.0,5.0,20.0,25.0,13.0
135,1.0,135.0,London_303,cons,151,453,1092.0,70.0,2.0,121857.0,0.6455972008407116,726.0,20.0,0.0,20.0,37.0,0.0,37.0,135.0,85.0,203.0,10.0,92.0,10.0,27.0,1.0,25.0,37.0,84.0,141.0,191.0,241.0,8.0,4.0,3.0,0.0,0.0,0.0,1.0,0.0,0.0,1.0,0.0,0.0,0.0,0.0,0.0,1.0,0.0,0.0,0.0,1.0,0.0,0.0,0.0,0.0,0.0,0.0,0.0,0.0,0.0,0.0,0.0,0.0,0.0,0.0,0.0,0.0,0.0,0.0,2.0,0.0,0.0,1.0,0.0,5.0,3.0,2.0,3.0,3.0,5.0,3.0,0.0,0.0,0.0,0.0,0.0,0.0,0.0,0.0,0.0,0.0,0.0,0.0,0.0,0.0,0.0,0.0,0.0,0.0,2.0,0.0,0.0,2.0,0.0,6.0,7.0,4.0,3.0,5.0,7.0,3.0
136,1.0,136.0,London_303,cons,151,453,1092.0,70.0,2.0,158550.0,0.9282506499439478,807.0,13.0,0.0,13.0,22.0,0.0,22.0,42.0,83.0,201.0,10.0,91.0,13.0,27.0,2.0,26.0,37.0,85.0,143.0,188.0,238.0,4.0,0.0,2.0,0.0,1.0,0.0,1.0,0.0,0.0,3.0,0.0,0.0,0.0,2.0,0.0,1.0,0.0,0.0,0.0,3.0,0.0,0.0,0.0,0.0,0.0,0.0,0.0,0.0,0.0,0.0,0.0,0.0,0.0,0.0,0.0,0.0,0.0,0.0,1.0,2.0,0.0,0.0,1.0,1.0,0.0,0.0,2.0,0.0,1.0,4.0,0.0,0.0,0.0,0.0,0.0,0.0,0.0,0.0,0.0,0.0,0.0,0.0,0.0,0.0,0.0,0.0,0.0,0.0,2.0,3.0,0.0,0.0,1.0,1.0,0.0,0.0,2.0,0.0,1.0,4.0
137,1.0,137.0,London_303,cons,151,453,1092.0,70.0,2.0,204756.0,1.7320965370163321,909.0,49.0,1.0,48.0,99.0,8.0,91.0,21.0,82.0,201.0,12.0,92.0,12.0,24.0,2.0,28.0,37.0,88.0,140.0,188.0,237.0,4.0,0.0,2.0,0.0,1.0,0.0,1.0,0.0,0.0,20.0,1.0,1.0,2.0,11.0,0.0,5.0,0.0,0.0,0.0,20.0,0.0,0.0,0.0,0.0,0.0,0.0,0.0,0.0,0.0,0.0,0.0,0.0,1.0,0.0,0.0,0.0,0.0,0.0,1.0,4.0,3.0,2.0,2.0,6.0,4.0,7.0,5.0,9.0,8.0,11.0,0.0,0.0,0.0,0.0,0.0,0.0,0.0,0.0,0.0,0.0,0.0,0.0,6.0,0.0,0.0,0.0,0.0,0.0,1.0,5.0,3.0,4.0,2.0,6.0,5.0,10.0,6.0,14.0,10.0,12.0
138,1.0,138.0,London_303,cons,151,453,1092.0,70.0,2.0,235560.0,1.6470349309965968,977.0,172.0,2.0,170.0,303.0,17.0,286.0,71.0,99.0,178.0,13.0,95.0,10.0,28.0,4.0,26.0,31.0,90.0,144.0,188.0,233.0,3.0,0.0,2.0,0.0,1.0,0.0,0.0,0.0,0.0,113.0,1.0,38.0,5.0,62.0,0.0,6.0,0.0,1.0,1.0,112.0,0.0,0.0,0.0,0.0,0.0,0.0,0.0,0.0,0.0,0.0,0.0,0.0,0.0,1.0,0.0,0.0,0.0,0.0,1.0,0.0,4.0,0.0,7.0,3.0,2.0,1.0,3.0,12.0,14.0,9.0,0.0,0.0,0.0,0.0,0.0,0.0,0.0,0.0,0.0,0.0,0.0,0.0,0.0,4.0,0.0,0.0,0.0,0.0,1.0,0.0,4.0,0.0,8.0,3.0,3.0,1.0,3.0,15.0,17.0,10.0
139,1.0,139.0,London_303,cons,151,453,1092.0,70.0,2.0,188448.0,1.6516413297504187,873.0,128.0,2.0,126.0,233.0,18.0,215.0,123.0,84.0,181.0,16.0,92.0,17.0,32.0,5.0,26.0,31.0,87.0,138.0,197.0,232.0,6.0,0.0,3.0,0.0,1.0,0.0,0.0,0.0,2.0,75.0,3.0,24.0,8.0,28.0,0.0,9.0,0.0,3.0,1.0,74.0,0.0,0.0,0.0,0.0,0.0,0.0,0.0,0.0,0.0,0.0,0.0,0.0,0.0,1.0,1.0,0.0,0.0,0.0,3.0,0.0,0.0,1.0,7.0,9.0,7.0,2.0,8.0,8.0,16.0,13.0,0.0,0.0,0.0,0.0,0.0,0.0,0.0,0.0,0.0,0.0,0.0,0.0,0.0,8.0,3.0,0.0,0.0,0.0,3.0,0.0,0.0,1.0,7.0,11.0,8.0,2.0,8.0,10.0,21.0,15.0
140,1.0,140.0,London_303,cons,151,453,1092.0,70.0,2.0,164439.0,1.1653169193305075,820.0,113.0,0.0,113.0,214.0,0.0,214.0,120.0,94.0,182.0,20.0,94.0,9.0,30.0,5.0,19.0,22.0,82.0,153.0,196.0,226.0,10.0,1.0,6.0,0.0,2.0,0.0,0.0,0.0,1.0,73.0,1.0,26.0,6.0,29.0,0.0,8.0,0.0,3.0,0.0,73.0,0.0,0.0,0.0,0.0,0.0,0.0,0.0,0.0,0.0,0.0,0.0,0.0,0.0,0.0,0.0,0.0,0.0,0.0,3.0,2.0,6.0,0.0,3.0,2.0,3.0,1.0,4.0,16.0,13.0,8.0,0.0,0.0,0.0,0.0,0.0,0.0,0.0,0.0,0.0,0.0,0.0,0.0,0.0,0.0,0.0,0.0,0.0,0.0,6.0,2.0,7.0,0.0,4.0,2.0,4.0,1.0,6.0,25.0,17.0,10.0
141,1.0,141.0,London_303,cons,151,453,1092.0,70.0,2.0,146319.0,0.9494464602321386,780.0,102.0,2.0,100.0,199.0,22.0,177.0,107.0,96.0,174.0,16.0,99.0,8.0,36.0,5.0,19.0,21.0,87.0,158.0,187.0,228.0,3.0,0.0,1.0,0.0,1.0,0.0,1.0,0.0,0.0,50.0,0.0,17.0,5.0,26.0,0.0,1.0,0.0,1.0,2.0,48.0,0.0,0.0,0.0,0.0,0.0,0.0,0.0,0.0,0.0,0.0,0.0,1.0,0.0,0.0,0.0,0.0,0.0,0.0,4.0,2.0,1.0,1.0,4.0,5.0,3.0,1.0,6.0,10.0,10.0,8.0,0.0,0.0,0.0,0.0,0.0,0.0,0.0,0.0,0.0,0.0,0.0,1.0,0.0,0.0,0.0,0.0,0.0,0.0,5.0,2.0,2.0,1.0,4.0,7.0,4.0,1.0,7.0,13.0,14.0,9.0
142,1.0,142.0,London_303,cons,151,453,1092.0,70.0,2.0,134088.0,0.7911467957310379,753.0,131.0,0.0,131.0,231.0,0.0,231.0,113.0,87.0,170.0,16.0,100.0,11.0,43.0,5.0,21.0,18.0,82.0,164.0,189.0,224.0,4.0,0.0,2.0,0.0,1.0,0.0,1.0,0.0,0.0,82.0,1.0,35.0,2.0,31.0,1.0,6.0,0.0,6.0,0.0,82.0,0.0,0.0,0.0,0.0,0.0,0.0,0.0,0.0,0.0,0.0,0.0,0.0,0.0,0.0,0.0,0.0,0.0,0.0,2.0,2.0,4.0,0.0,2.0,4.0,3.0,5.0,5.0,12.0,12.0,9.0,0.0,0.0,0.0,0.0,0.0,0.0,0.0,0.0,0.0,0.0,0.0,0.0,0.0,0.0,0.0,0.0,0.0,0.0,2.0,2.0,4.0,0.0,2.0,5.0,3.0,5.0,5.0,17.0,16.0,11.0
143,1.0,143.0,London_303,cons,151,453,1092.0,70.0,2.0,118686.0,0.7100966167636216,719.0,45.0,0.0,45.0,84.0,0.0,84.0,105.0,83.0,173.0,18.0,102.0,11.0,40.0,4.0,22.0,19.0,82.0,163.0,189.0,231.0,11.0,1.0,7.0,0.0,0.0,0.0,0.0,0.0,3.0,11.0,1.0,4.0,1.0,2.0,0.0,2.0,0.0,1.0,0.0,11.0,0.0,0.0,0.0,0.0,0.0,0.0,0.0,0.0,0.0,0.0,0.0,0.0,0.0,0.0,0.0,0.0,0.0,0.0,1.0,2.0,3.0,0.0,2.0,0.0,3.0,5.0,6.0,10.0,5.0,9.0,0.0,0.0,0.0,0.0,0.0,0.0,0.0,0.0,0.0,0.0,0.0,0.0,0.0,0.0,0.0,0.0,0.0,0.0,1.0,2.0,3.0,0.0,2.0,0.0,6.0,6.0,7.0,18.0,6.0,11.0
144,1.0,144.0,London_303,cons,151,453,1092.0,70.0,2.0,153114.0,1.2304687099531293,795.0,55.0,2.0,53.0,107.0,19.0,88.0,78.0,79.0,177.0,12.0,107.0,13.0,43.0,4.0,18.0,19.0,85.0,169.0,180.0,227.0,1.0,0.0,1.0,0.0,0.0,0.0,0.0,0.0,0.0,19.0,0.0,7.0,1.0,7.0,0.0,2.0,0.0,2.0,2.0,17.0,0.0,0.0,0.0,0.0,0.0,0.0,0.0,0.0,0.0,0.0,0.0,1.0,1.0,0.0,2.0,0.0,0.0,0.0,0.0,0.0,3.0,1.0,2.0,4.0,2.0,3.0,4.0,8.0,12.0,10.0,0.0,0.0,0.0,0.0,0.0,0.0,0.0,0.0,0.0,0.0,0.0,1.0,2.0,0.0,4.0,0.0,0.0,0.0,0.0,0.0,3.0,1.0,3.0,4.0,2.0,4.0,4.0,12.0,14.0,13.0
145,1.0,145.0,London_303,cons,151,453,1092.0,70.0,2.0,165798.0,0.9774435460567474,823.0,33.0,2.0,31.0,65.0,17.0,48.0,72.0,82.0,162.0,9.0,119.0,14.0,44.0,4.0,19.0,19.0,92.0,159.0,183.0,227.0,12.0,1.0,9.0,0.0,1.0,0.0,1.0,0.0,0.0,11.0,0.0,3.0,2.0,2.0,0.0,3.0,0.0,1.0,2.0,9.0,0.0,0.0,0.0,0.0,0.0,0.0,0.0,0.0,0.0,0.0,0.0,1.0,0.0,1.0,2.0,0.0,0.0,0.0,1.0,1.0,0.0,0.0,3.0,3.0,4.0,1.0,2.0,2.0,4.0,3.0,0.0,0.0,0.0,0.0,0.0,0.0,0.0,0.0,0.0,0.0,0.0,2.0,0.0,5.0,2.0,0.0,0.0,0.0,2.0,1.0,0.0,0.0,3.0,5.0,4.0,1.0,2.0,2.0,5.0,4.0
146,1.0,146.0,London_303,cons,151,453,1092.0,70.0,2.0,198414.0,1.2285807789303362,895.0,87.0,0.0,87.0,158.0,0.0,158.0,59.0,86.0,155.0,9.0,122.0,11.0,47.0,3.0,20.0,15.0,93.0,161.0,184.0,214.0,1.0,0.0,1.0,0.0,0.0,0.0,0.0,0.0,0.0,45.0,1.0,16.0,3.0,19.0,1.0,3.0,0.0,2.0,0.0,45.0,0.0,0.0,0.0,0.0,0.0,0.0,0.0,0.0,0.0,0.0,0.0,0.0,0.0,0.0,0.0,0.0,0.0,0.0,1.0,2.0,3.0,0.0,3.0,3.0,4.0,3.0,4.0,10.0,15.0,12.0,0.0,0.0,0.0,0.0,0.0,0.0,0.0,0.0,0.0,0.0,0.0,0.0,0.0,0.0,0.0,0.0,0.0,0.0,2.0,3.0,3.0,0.0,3.0,3.0,4.0,3.0,5.0,13.0,18.0,14.0
147,1.0,147.0,London_303,cons,151,453,1092.0,70.0,2.0,194337.0,1.31354113901034,886.0,155.0,0.0,155.0,275.0,0.0,275.0,80.0,83.0,169.0,15.0,110.0,12.0,42.0,3.0,19.0,16.0,89.0,161.0,187.0,222.0,8.0,0.0,5.0,0.0,2.0,0.0,0.0,0.0,1.0,93.0,1.0,40.0,2.0,32.0,0.0,9.0,1.0,8.0,0.0,93.0,0.0,0.0,0.0,0.0,0.0,0.0,0.0,0.0,0.0,0.0,0.0,0.0,0.0,0.0,0.0,0.0,0.0,0.0,4.0,6.0,5.0,2.0,4.0,4.0,6.0,3.0,11.0,19.0,25.0,17.0,0.0,0.0,0.0,0.0,0.0,0.0,0.0,0.0,0.0,0.0,0.0,0.0,0.0,0.0,0.0,0.0,0.0,0.0,4.0,6.0,5.0,3.0,4.0,4.0,11.0,3.0,16.0,23.0,35.0,18.0
148,1.0,148.0,London_303,cons,151,453,1092.0,70.0,2.0,150849.0,0.8985117468982935,790.0,76.0,0.0,76.0,136.0,0.0,136.0,135.0,72.0,184.0,10.0,105.0,20.0,43.0,2.0,17.0,19.0,92.0,157.0,185.0,223.0,1.0,0.0,0.0,0.0,1.0,0.0,0.0,0.0,0.0,37.0,0.0,14.0,1.0,14.0,0.0,3.0,2.0,3.0,0.0,37.0,0.0,0.0,0.0,0.0,0.0,0.0,0.0,0.0,0.0,0.0,0.0,0.0,0.0,0.0,0.0,0.0,0.0,0.0,3.0,3.0,1.0,0.0,6.0,2.0,4.0,3.0,3.0,5.0,12.0,11.0,0.0,0.0,0.0,0.0,0.0,0.0,0.0,0.0,0.0,0.0,0.0,0.0,0.0,0.0,0.0,0.0,0.0,0.0,3.0,3.0,1.0,0.0,6.0,2.0,5.0,3.0,4.0,7.0,14.0,13.0
149,1.0,149.0,London_303,cons,151,453,1092.0,70.0,2.0,136353.0,0.6925174668431282,758.0,160.0,2.0,158.0,294.0,19.0,275.0,76.0,81.0,173.0,10.0,105.0,24.0,40.0,2.0,18.0,21.0,91.0,165.0,176.0,230.0,6.0,2.0,3.0,0.0,1.0,0.0,0.0,0.0,0.0,112.0,0.0,46.0,7.0,44.0,0.0,10.0,0.0,5.0,1.0,111.0,0.0,0.0,0.0,0.0,0.0,0.0,0.0,0.0,0.0,0.0,0.0,0.0,0.0,0.0,1.0,0.0,0.0,0.0,2.0,3.0,1.0,0.0,6.0,5.0,5.0,1.0,2.0,17.0,14.0,13.0,0.0,0.0,0.0,0.0,0.0,0.0,0.0,0.0,0.0,0.0,0.0,0.0,0.0,0.0,1.0,0.0,0.0,0.0,2.0,4.0,1.0,0.0,6.0,7.0,5.0,1.0,2.0,23.0,19.0,16.0
150,1.0,150.0,London_303,cons,151,453,1092.0,70.0,2.0,86070.0,0.4421188458800316,647.0,109.0,2.0,107.0,200.0,18.0,182.0,126.0,79.0,176.0,8.0,106.0,21.0,41.0,3.0,19.0,22.0,80.0,157.0,194.0,227.0,9.0,1.0,6.0,0.0,2.0,0.0,0.0,0.0,0.0,60.0,1.0,16.0,5.0,27.0,2.0,6.0,0.0,3.0,2.0,58.0,0.0,0.0,0.0,0.0,0.0,0.0,0.0,0.0,0.0,1.0,0.0,0.0,0.0,1.0,1.0,0.0,0.0,0.0,4.0,1.0,2.0,1.0,3.0,3.0,7.0,4.0,7.0,13.0,18.0,19.0,0.0,0.0,0.0,0.0,0.0,0.0,0.0,0.0,0.0,2.0,0.0,0.0,0.0,3.0,1.0,0.0,0.0,0.0,4.0,2.0,2.0,1.0,3.0,4.0,8.0,4.0,8.0,16.0,26.0,20.0
151,1.0,151.0,London_303,cons,151,453,1092.0,70.0,2.0,57984.0,0.23824612377211452,585.0,24.0,2.0,22.0,56.0,15.0,41.0,109.0,81.0,187.0,8.0,106.0,20.0,30.0,1.0,20.0,27.0,80.0,166.0,180.0,234.0,8.0,2.0,5.0,0.0,0.0,0.0,0.0,0.0,1.0,8.0,0.0,1.0,3.0,2.0,1.0,0.0,0.0,1.0,2.0,6.0,0.0,0.0,0.0,0.0,0.0,0.0,0.0,0.0,0.0,0.0,0.0,1.0,1.0,0.0,0.0,0.0,0.0,0.0,0.0,1.0,0.0,0.0,1.0,0.0,0.0,0.0,3.0,4.0,3.0,4.0,0.0,0.0,0.0,0.0,0.0,0.0,0.0,0.0,0.0,0.0,0.0,3.0,5.0,0.0,0.0,0.0,0.0,0.0,0.0,1.0,0.0,0.0,1.0,0.0,0.0,0.0,4.0,5.0,7.0,5.0
152,1.0,152.0,London_303,cons,151,453,1092.0,70.0,2.0,75651.0,0.36170567059889436,624.0,14.0,0.0,14.0,24.0,0.0,24.0,47.0,87.0,186.0,8.0,100.0,20.0,32.0,1.0,19.0,23.0,87.0,167.0,176.0,229.0,0.0,0.0,0.0,0.0,0.0,0.0,0.0,0.0,0.0,1.0,1.0,0.0,0.0,0.0,0.0,0.0,0.0,0.0,0.0,1.0,0.0,0.0,0.0,0.0,0.0,0.0,0.0,0.0,0.0,0.0,0.0,0.0,0.0,0.0,0.0,0.0,0.0,0.0,0.0,1.0,2.0,0.0,1.0,1.0,0.0,2.0,3.0,1.0,2.0,3.0,0.0,0.0,0.0,0.0,0.0,0.0,0.0,0.0,0.0,0.0,0.0,0.0,0.0,0.0,0.0,0.0,0.0,0.0,0.0,1.0,2.0,0.0,1.0,1.0,0.0,2.0,3.0,2.0,2.0,3.0
153,1.0,153.0,London_303,cons,151,453,1092.0,70.0,2.0,99660.0,0.5328439450822771,677.0,35.0,1.0,34.0,76.0,10.0,66.0,23.0,90.0,180.0,10.0,104.0,19.0,29.0,1.0,20.0,25.0,85.0,166.0,177.0,233.0,2.0,0.0,0.0,0.0,1.0,0.0,1.0,0.0,0.0,16.0,0.0,7.0,0.0,5.0,0.0,3.0,0.0,1.0,1.0,15.0,0.0,0.0,0.0,0.0,0.0,0.0,0.0,0.0,0.0,0.0,0.0,0.0,0.0,1.0,0.0,0.0,0.0,0.0,0.0,2.0,3.0,0.0,3.0,2.0,0.0,2.0,5.0,6.0,3.0,4.0,0.0,0.0,0.0,0.0,0.0,0.0,0.0,0.0,0.0,0.0,0.0,0.0,0.0,4.0,0.0,0.0,0.0,0.0,0.0,2.0,3.0,0.0,4.0,3.0,0.0,2.0,7.0,8.0,3.0,7.0
154,1.0,154.0,London_303,cons,151,453,1092.0,70.0,2.0,120951.0,0.6113654212094843,724.0,36.0,2.0,34.0,74.0,18.0,56.0,49.0,95.0,180.0,12.0,103.0,19.0,24.0,2.0,18.0,26.0,89.0,167.0,171.0,236.0,3.0,0.0,3.0,0.0,0.0,0.0,0.0,0.0,0.0,9.0,1.0,1.0,1.0,2.0,0.0,4.0,0.0,0.0,1.0,8.0,0.0,0.0,0.0,0.0,0.0,0.0,0.0,0.0,0.0,0.0,0.0,0.0,0.0,1.0,1.0,0.0,0.0,0.0,0.0,1.0,2.0,0.0,1.0,4.0,2.0,2.0,1.0,5.0,5.0,7.0,0.0,0.0,0.0,0.0,0.0,0.0,0.0,0.0,0.0,0.0,0.0,0.0,0.0,9.0,3.0,0.0,0.0,0.0,0.0,1.0,2.0,0.0,1.0,5.0,3.0,3.0,2.0,8.0,6.0,8.0
155,1.0,155.0,London_303,cons,151,453,1092.0,70.0,2.0,146772.0,0.9316568649373949,781.0,7.0,3.0,4.0,30.0,24.0,6.0,56.0,93.0,189.0,9.0,94.0,21.0,26.0,2.0,19.0,28.0,90.0,158.0,177.0,233.0,3.0,0.0,1.0,0.0,2.0,0.0,0.0,0.0,0.0,2.0,0.0,0.0,0.0,1.0,0.0,1.0,0.0,0.0,2.0,0.0,0.0,0.0,0.0,0.0,0.0,0.0,0.0,0.0,0.0,0.0,0.0,1.0,0.0,1.0,2.0,0.0,0.0,0.0,0.0,0.0,0.0,0.0,0.0,0.0,1.0,1.0,1.0,1.0,0.0,2.0,0.0,0.0,0.0,0.0,0.0,0.0,0.0,0.0,0.0,0.0,0.0,2.0,0.0,1.0,3.0,0.0,0.0,0.0,0.0,0.0,0.0,0.0,0.0,0.0,2.0,1.0,1.0,1.0,0.0,2.0
156,1.0,156.0,London_303,cons,151,453,1092.0,70.0,2.0,194790.0,1.2395607880316675,887.0,120.0,0.0,120.0,202.0,0.0,202.0,20.0,94.0,193.0,9.0,88.0,20.0,28.0,2.0,19.0,24.0,90.0,157.0,182.0,221.0,0.0,0.0,0.0,0.0,0.0,0.0,0.0,0.0,0.0,69.0,1.0,21.0,7.0,31.0,0.0,5.0,0.0,4.0,0.0,69.0,0.0,0.0,0.0,0.0,0.0,0.0,0.0,0.0,0.0,0.0,0.0,0.0,0.0,0.0,0.0,0.0,0.0,0.0,0.0,2.0,0.0,1.0,3.0,4.0,4.0,1.0,7.0,15.0,12.0,15.0,0.0,0.0,0.0,0.0,0.0,0.0,0.0,0.0,0.0,0.0,0.0,0.0,0.0,0.0,0.0,0.0,0.0,0.0,0.0,2.0,0.0,1.0,3.0,6.0,5.0,1.0,7.0,20.0,14.0,17.0
157,1.0,157.0,London_303,cons,151,453,1092.0,70.0,2.0,175764.0,0.9907684409990907,845.0,127.0,0.0,127.0,218.0,0.0,218.0,86.0,92.0,186.0,10.0,90.0,22.0,30.0,4.0,19.0,25.0,95.0,148.0,185.0,229.0,11.0,2.0,7.0,0.0,2.0,0.0,0.0,0.0,0.0,79.0,1.0,33.0,10.0,30.0,0.0,4.0,0.0,1.0,0.0,79.0,0.0,0.0,0.0,0.0,0.0,0.0,0.0,0.0,0.0,0.0,0.0,0.0,0.0,0.0,0.0,0.0,0.0,0.0,2.0,2.0,2.0,0.0,5.0,2.0,6.0,5.0,5.0,16.0,11.0,13.0,0.0,0.0,0.0,0.0,0.0,0.0,0.0,0.0,0.0,0.0,0.0,0.0,0.0,0.0,0.0,0.0,0.0,0.0,2.0,2.0,2.0,0.0,6.0,2.0,11.0,6.0,5.0,21.0,14.0,13.0
158,1.0,158.0,London_303,cons,151,453,1092.0,70.0,2.0,161721.0,0.8935825531370938,814.0,8.0,0.0,8.0,17.0,0.0,17.0,104.0,96.0,190.0,5.0,89.0,21.0,26.0,4.0,22.0,27.0,92.0,143.0,191.0,234.0,7.0,2.0,2.0,0.0,2.0,0.0,0.0,0.0,1.0,0.0,0.0,0.0,0.0,0.0,0.0,0.0,0.0,0.0,0.0,0.0,0.0,0.0,0.0,0.0,0.0,0.0,0.0,0.0,0.0,0.0,0.0,0.0,0.0,0.0,0.0,0.0,0.0,0.0,1.0,1.0,0.0,0.0,1.0,3.0,1.0,0.0,2.0,3.0,1.0,3.0,0.0,0.0,0.0,0.0,0.0,0.0,0.0,0.0,0.0,0.0,0.0,0.0,0.0,0.0,0.0,0.0,0.0,0.0,1.0,1.0,0.0,0.0,1.0,6.0,3.0,0.0,3.0,8.0,1.0,3.0
159,1.0,159.0,London_303,cons,151,453,1092.0,70.0,2.0,202944.0,1.242768787778914,905.0,122.0,2.0,120.0,211.0,18.0,193.0,24.0,95.0,194.0,5.0,82.0,22.0,30.0,4.0,21.0,27.0,96.0,144.0,186.0,233.0,9.0,0.0,6.0,0.0,3.0,0.0,0.0,0.0,0.0,80.0,1.0,27.0,6.0,32.0,0.0,11.0,0.0,3.0,2.0,78.0,0.0,0.0,0.0,0.0,0.0,0.0,0.0,0.0,0.0,0.0,0.0,0.0,0.0,0.0,0.0,0.0,0.0,0.0,1.0,6.0,1.0,1.0,4.0,5.0,3.0,7.0,6.0,9.0,12.0,8.0,0.0,0.0,0.0,0.0,0.0,0.0,0.0,0.0,0.0,0.0,0.0,0.0,0.0,0.0,0.0,0.0,0.0,0.0,1.0,7.0,1.0,1.0,4.0,8.0,3.0,11.0,6.0,11.0,20.0,8.0
160,1.0,160.0,London_303,cons,151,453,1092.0,70.0,2.0,192072.0,1.1461998247541487,881.0,171.0,0.0,171.0,307.0,0.0,307.0,90.0,97.0,185.0,5.0,97.0,15.0,29.0,5.0,20.0,27.0,93.0,149.0,184.0,231.0,6.0,1.0,3.0,0.0,1.0,0.0,1.0,0.0,0.0,119.0,0.0,45.0,12.0,45.0,0.0,11.0,0.0,6.0,0.0,119.0,0.0,0.0,0.0,0.0,0.0,0.0,0.0,0.0,0.0,0.0,0.0,0.0,0.0,0.0,0.0,0.0,0.0,0.0,0.0,1.0,1.0,3.0,7.0,4.0,3.0,1.0,8.0,15.0,15.0,18.0,0.0,0.0,0.0,0.0,0.0,0.0,0.0,0.0,0.0,0.0,0.0,0.0,0.0,0.0,0.0,0.0,0.0,0.0,0.0,1.0,1.0,5.0,7.0,6.0,4.0,2.0,12.0,20.0,18.0,22.0
161,1.0,161.0,London_303,cons,151,453,1092.0,70.0,2.0,149490.0,0.9096676320768893,787.0,146.0,2.0,144.0,262.0,17.0,245.0,115.0,95.0,191.0,7.0,98.0,12.0,21.0,7.0,22.0,34.0,90.0,145.0,184.0,235.0,2.0,1.0,0.0,0.0,1.0,0.0,0.0,0.0,0.0,88.0,0.0,27.0,6.0,27.0,3.0,17.0,1.0,7.0,1.0,87.0,0.0,0.0,0.0,0.0,0.0,0.0,0.0,0.0,0.0,0.0,0.0,0.0,1.0,1.0,0.0,0.0,0.0,0.0,1.0,6.0,1.0,3.0,4.0,9.0,6.0,1.0,6.0,17.0,17.0,14.0,0.0,0.0,0.0,0.0,0.0,0.0,0.0,0.0,0.0,0.0,0.0,0.0,9.0,1.0,0.0,0.0,0.0,0.0,2.0,8.0,1.0,4.0,4.0,12.0,8.0,1.0,8.0,24.0,25.0,15.0
162,1.0,162.0,London_303,cons,151,453,1092.0,70.0,2.0,115515.0,0.7512155859731138,712.0,73.0,2.0,71.0,147.0,21.0,126.0,126.0,93.0,199.0,9.0,100.0,5.0,22.0,5.0,20.0,33.0,83.0,152.0,185.0,246.0,5.0,0.0,1.0,0.0,2.0,0.0,0.0,0.0,2.0,27.0,1.0,3.0,1.0,13.0,5.0,1.0,0.0,3.0,2.0,25.0,0.0,0.0,0.0,0.0,0.0,0.0,0.0,0.0,0.0,0.0,0.0,0.0,0.0,0.0,0.0,0.0,0.0,0.0,2.0,4.0,1.0,0.0,6.0,5.0,6.0,3.0,8.0,13.0,10.0,11.0,0.0,0.0,0.0,0.0,0.0,0.0,0.0,0.0,0.0,0.0,0.0,0.0,0.0,0.0,0.0,0.0,0.0,0.0,2.0,5.0,1.0,0.0,6.0,6.0,6.0,3.0,10.0,21.0,15.0,17.0
163,1.0,163.0,London_303,cons,151,453,1092.0,70.0,2.0,110079.0,0.5861945729702711,700.0,19.0,2.0,17.0,44.0,17.0,27.0,93.0,95.0,193.0,16.0,103.0,4.0,23.0,3.0,16.0,35.0,85.0,152.0,181.0,249.0,10.0,1.0,5.0,0.0,2.0,0.0,0.0,0.0,2.0,3.0,0.0,0.0,0.0,3.0,0.0,0.0,0.0,0.0,1.0,2.0,0.0,0.0,0.0,0.0,0.0,0.0,0.0,0.0,0.0,0.0,0.0,1.0,0.0,0.0,2.0,0.0,0.0,0.0,2.0,1.0,1.0,0.0,1.0,3.0,2.0,4.0,3.0,2.0,2.0,5.0,0.0,0.0,0.0,0.0,0.0,0.0,0.0,0.0,0.0,0.0,0.0,1.0,0.0,0.0,4.0,0.0,0.0,0.0,2.0,1.0,1.0,0.0,1.0,4.0,3.0,5.0,4.0,3.0,2.0,5.0
164,1.0,164.0,London_303,cons,151,453,1092.0,70.0,2.0,135447.0,0.7782229660078883,756.0,28.0,0.0,28.0,50.0,0.0,50.0,49.0,100.0,200.0,16.0,88.0,5.0,26.0,3.0,15.0,28.0,86.0,156.0,183.0,238.0,1.0,0.0,1.0,0.0,0.0,0.0,0.0,0.0,0.0,11.0,0.0,3.0,0.0,5.0,0.0,1.0,0.0,2.0,0.0,11.0,0.0,0.0,0.0,0.0,0.0,0.0,0.0,0.0,0.0,0.0,0.0,0.0,0.0,0.0,0.0,0.0,0.0,0.0,1.0,0.0,2.0,1.0,1.0,4.0,0.0,0.0,1.0,1.0,7.0,4.0,0.0,0.0,0.0,0.0,0.0,0.0,0.0,0.0,0.0,0.0,0.0,0.0,0.0,0.0,0.0,0.0,0.0,0.0,1.0,0.0,2.0,1.0,1.0,4.0,0.0,0.0,1.0,2.0,8.0,5.0
165,1.0,165.0,London_303,cons,151,453,1092.0,70.0,2.0,158097.0,1.1188126900233328,806.0,122.0,0.0,122.0,207.0,0.0,207.0,34.0,101.0,193.0,18.0,90.0,4.0,29.0,3.0,15.0,29.0,92.0,159.0,173.0,243.0,3.0,0.0,1.0,0.0,1.0,0.0,1.0,0.0,0.0,73.0,0.0,14.0,4.0,43.0,2.0,9.0,1.0,0.0,0.0,73.0,0.0,0.0,0.0,0.0,0.0,0.0,0.0,0.0,0.0,0.0,0.0,0.0,0.0,0.0,0.0,0.0,0.0,0.0,0.0,5.0,1.0,0.0,2.0,4.0,3.0,6.0,4.0,13.0,12.0,12.0,0.0,0.0,0.0,0.0,0.0,0.0,0.0,0.0,0.0,0.0,0.0,0.0,0.0,0.0,0.0,0.0,0.0,0.0,0.0,6.0,1.0,0.0,2.0,6.0,3.0,8.0,4.0,20.0,17.0,13.0
166,1.0,166.0,London_303,cons,151,453,1092.0,70.0,2.0,140883.0,0.8204098008573055,768.0,105.0,0.0,105.0,183.0,0.0,183.0,94.0,100.0,186.0,7.0,111.0,5.0,26.0,4.0,14.0,29.0,83.0,168.0,173.0,243.0,9.0,2.0,2.0,0.0,2.0,0.0,2.0,0.0,1.0,57.0,1.0,26.0,4.0,21.0,1.0,2.0,0.0,2.0,0.0,57.0,0.0,0.0,0.0,0.0,0.0,0.0,0.0,0.0,0.0,0.0,0.0,0.0,0.0,0.0,0.0,0.0,0.0,0.0,3.0,2.0,0.0,0.0,5.0,5.0,2.0,1.0,5.0,9.0,18.0,7.0,0.0,0.0,0.0,0.0,0.0,0.0,0.0,0.0,0.0,0.0,0.0,0.0,0.0,0.0,0.0,0.0,0.0,0.0,3.0,3.0,0.0,0.0,5.0,7.0,3.0,1.0,5.0,10.0,25.0,8.0
167,1.0,167.0,London_303,cons,151,453,1092.0,70.0,2.0,122763.0,0.8060837471857667,728.0,91.0,0.0,91.0,161.0,0.0,161.0,107.0,103.0,194.0,5.0,100.0,7.0,29.0,5.0,10.0,32.0,81.0,165.0,175.0,236.0,6.0,1.0,3.0,0.0,1.0,0.0,0.0,0.0,1.0,46.0,0.0,13.0,3.0,19.0,0.0,1.0,0.0,10.0,0.0,46.0,0.0,0.0,0.0,0.0,0.0,0.0,0.0,0.0,0.0,0.0,0.0,0.0,0.0,0.0,0.0,0.0,0.0,0.0,2.0,3.0,2.0,0.0,2.0,7.0,4.0,1.0,5.0,12.0,12.0,11.0,0.0,0.0,0.0,0.0,0.0,0.0,0.0,0.0,0.0,0.0,0.0,0.0,0.0,0.0,0.0,0.0,0.0,0.0,3.0,6.0,2.0,0.0,2.0,10.0,5.0,1.0,6.0,17.0,15.0,12.0
168,1.0,168.0,London_303,cons,151,453,1092.0,70.0,2.0,121857.0,0.6446741432882845,726.0,41.0,1.0,40.0,75.0,9.0,66.0,94.0,105.0,187.0,8.0,109.0,5.0,25.0,4.0,10.0,31.0,92.0,160.0,170.0,237.0,4.0,0.0,1.0,0.0,1.0,0.0,0.0,0.0,2.0,10.0,0.0,4.0,0.0,3.0,1.0,0.0,1.0,1.0,1.0,9.0,0.0,0.0,0.0,0.0,0.0,0.0,0.0,0.0,0.0,0.0,0.0,0.0,1.0,0.0,0.0,0.0,0.0,0.0,3.0,1.0,0.0,0.0,1.0,2.0,5.0,4.0,5.0,6.0,8.0,11.0,0.0,0.0,0.0,0.0,0.0,0.0,0.0,0.0,0.0,0.0,0.0,0.0,2.0,0.0,0.0,0.0,0.0,0.0,4.0,1.0,0.0,0.0,1.0,3.0,7.0,6.0,5.0,7.0,11.0,14.0
169,1.0,169.0,London_303,cons,151,453,1092.0,70.0,2.0,136353.0,0.7879095408134162,758.0,35.0,2.0,33.0,77.0,19.0,58.0,61.0,111.0,179.0,11.0,110.0,6.0,21.0,3.0,12.0,33.0,95.0,160.0,165.0,239.0,5.0,0.0,3.0,0.0,1.0,0.0,1.0,0.0,0.0,21.0,0.0,14.0,1.0,3.0,0.0,2.0,0.0,1.0,2.0,19.0,0.0,0.0,0.0,0.0,0.0,0.0,0.0,0.0,0.0,0.0,0.0,0.0,0.0,1.0,1.0,0.0,0.0,0.0,2.0,1.0,1.0,0.0,0.0,2.0,2.0,3.0,0.0,4.0,5.0,4.0,0.0,0.0,0.0,0.0,0.0,0.0,0.0,0.0,0.0,0.0,0.0,0.0,0.0,6.0,6.0,0.0,0.0,0.0,2.0,1.0,1.0,0.0,0.0,2.0,2.0,5.0,0.0,8.0,6.0,5.0
170,1.0,170.0,London_303,cons,151,453,1092.0,70.0,2.0,167610.0,1.0206922986544669,827.0,64.0,2.0,62.0,122.0,18.0,104.0,45.0,118.0,179.0,8.0,103.0,7.0,23.0,3.0,12.0,34.0,95.0,157.0,167.0,229.0,2.0,0.0,1.0,0.0,1.0,0.0,0.0,0.0,0.0,37.0,1.0,15.0,1.0,12.0,1.0,6.0,0.0,1.0,2.0,35.0,0.0,0.0,0.0,0.0,0.0,0.0,0.0,0.0,0.0,0.0,0.0,0.0,0.0,0.0,1.0,0.0,0.0,0.0,2.0,2.0,1.0,0.0,3.0,2.0,5.0,3.0,2.0,6.0,11.0,7.0,0.0,0.0,0.0,0.0,0.0,0.0,0.0,0.0,0.0,0.0,0.0,0.0,0.0,0.0,5.0,0.0,0.0,0.0,3.0,3.0,1.0,0.0,3.0,2.0,6.0,4.0,2.0,8.0,14.0,10.0
171,1.0,171.0,London_303,cons,151,453,1092.0,70.0,2.0,174858.0,1.0937324883416295,843.0,106.0,1.0,105.0,198.0,9.0,189.0,63.0,117.0,189.0,4.0,107.0,4.0,18.0,3.0,11.0,32.0,95.0,157.0,169.0,234.0,1.0,0.0,0.0,0.0,1.0,0.0,0.0,0.0,0.0,70.0,0.0,25.0,8.0,20.0,1.0,13.0,0.0,3.0,0.0,70.0,0.0,0.0,0.0,0.0,0.0,0.0,0.0,0.0,0.0,0.0,0.0,0.0,0.0,0.0,1.0,0.0,0.0,0.0,1.0,1.0,1.0,1.0,4.0,3.0,3.0,4.0,4.0,10.0,17.0,7.0,0.0,0.0,0.0,0.0,0.0,0.0,0.0,0.0,0.0,0.0,0.0,0.0,0.0,0.0,2.0,0.0,0.0,0.0,1.0,1.0,1.0,1.0,4.0,3.0,4.0,6.0,4.0,11.0,21.0,8.0
172,1.0,172.0,London_303,cons,151,453,1092.0,70.0,2.0,174405.0,1.065332252997905,842.0,114.0,0.0,114.0,200.0,0.0,200.0,89.0,117.0,189.0,5.0,94.0,5.0,24.0,3.0,16.0,31.0,94.0,151.0,177.0,228.0,5.0,1.0,3.0,0.0,1.0,0.0,0.0,0.0,0.0,78.0,0.0,24.0,12.0,34.0,2.0,5.0,0.0,1.0,0.0,78.0,0.0,0.0,0.0,0.0,0.0,0.0,0.0,0.0,0.0,0.0,0.0,0.0,0.0,0.0,0.0,0.0,0.0,0.0,2.0,0.0,4.0,0.0,5.0,2.0,3.0,1.0,4.0,13.0,13.0,9.0,0.0,0.0,0.0,0.0,0.0,0.0,0.0,0.0,0.0,0.0,0.0,0.0,0.0,0.0,0.0,0.0,0.0,0.0,2.0,0.0,4.0,0.0,5.0,2.0,3.0,1.0,4.0,19.0,15.0,10.0
173,1.0,173.0,London_303,cons,151,453,1092.0,70.0,2.0,163080.0,1.1664199838414788,817.0,23.0,0.0,23.0,40.0,0.0,40.0,80.0,112.0,187.0,6.0,90.0,9.0,29.0,4.0,16.0,32.0,97.0,157.0,167.0,222.0,7.0,0.0,5.0,0.0,2.0,0.0,0.0,0.0,0.0,8.0,0.0,5.0,1.0,2.0,0.0,0.0,0.0,0.0,0.0,8.0,0.0,0.0,0.0,0.0,0.0,0.0,0.0,0.0,0.0,0.0,0.0,0.0,0.0,0.0,0.0,0.0,0.0,0.0,1.0,1.0,2.0,0.0,1.0,4.0,1.0,1.0,1.0,3.0,4.0,4.0,0.0,0.0,0.0,0.0,0.0,0.0,0.0,0.0,0.0,0.0,0.0,0.0,0.0,0.0,0.0,0.0,0.0,0.0,2.0,2.0,3.0,0.0,1.0,5.0,2.0,1.0,1.0,4.0,5.0,4.0
174,1.0,174.0,London_303,cons,151,453,1092.0,70.0,2.0,187542.0,1.27825779421255,871.0,194.0,0.0,194.0,342.0,0.0,342.0,35.0,118.0,183.0,3.0,86.0,9.0,34.0,4.0,16.0,32.0,95.0,161.0,165.0,219.0,9.0,4.0,5.0,0.0,0.0,0.0,0.0,0.0,0.0,149.0,1.0,53.0,8.0,64.0,2.0,14.0,0.0,7.0,0.0,149.0,0.0,0.0,0.0,0.0,0.0,0.0,0.0,0.0,0.0,0.0,0.0,0.0,0.0,0.0,0.0,0.0,0.0,0.0,1.0,1.0,0.0,2.0,4.0,4.0,3.0,3.0,1.0,9.0,22.0,12.0,0.0,0.0,0.0,0.0,0.0,0.0,0.0,0.0,0.0,0.0,0.0,0.0,0.0,0.0,0.0,0.0,0.0,0.0,1.0,1.0,0.0,3.0,4.0,4.0,4.0,3.0,1.0,13.0,25.0,14.0
175,1.0,175.0,London_303,cons,151,453,1092.0,70.0,2.0,133182.0,0.7111843000166118,751.0,10.0,0.0,10.0,16.0,0.0,16.0,107.0,114.0,180.0,8.0,97.0,6.0,31.0,1.0,16.0,34.0,101.0,159.0,159.0,224.0,12.0,2.0,6.0,0.0,4.0,0.0,0.0,0.0,0.0,1.0,0.0,0.0,0.0,0.0,0.0,0.0,1.0,0.0,0.0,1.0,0.0,0.0,0.0,0.0,0.0,0.0,0.0,0.0,0.0,0.0,0.0,0.0,0.0,0.0,0.0,0.0,0.0,0.0,0.0,1.0,0.0,0.0,0.0,1.0,0.0,3.0,3.0,0.0,2.0,2.0,0.0,0.0,0.0,0.0,0.0,0.0,0.0,0.0,0.0,0.0,0.0,0.0,0.0,0.0,0.0,0.0,0.0,0.0,0.0,2.0,0.0,0.0,0.0,1.0,0.0,5.0,4.0,0.0,2.0,2.0
176,1.0,176.0,London_303,cons,151,453,1092.0,70.0,2.0,183012.0,1.1758013651706278,861.0,138.0,2.0,136.0,247.0,17.0,230.0,27.0,115.0,176.0,10.0,94.0,8.0,30.0,2.0,18.0,32.0,103.0,159.0,159.0,218.0,5.0,1.0,3.0,0.0,0.0,0.0,0.0,0.0,1.0,85.0,1.0,30.0,8.0,38.0,0.0,4.0,0.0,4.0,1.0,84.0,0.0,0.0,0.0,0.0,0.0,0.0,0.0,0.0,0.0,0.0,0.0,0.0,0.0,1.0,0.0,0.0,0.0,0.0,4.0,3.0,3.0,0.0,6.0,9.0,3.0,1.0,6.0,16.0,17.0,15.0,0.0,0.0,0.0,0.0,0.0,0.0,0.0,0.0,0.0,0.0,0.0,0.0,0.0,1.0,0.0,0.0,0.0,0.0,4.0,3.0,3.0,0.0,6.0,10.0,4.0,1.0,10.0,20.0,24.0,18.0
177,1.0,177.0,London_303,cons,151,453,1092.0,70.0,2.0,155379.0,1.274470787961036,800.0,64.0,0.0,64.0,115.0,0.0,115.0,119.0,114.0,170.0,9.0,106.0,11.0,26.0,1.0,16.0,32.0,93.0,154.0,174.0,215.0,5.0,0.0,3.0,0.0,1.0,0.0,1.0,0.0,0.0,22.0,0.0,2.0,4.0,6.0,0.0,7.0,0.0,3.0,0.0,22.0,0.0,0.0,0.0,0.0,0.0,0.0,0.0,0.0,0.0,0.0,0.0,0.0,0.0,0.0,0.0,0.0,0.0,0.0,2.0,1.0,2.0,1.0,1.0,4.0,1.0,1.0,3.0,10.0,9.0,9.0,0.0,0.0,0.0,0.0,0.0,0.0,0.0,0.0,0.0,0.0,0.0,0.0,0.0,0.0,0.0,0.0,0.0,0.0,3.0,1.0,2.0,1.0,1.0,5.0,1.0,1.0,4.0,14.0,11.0,11.0
178,1.0,178.0,London_303,cons,151,453,1092.0,70.0,2.0,167610.0,1.0683072316460311,827.0,157.0,0.0,157.0,281.0,0.0,281.0,79.0,121.0,170.0,10.0,98.0,13.0,25.0,1.0,15.0,33.0,98.0,152.0,170.0,213.0,5.0,0.0,5.0,0.0,0.0,0.0,0.0,0.0,0.0,116.0,1.0,39.0,8.0,50.0,1.0,11.0,3.0,3.0,0.0,116.0,0.0,0.0,0.0,0.0,0.0,0.0,0.0,0.0,0.0,0.0,0.0,0.0,0.0,0.0,0.0,0.0,0.0,0.0,3.0,3.0,4.0,4.0,6.0,3.0,4.0,0.0,9.0,15.0,16.0,10.0,0.0,0.0,0.0,0.0,0.0,0.0,0.0,0.0,0.0,0.0,0.0,0.0,0.0,0.0,0.0,0.0,0.0,0.0,5.0,4.0,4.0,5.0,6.0,5.0,6.0,0.0,12.0,24.0,20.0,13.0
179,1.0,179.0,London_303,cons,151,453,1092.0,70.0,2.0,143601.0,1.1767254159785807,774.0,33.0,1.0,32.0,60.0,8.0,52.0,109.0,120.0,159.0,13.0,112.0,9.0,24.0,1.0,15.0,33.0,104.0,147.0,169.0,218.0,5.0,2.0,1.0,0.0,2.0,0.0,0.0,0.0,0.0,5.0,0.0,0.0,0.0,2.0,0.0,1.0,0.0,2.0,0.0,5.0,0.0,0.0,0.0,0.0,0.0,0.0,0.0,0.0,0.0,0.0,0.0,0.0,1.0,0.0,0.0,0.0,0.0,0.0,1.0,2.0,0.0,0.0,2.0,4.0,0.0,6.0,0.0,3.0,4.0,5.0,0.0,0.0,0.0,0.0,0.0,0.0,0.0,0.0,0.0,0.0,0.0,0.0,5.0,0.0,0.0,0.0,0.0,0.0,1.0,2.0,0.0,0.0,2.0,4.0,0.0,7.0,0.0,5.0,4.0,7.0
180,1.0,180.0,London_303,cons,151,453,1092.0,70.0,2.0,169422.0,1.1130375768989325,831.0,32.0,2.0,30.0,70.0,17.0,53.0,57.0,118.0,156.0,20.0,110.0,8.0,25.0,1.0,15.0,30.0,105.0,150.0,168.0,217.0,5.0,2.0,2.0,0.0,0.0,0.0,0.0,0.0,1.0,11.0,0.0,0.0,0.0,10.0,0.0,1.0,0.0,0.0,0.0,11.0,0.0,0.0,0.0,0.0,0.0,0.0,0.0,0.0,0.0,0.0,0.0,0.0,0.0,1.0,1.0,0.0,0.0,0.0,3.0,1.0,3.0,0.0,1.0,4.0,1.0,3.0,3.0,4.0,5.0,3.0,0.0,0.0,0.0,0.0,0.0,0.0,0.0,0.0,0.0,0.0,0.0,0.0,0.0,6.0,2.0,0.0,0.0,0.0,3.0,2.0,3.0,0.0,1.0,6.0,1.0,3.0,4.0,6.0,7.0,3.0
181,1.0,181.0,London_303,cons,151,453,1092.0,70.0,2.0,193884.0,1.3100587651133537,885.0,152.0,2.0,150.0,271.0,18.0,253.0,58.0,120.0,154.0,17.0,109.0,10.0,32.0,1.0,10.0,23.0,107.0,147.0,176.0,206.0,2.0,0.0,1.0,0.0,1.0,0.0,0.0,0.0,0.0,87.0,1.0,37.0,3.0,36.0,0.0,5.0,1.0,4.0,0.0,87.0,0.0,0.0,0.0,0.0,0.0,0.0,0.0,0.0,0.0,0.0,0.0,0.0,0.0,1.0,1.0,0.0,0.0,0.0,1.0,3.0,3.0,0.0,5.0,7.0,4.0,4.0,7.0,21.0,13.0,18.0,0.0,0.0,0.0,0.0,0.0,0.0,0.0,0.0,0.0,0.0,0.0,0.0,0.0,9.0,2.0,0.0,0.0,0.0,1.0,4.0,3.0,0.0,6.0,7.0,6.0,4.0,7.0,25.0,17.0,23.0
182,1.0,182.0,London_303,cons,151,453,1092.0,70.0,2.0,165798.0,1.234163232613355,823.0,100.0,0.0,100.0,171.0,0.0,171.0,141.0,125.0,143.0,12.0,123.0,8.0,29.0,0.0,13.0,17.0,102.0,145.0,189.0,206.0,10.0,2.0,7.0,0.0,1.0,0.0,0.0,0.0,0.0,46.0,0.0,12.0,8.0,21.0,0.0,5.0,0.0,0.0,0.0,46.0,0.0,0.0,0.0,0.0,0.0,0.0,0.0,0.0,0.0,0.0,0.0,0.0,0.0,0.0,0.0,0.0,0.0,0.0,1.0,3.0,3.0,0.0,5.0,4.0,5.0,2.0,10.0,14.0,13.0,13.0,0.0,0.0,0.0,0.0,0.0,0.0,0.0,0.0,0.0,0.0,0.0,0.0,0.0,0.0,0.0,0.0,0.0,0.0,1.0,3.0,3.0,0.0,5.0,6.0,6.0,3.0,12.0,19.0,20.0,16.0
183,1.0,183.0,London_303,cons,151,453,1092.0,70.0,2.0,164892.0,1.0222934349440038,821.0,42.0,2.0,40.0,87.0,22.0,65.0,109.0,130.0,139.0,11.0,121.0,9.0,27.0,0.0,16.0,17.0,101.0,153.0,182.0,193.0,9.0,4.0,4.0,0.0,1.0,0.0,0.0,0.0,0.0,13.0,0.0,2.0,2.0,4.0,0.0,4.0,1.0,0.0,1.0,12.0,0.0,0.0,0.0,0.0,0.0,0.0,0.0,0.0,0.0,0.0,0.0,0.0,0.0,0.0,0.0,0.0,0.0,0.0,5.0,1.0,2.0,1.0,4.0,5.0,1.0,3.0,0.0,6.0,5.0,8.0,0.0,0.0,0.0,0.0,0.0,0.0,0.0,0.0,0.0,0.0,0.0,0.0,0.0,0.0,0.0,0.0,0.0,0.0,7.0,1.0,2.0,2.0,4.0,6.0,1.0,3.0,0.0,6.0,8.0,9.0
184,1.0,184.0,London_303,cons,151,453,1092.0,70.0,2.0,189354.0,1.7853792430832982,875.0,135.0,0.0,135.0,225.0,0.0,225.0,72.0,134.0,140.0,12.0,113.0,12.0,27.0,0.0,15.0,15.0,104.0,145.0,189.0,185.0,6.0,1.0,3.0,0.0,1.0,0.0,0.0,0.0,1.0,73.0,1.0,25.0,2.0,35.0,0.0,6.0,0.0,4.0,0.0,73.0,0.0,0.0,0.0,0.0,0.0,0.0,0.0,0.0,0.0,0.0,0.0,0.0,0.0,0.0,0.0,0.0,0.0,0.0,2.0,4.0,1.0,0.0,3.0,5.0,1.0,6.0,3.0,14.0,22.0,8.0,0.0,0.0,0.0,0.0,0.0,0.0,0.0,0.0,0.0,0.0,0.0,0.0,0.0,0.0,0.0,0.0,0.0,0.0,3.0,4.0,1.0,0.0,3.0,7.0,1.0,7.0,3.0,19.0,29.0,9.0
185,1.0,185.0,London_303,cons,151,453,1092.0,70.0,2.0,167610.0,0.9890260980464518,827.0,82.0,0.0,82.0,152.0,0.0,152.0,107.0,139.0,125.0,8.0,119.0,17.0,27.0,1.0,17.0,16.0,101.0,143.0,193.0,192.0,6.0,1.0,4.0,0.0,1.0,0.0,0.0,0.0,0.0,44.0,0.0,22.0,2.0,14.0,0.0,4.0,1.0,1.0,0.0,44.0,0.0,0.0,0.0,0.0,0.0,0.0,0.0,0.0,0.0,0.0,0.0,0.0,0.0,0.0,0.0,0.0,0.0,0.0,2.0,0.0,2.0,3.0,3.0,3.0,3.0,6.0,2.0,11.0,12.0,15.0,0.0,0.0,0.0,0.0,0.0,0.0,0.0,0.0,0.0,0.0,0.0,0.0,0.0,0.0,0.0,0.0,0.0,0.0,2.0,0.0,2.0,3.0,3.0,4.0,3.0,9.0,3.0,14.0,18.0,17.0
186,1.0,186.0,London_303,cons,151,453,1092.0,70.0,2.0,180747.0,1.0977246318943799,856.0,119.0,2.0,117.0,226.0,19.0,207.0,81.0,141.0,117.0,11.0,119.0,21.0,27.0,1.0,16.0,12.0,103.0,151.0,187.0,189.0,4.0,2.0,2.0,0.0,0.0,0.0,0.0,0.0,0.0,76.0,1.0,32.0,6.0,24.0,0.0,5.0,2.0,6.0,2.0,74.0,0.0,0.0,0.0,0.0,0.0,0.0,0.0,0.0,0.0,0.0,0.0,0.0,1.0,0.0,2.0,0.0,0.0,0.0,1.0,5.0,0.0,0.0,4.0,2.0,3.0,5.0,8.0,16.0,12.0,10.0,0.0,0.0,0.0,0.0,0.0,0.0,0.0,0.0,0.0,0.0,0.0,0.0,3.0,0.0,4.0,0.0,0.0,0.0,1.0,6.0,0.0,0.0,4.0,3.0,4.0,5.0,8.0,20.0,13.0,10.0
187,1.0,187.0,London_303,cons,151,453,1092.0,70.0,2.0,170328.0,1.133166987914592,833.0,68.0,2.0,66.0,118.0,17.0,101.0,96.0,137.0,120.0,6.0,126.0,19.0,29.0,0.0,16.0,14.0,110.0,138.0,191.0,189.0,2.0,0.0,1.0,0.0,0.0,0.0,0.0,0.0,1.0,28.0,1.0,7.0,6.0,12.0,0.0,0.0,0.0,2.0,1.0,27.0,0.0,0.0,0.0,0.0,0.0,0.0,0.0,0.0,0.0,0.0,0.0,1.0,0.0,1.0,2.0,0.0,0.0,0.0,1.0,3.0,2.0,1.0,1.0,4.0,3.0,2.0,1.0,11.0,12.0,8.0,0.0,0.0,0.0,0.0,0.0,0.0,0.0,0.0,0.0,0.0,0.0,1.0,0.0,8.0,4.0,0.0,0.0,0.0,1.0,4.0,2.0,1.0,1.0,5.0,3.0,2.0,1.0,13.0,14.0,8.0
188,1.0,188.0,London_303,cons,151,453,1092.0,70.0,2.0,172593.0,1.176143634133041,838.0,51.0,0.0,51.0,78.0,0.0,78.0,81.0,142.0,125.0,7.0,125.0,14.0,27.0,0.0,13.0,11.0,111.0,135.0,196.0,187.0,4.0,2.0,2.0,0.0,0.0,0.0,0.0,0.0,0.0,20.0,1.0,9.0,1.0,6.0,0.0,0.0,1.0,2.0,0.0,20.0,0.0,0.0,0.0,0.0,0.0,0.0,0.0,0.0,0.0,0.0,0.0,0.0,0.0,0.0,0.0,0.0,0.0,0.0,1.0,1.0,0.0,0.0,1.0,0.0,0.0,5.0,3.0,10.0,9.0,6.0,0.0,0.0,0.0,0.0,0.0,0.0,0.0,0.0,0.0,0.0,0.0,0.0,0.0,0.0,0.0,0.0,0.0,0.0,1.0,1.0,0.0,0.0,1.0,0.0,0.0,5.0,4.0,13.0,11.0,7.0
189,1.0,189.0,London_303,cons,151,453,1092.0,70.0,2.0,186636.0,1.1910471841692924,869.0,192.0,0.0,192.0,345.0,0.0,345.0,55.0,140.0,136.0,8.0,110.0,16.0,30.0,0.0,13.0,12.0,109.0,135.0,197.0,194.0,0.0,0.0,0.0,0.0,0.0,0.0,0.0,0.0,0.0,141.0,2.0,51.0,11.0,65.0,0.0,10.0,0.0,2.0,0.0,141.0,0.0,0.0,0.0,0.0,0.0,0.0,0.0,0.0,0.0,0.0,0.0,0.0,0.0,0.0,0.0,0.0,0.0,0.0,1.0,4.0,2.0,0.0,8.0,1.0,3.0,2.0,8.0,14.0,14.0,14.0,0.0,0.0,0.0,0.0,0.0,0.0,0.0,0.0,0.0,0.0,0.0,0.0,0.0,0.0,0.0,0.0,0.0,0.0,1.0,4.0,2.0,0.0,8.0,1.0,3.0,2.0,10.0,17.0,16.0,15.0
190,1.0,190.0,London_303,cons,151,453,1092.0,70.0,2.0,127746.0,0.9135154411196709,739.0,53.0,0.0,53.0,91.0,0.0,91.0,108.0,135.0,126.0,8.0,129.0,9.0,32.0,0.0,14.0,12.0,113.0,127.0,201.0,201.0,0.0,0.0,0.0,0.0,0.0,0.0,0.0,0.0,0.0,21.0,0.0,6.0,1.0,8.0,0.0,3.0,1.0,2.0,0.0,21.0,0.0,0.0,0.0,0.0,0.0,0.0,0.0,0.0,0.0,0.0,0.0,0.0,0.0,0.0,0.0,0.0,0.0,0.0,1.0,2.0,6.0,0.0,3.0,9.0,3.0,5.0,4.0,10.0,9.0,11.0,0.0,0.0,0.0,0.0,0.0,0.0,0.0,0.0,0.0,0.0,0.0,0.0,0.0,0.0,0.0,0.0,0.0,0.0,1.0,2.0,8.0,0.0,4.0,14.0,3.0,6.0,5.0,16.0,12.0,12.0
191,1.0,191.0,London_303,cons,151,453,1092.0,70.0,2.0,126387.0,0.7756724110804498,736.0,73.0,2.0,71.0,141.0,19.0,122.0,61.0,142.0,124.0,12.0,115.0,11.0,32.0,0.0,17.0,12.0,116.0,131.0,194.0,207.0,6.0,0.0,4.0,0.0,2.0,0.0,0.0,0.0,0.0,37.0,0.0,10.0,0.0,21.0,0.0,6.0,0.0,0.0,2.0,35.0,0.0,0.0,0.0,0.0,0.0,0.0,0.0,0.0,0.0,0.0,0.0,0.0,0.0,0.0,0.0,0.0,0.0,0.0,0.0,5.0,0.0,0.0,1.0,6.0,2.0,2.0,4.0,10.0,8.0,6.0,0.0,0.0,0.0,0.0,0.0,0.0,0.0,0.0,0.0,0.0,0.0,0.0,0.0,0.0,0.0,0.0,0.0,0.0,0.0,6.0,0.0,0.0,1.0,11.0,2.0,2.0,4.0,13.0,11.0,6.0
192,1.0,192.0,London_303,cons,151,453,1092.0,70.0,2.0,121857.0,0.65302470093593,726.0,144.0,2.0,142.0,255.0,18.0,237.0,76.0,141.0,125.0,15.0,113.0,11.0,32.0,0.0,16.0,13.0,111.0,130.0,199.0,206.0,10.0,2.0,4.0,0.0,4.0,0.0,0.0,0.0,0.0,86.0,1.0,25.0,4.0,48.0,2.0,5.0,0.0,1.0,2.0,84.0,0.0,0.0,0.0,0.0,0.0,0.0,0.0,0.0,0.0,1.0,0.0,1.0,0.0,1.0,1.0,0.0,0.0,0.0,1.0,1.0,1.0,1.0,2.0,6.0,3.0,2.0,8.0,11.0,16.0,9.0,0.0,0.0,0.0,0.0,0.0,0.0,0.0,0.0,0.0,1.0,0.0,1.0,0.0,4.0,1.0,0.0,0.0,0.0,1.0,1.0,1.0,1.0,2.0,8.0,4.0,2.0,8.0,14.0,21.0,10.0
193,1.0,193.0,London_303,cons,151,453,1092.0,70.0,2.0,81087.0,0.39197325613349676,636.0,12.0,2.0,10.0,31.0,15.0,16.0,116.0,124.0,133.0,10.0,118.0,9.0,41.0,1.0,17.0,17.0,100.0,128.0,208.0,206.0,2.0,0.0,1.0,0.0,1.0,0.0,0.0,0.0,0.0,2.0,0.0,0.0,0.0,1.0,1.0,0.0,0.0,0.0,2.0,0.0,0.0,0.0,0.0,0.0,0.0,0.0,0.0,0.0,0.0,0.0,0.0,1.0,1.0,0.0,1.0,0.0,0.0,0.0,0.0,0.0,0.0,0.0,0.0,1.0,1.0,1.0,2.0,2.0,0.0,3.0,0.0,0.0,0.0,0.0,0.0,0.0,0.0,0.0,0.0,0.0,0.0,1.0,2.0,0.0,2.0,0.0,0.0,0.0,0.0,0.0,0.0,0.0,0.0,2.0,1.0,1.0,3.0,4.0,0.0,4.0
194,1.0,194.0,London_303,cons,151,453,1092.0,70.0,2.0,105096.0,0.524800346698612,689.0,0.0,0.0,0.0,0.0,0.0,0.0,20.0,125.0,126.0,11.0,122.0,9.0,42.0,1.0,17.0,16.0,101.0,133.0,203.0,205.0,5.0,1.0,0.0,0.0,3.0,0.0,0.0,0.0,1.0,0.0,0.0,0.0,0.0,0.0,0.0,0.0,0.0,0.0,0.0,0.0,0.0,0.0,0.0,0.0,0.0,0.0,0.0,0.0,0.0,0.0,0.0,0.0,0.0,0.0,0.0,0.0,0.0,0.0,0.0,0.0,0.0,0.0,0.0,0.0,0.0,0.0,0.0,0.0,0.0,0.0,0.0,0.0,0.0,0.0,0.0,0.0,0.0,0.0,0.0,0.0,0.0,0.0,0.0,0.0,0.0,0.0,0.0,0.0,0.0,0.0,0.0,0.0,0.0,0.0,0.0,0.0,0.0,0.0,0.0,0.0
195,1.0,195.0,London_303,cons,151,453,1092.0,70.0,2.0,148584.0,0.8777349190786481,785.0,114.0,1.0,113.0,198.0,10.0,188.0,5.0,124.0,128.0,11.0,121.0,10.0,42.0,1.0,16.0,16.0,99.0,135.0,203.0,202.0,2.0,0.0,0.0,0.0,2.0,0.0,0.0,0.0,0.0,57.0,0.0,14.0,8.0,24.0,0.0,6.0,0.0,5.0,1.0,56.0,0.0,0.0,0.0,0.0,0.0,0.0,0.0,0.0,0.0,0.0,0.0,0.0,0.0,1.0,0.0,0.0,0.0,0.0,5.0,8.0,7.0,2.0,3.0,8.0,2.0,7.0,6.0,17.0,13.0,17.0,0.0,0.0,0.0,0.0,0.0,0.0,0.0,0.0,0.0,0.0,0.0,0.0,0.0,1.0,0.0,0.0,0.0,0.0,6.0,8.0,7.0,4.0,3.0,9.0,5.0,7.0,6.0,22.0,15.0,20.0
196,1.0,196.0,London_303,cons,151,453,1092.0,70.0,2.0,132276.0,0.7994382181204855,749.0,35.0,2.0,33.0,77.0,18.0,59.0,105.0,126.0,141.0,13.0,111.0,7.0,39.0,1.0,15.0,16.0,102.0,145.0,190.0,211.0,7.0,3.0,3.0,0.0,1.0,0.0,0.0,0.0,0.0,11.0,0.0,2.0,0.0,4.0,0.0,4.0,0.0,1.0,1.0,10.0,0.0,0.0,0.0,0.0,0.0,0.0,0.0,0.0,0.0,0.0,0.0,0.0,0.0,2.0,2.0,0.0,0.0,0.0,3.0,1.0,1.0,2.0,4.0,3.0,1.0,0.0,6.0,5.0,9.0,7.0,0.0,0.0,0.0,0.0,0.0,0.0,0.0,0.0,0.0,0.0,0.0,0.0,0.0,12.0,5.0,0.0,0.0,0.0,3.0,1.0,1.0,2.0,4.0,3.0,3.0,0.0,7.0,7.0,16.0,9.0
197,1.0,197.0,London_303,cons,151,453,1092.0,70.0,2.0,155832.0,1.0109060877002776,801.0,3.0,3.0,0.0,24.0,24.0,0.0,68.0,121.0,146.0,15.0,110.0,7.0,37.0,1.0,16.0,12.0,104.0,150.0,187.0,198.0,8.0,1.0,6.0,0.0,1.0,0.0,0.0,0.0,0.0,3.0,0.0,0.0,0.0,2.0,0.0,1.0,0.0,0.0,3.0,0.0,0.0,0.0,0.0,0.0,0.0,0.0,0.0,0.0,0.0,0.0,0.0,0.0,0.0,0.0,1.0,0.0,0.0,0.0,0.0,0.0,0.0,0.0,0.0,0.0,0.0,0.0,0.0,0.0,0.0,0.0,0.0,0.0,0.0,0.0,0.0,0.0,0.0,0.0,0.0,0.0,0.0,0.0,0.0,0.0,1.0,0.0,0.0,0.0,0.0,0.0,0.0,0.0,0.0,0.0,0.0,0.0,0.0,0.0,0.0,0.0
198,1.0,198.0,London_303,cons,151,453,1092.0,70.0,2.0,204303.0,1.371632480993867,908.0,89.0,0.0,89.0,155.0,0.0,155.0,16.0,121.0,150.0,13.0,108.0,6.0,38.0,1.0,16.0,11.0,104.0,148.0,190.0,189.0,3.0,1.0,0.0,0.0,1.0,0.0,1.0,0.0,0.0,34.0,2.0,7.0,0.0,21.0,0.0,3.0,0.0,1.0,0.0,34.0,0.0,0.0,0.0,0.0,0.0,0.0,0.0,0.0,0.0,0.0,0.0,0.0,0.0,0.0,0.0,0.0,0.0,0.0,1.0,7.0,3.0,2.0,2.0,7.0,3.0,3.0,4.0,15.0,10.0,12.0,0.0,0.0,0.0,0.0,0.0,0.0,0.0,0.0,0.0,0.0,0.0,0.0,0.0,0.0,0.0,0.0,0.0,0.0,1.0,9.0,4.0,2.0,2.0,9.0,4.0,5.0,5.0,24.0,13.0,16.0
199,1.0,199.0,London_303,cons,151,453,1092.0,70.0,2.0,211551.0,1.3869777601212263,924.0,165.0,0.0,165.0,305.0,0.0,305.0,102.0,115.0,160.0,19.0,98.0,5.0,40.0,0.0,16.0,13.0,98.0,153.0,189.0,196.0,1.0,0.0,1.0,0.0,0.0,0.0,0.0,0.0,0.0,106.0,1.0,37.0,7.0,36.0,4.0,16.0,1.0,4.0,0.0,106.0,0.0,0.0,0.0,0.0,0.0,0.0,0.0,0.0,0.0,0.0,0.0,0.0,0.0,0.0,0.0,0.0,0.0,0.0,1.0,0.0,2.0,2.0,7.0,6.0,9.0,4.0,5.0,18.0,13.0,13.0,0.0,0.0,0.0,0.0,0.0,0.0,0.0,0.0,0.0,0.0,0.0,0.0,0.0,0.0,0.0,0.0,0.0,0.0,1.0,0.0,2.0,2.0,8.0,8.0,9.0,4.0,6.0,24.0,16.0,16.0
200,1.0,200.0,London_303,cons,151,453,1092.0,70.0,2.0,175764.0,1.1344319242052734,845.0,70.0,0.0,70.0,114.0,0.0,114.0,122.0,124.0,151.0,21.0,96.0,2.0,39.0,0.0,20.0,14.0,101.0,154.0,184.0,199.0,8.0,2.0,1.0,0.0,5.0,0.0,0.0,0.0,0.0,35.0,0.0,9.0,1.0,22.0,1.0,1.0,0.0,1.0,0.0,35.0,0.0,0.0,0.0,0.0,0.0,0.0,0.0,0.0,0.0,0.0,0.0,0.0,0.0,0.0,0.0,0.0,0.0,0.0,2.0,4.0,1.0,2.0,4.0,3.0,1.0,3.0,4.0,8.0,5.0,9.0,0.0,0.0,0.0,0.0,0.0,0.0,0.0,0.0,0.0,0.0,0.0,0.0,0.0,0.0,0.0,0.0,0.0,0.0,2.0,4.0,1.0,3.0,4.0,4.0,2.0,4.0,7.0,11.0,7.0,12.0
201,1.0,201.0,London_303,cons,151,453,1092.0,70.0,2.0,201132.0,1.515925470739603,901.0,163.0,2.0,161.0,298.0,18.0,280.0,76.0,122.0,157.0,18.0,89.0,4.0,39.0,0.0,24.0,15.0,97.0,160.0,181.0,197.0,10.0,3.0,5.0,0.0,1.0,0.0,0.0,0.0,1.0,104.0,0.0,21.0,6.0,53.0,1.0,18.0,0.0,5.0,2.0,102.0,0.0,0.0,0.0,0.0,0.0,0.0,0.0,0.0,0.0,0.0,0.0,0.0,0.0,0.0,0.0,0.0,0.0,0.0,5.0,4.0,1.0,1.0,1.0,4.0,3.0,7.0,2.0,13.0,16.0,13.0,0.0,0.0,0.0,0.0,0.0,0.0,0.0,0.0,0.0,0.0,0.0,0.0,0.0,0.0,0.0,0.0,0.0,0.0,6.0,5.0,2.0,1.0,1.0,4.0,4.0,7.0,2.0,17.0,23.0,16.0
202,1.0,202.0,London_303,cons,151,453,1092.0,70.0,2.0,165345.0,1.0861666700802743,822.0,55.0,0.0,55.0,87.0,0.0,87.0,133.0,108.0,172.0,11.0,99.0,7.0,36.0,2.0,18.0,14.0,108.0,148.0,183.0,203.0,5.0,0.0,3.0,0.0,2.0,0.0,0.0,0.0,0.0,16.0,0.0,0.0,2.0,8.0,1.0,1.0,0.0,4.0,0.0,16.0,0.0,0.0,0.0,0.0,0.0,0.0,0.0,0.0,0.0,0.0,0.0,0.0,0.0,0.0,0.0,0.0,0.0,0.0,1.0,6.0,2.0,1.0,2.0,7.0,1.0,0.0,8.0,8.0,8.0,11.0,0.0,0.0,0.0,0.0,0.0,0.0,0.0,0.0,0.0,0.0,0.0,0.0,0.0,0.0,0.0,0.0,0.0,0.0,2.0,6.0,2.0,3.0,2.0,12.0,1.0,0.0,11.0,12.0,10.0,13.0
203,1.0,203.0,London_303,cons,151,453,1092.0,70.0,2.0,176217.0,1.3295050077140331,846.0,109.0,2.0,107.0,206.0,17.0,189.0,71.0,114.0,162.0,13.0,97.0,7.0,40.0,2.0,18.0,17.0,108.0,149.0,179.0,210.0,4.0,1.0,1.0,0.0,1.0,0.0,0.0,0.0,1.0,62.0,1.0,18.0,6.0,27.0,0.0,4.0,2.0,4.0,2.0,60.0,0.0,0.0,0.0,0.0,0.0,0.0,0.0,0.0,0.0,0.0,0.0,0.0,1.0,0.0,0.0,0.0,0.0,0.0,3.0,6.0,0.0,1.0,4.0,6.0,4.0,2.0,5.0,19.0,13.0,20.0,0.0,0.0,0.0,0.0,0.0,0.0,0.0,0.0,0.0,0.0,0.0,0.0,1.0,0.0,0.0,0.0,0.0,0.0,5.0,6.0,0.0,2.0,4.0,8.0,5.0,2.0,5.0,27.0,17.0,28.0
204,1.0,204.0,London_303,cons,151,453,1092.0,70.0,2.0,169422.0,1.077792530413717,831.0,86.0,2.0,84.0,171.0,21.0,150.0,108.0,117.0,158.0,15.0,107.0,8.0,32.0,1.0,15.0,17.0,100.0,151.0,185.0,212.0,3.0,0.0,0.0,0.0,0.0,0.0,2.0,0.0,1.0,39.0,1.0,14.0,4.0,7.0,1.0,7.0,0.0,5.0,2.0,37.0,0.0,0.0,0.0,0.0,0.0,0.0,0.0,0.0,0.0,0.0,0.0,0.0,1.0,0.0,0.0,0.0,0.0,0.0,2.0,3.0,2.0,0.0,3.0,8.0,2.0,6.0,3.0,6.0,11.0,11.0,0.0,0.0,0.0,0.0,0.0,0.0,0.0,0.0,0.0,0.0,0.0,0.0,1.0,0.0,0.0,0.0,0.0,0.0,2.0,3.0,2.0,0.0,3.0,10.0,2.0,7.0,3.0,8.0,13.0,16.0
205,1.0,205.0,London_303,cons,151,453,1092.0,70.0,2.0,163080.0,1.0182509059086442,817.0,130.0,2.0,128.0,233.0,17.0,216.0,101.0,107.0,161.0,13.0,105.0,8.0,42.0,1.0,16.0,19.0,102.0,153.0,179.0,227.0,4.0,1.0,1.0,0.0,2.0,0.0,0.0,0.0,0.0,73.0,1.0,32.0,10.0,21.0,1.0,3.0,2.0,3.0,1.0,72.0,0.0,0.0,0.0,0.0,0.0,0.0,0.0,0.0,0.0,0.0,0.0,0.0,0.0,0.0,2.0,0.0,0.0,0.0,3.0,3.0,1.0,4.0,0.0,8.0,3.0,5.0,3.0,15.0,16.0,12.0,0.0,0.0,0.0,0.0,0.0,0.0,0.0,0.0,0.0,0.0,0.0,0.0,0.0,0.0,8.0,0.0,0.0,0.0,3.0,3.0,1.0,4.0,0.0,10.0,4.0,5.0,5.0,20.0,20.0,12.0
206,1.0,206.0,London_303,cons,151,453,1092.0,70.0,2.0,148584.0,0.9302093517035246,785.0,100.0,0.0,100.0,176.0,0.0,176.0,119.0,104.0,168.0,23.0,89.0,10.0,38.0,1.0,20.0,19.0,100.0,138.0,196.0,209.0,1.0,0.0,0.0,0.0,0.0,0.0,0.0,0.0,1.0,57.0,0.0,13.0,0.0,39.0,0.0,1.0,0.0,4.0,0.0,57.0,0.0,0.0,0.0,0.0,0.0,0.0,0.0,0.0,0.0,0.0,0.0,0.0,0.0,0.0,0.0,0.0,0.0,0.0,2.0,1.0,4.0,3.0,0.0,9.0,4.0,5.0,5.0,12.0,14.0,13.0,0.0,0.0,0.0,0.0,0.0,0.0,0.0,0.0,0.0,0.0,0.0,0.0,0.0,0.0,0.0,0.0,0.0,0.0,3.0,1.0,4.0,3.0,0.0,10.0,4.0,5.0,7.0,16.0,19.0,15.0
207,1.0,207.0,London_303,cons,151,453,1092.0,70.0,2.0,143148.0,0.8052638699300587,773.0,82.0,0.0,82.0,147.0,0.0,147.0,79.0,111.0,172.0,23.0,78.0,12.0,40.0,2.0,15.0,23.0,104.0,138.0,188.0,219.0,2.0,1.0,1.0,0.0,0.0,0.0,0.0,0.0,0.0,39.0,0.0,10.0,1.0,25.0,0.0,0.0,1.0,2.0,0.0,39.0,0.0,0.0,0.0,0.0,0.0,0.0,0.0,0.0,0.0,0.0,0.0,0.0,0.0,0.0,0.0,0.0,0.0,0.0,1.0,2.0,5.0,1.0,2.0,7.0,3.0,4.0,6.0,19.0,10.0,12.0,0.0,0.0,0.0,0.0,0.0,0.0,0.0,0.0,0.0,0.0,0.0,0.0,0.0,0.0,0.0,0.0,0.0,0.0,2.0,2.0,6.0,2.0,2.0,8.0,3.0,5.0,7.0,25.0,12.0,14.0
208,1.0,208.0,London_303,cons,151,453,1092.0,70.0,2.0,139524.0,0.7546726278960705,765.0,50.0,0.0,50.0,90.0,0.0,90.0,84.0,110.0,172.0,24.0,86.0,12.0,31.0,2.0,16.0,22.0,99.0,143.0,189.0,226.0,3.0,1.0,0.0,0.0,2.0,0.0,0.0,0.0,0.0,28.0,0.0,14.0,1.0,11.0,1.0,1.0,0.0,0.0,0.0,28.0,0.0,0.0,0.0,0.0,0.0,0.0,0.0,0.0,0.0,0.0,0.0,0.0,0.0,0.0,0.0,0.0,0.0,0.0,3.0,1.0,2.0,0.0,3.0,3.0,3.0,3.0,1.0,9.0,5.0,6.0,0.0,0.0,0.0,0.0,0.0,0.0,0.0,0.0,0.0,0.0,0.0,0.0,0.0,0.0,0.0,0.0,0.0,0.0,3.0,1.0,2.0,0.0,3.0,3.0,4.0,4.0,1.0,11.0,6.0,7.0
209,1.0,209.0,London_303,cons,151,453,1092.0,70.0,2.0,151302.0,0.8357585929334164,791.0,18.0,0.0,18.0,31.0,0.0,31.0,52.0,110.0,164.0,23.0,91.0,12.0,34.0,1.0,18.0,26.0,105.0,132.0,190.0,226.0,8.0,1.0,3.0,0.0,2.0,0.0,1.0,0.0,1.0,7.0,0.0,4.0,0.0,3.0,0.0,0.0,0.0,0.0,0.0,7.0,0.0,0.0,0.0,0.0,0.0,0.0,0.0,0.0,0.0,0.0,0.0,0.0,0.0,0.0,0.0,0.0,0.0,0.0,0.0,2.0,1.0,1.0,0.0,3.0,1.0,2.0,2.0,5.0,2.0,4.0,0.0,0.0,0.0,0.0,0.0,0.0,0.0,0.0,0.0,0.0,0.0,0.0,0.0,0.0,0.0,0.0,0.0,0.0,0.0,3.0,1.0,1.0,0.0,4.0,2.0,3.0,2.0,8.0,2.0,4.0
210,1.0,210.0,London_303,cons,151,453,1092.0,70.0,2.0,177576.0,1.0668026679195464,849.0,133.0,1.0,132.0,242.0,9.0,233.0,28.0,109.0,162.0,28.0,89.0,12.0,35.0,1.0,17.0,27.0,112.0,132.0,182.0,221.0,3.0,0.0,0.0,0.0,0.0,1.0,0.0,0.0,2.0,80.0,0.0,28.0,1.0,32.0,4.0,10.0,2.0,3.0,1.0,79.0,0.0,0.0,0.0,0.0,0.0,0.0,0.0,0.0,0.0,0.0,0.0,0.0,0.0,0.0,0.0,0.0,0.0,0.0,0.0,2.0,4.0,1.0,3.0,10.0,2.0,5.0,3.0,14.0,14.0,17.0,0.0,0.0,0.0,0.0,0.0,0.0,0.0,0.0,0.0,0.0,0.0,0.0,0.0,0.0,0.0,0.0,0.0,0.0,0.0,2.0,4.0,2.0,3.0,12.0,2.0,5.0,4.0,18.0,16.0,20.0
211,1.0,211.0,London_303,cons,151,453,1092.0,70.0,2.0,153114.0,1.0056146415881813,795.0,129.0,2.0,127.0,240.0,19.0,221.0,103.0,105.0,182.0,23.0,94.0,5.0,32.0,0.0,12.0,28.0,108.0,132.0,185.0,218.0,3.0,1.0,1.0,0.0,1.0,0.0,0.0,0.0,0.0,76.0,0.0,22.0,3.0,36.0,4.0,8.0,0.0,3.0,2.0,74.0,0.0,0.0,0.0,0.0,0.0,0.0,0.0,0.0,0.0,0.0,0.0,0.0,0.0,1.0,1.0,0.0,0.0,0.0,2.0,1.0,3.0,1.0,4.0,10.0,4.0,4.0,2.0,11.0,15.0,18.0,0.0,0.0,0.0,0.0,0.0,0.0,0.0,0.0,0.0,0.0,0.0,0.0,0.0,1.0,1.0,0.0,0.0,0.0,3.0,1.0,3.0,1.0,4.0,12.0,7.0,5.0,2.0,14.0,20.0,25.0
212,1.0,212.0,London_303,cons,151,453,1092.0,70.0,2.0,125028.0,0.7533759488724172,733.0,134.0,2.0,132.0,242.0,18.0,224.0,116.0,103.0,186.0,22.0,101.0,2.0,26.0,2.0,11.0,28.0,110.0,133.0,182.0,217.0,4.0,2.0,1.0,0.0,1.0,0.0,0.0,0.0,0.0,71.0,0.0,19.0,4.0,28.0,2.0,16.0,0.0,2.0,2.0,69.0,0.0,0.0,0.0,0.0,0.0,0.0,0.0,0.0,0.0,0.0,0.0,0.0,0.0,0.0,1.0,0.0,0.0,0.0,6.0,3.0,2.0,0.0,5.0,6.0,2.0,4.0,7.0,14.0,21.0,8.0,0.0,0.0,0.0,0.0,0.0,0.0,0.0,0.0,0.0,0.0,0.0,0.0,0.0,0.0,2.0,0.0,0.0,0.0,7.0,6.0,2.0,0.0,5.0,7.0,4.0,4.0,10.0,20.0,26.0,10.0
213,1.0,213.0,London_303,cons,151,453,1092.0,70.0,2.0,94677.0,0.45669342763721943,666.0,8.0,1.0,7.0,23.0,9.0,14.0,129.0,111.0,190.0,15.0,92.0,5.0,24.0,2.0,14.0,29.0,109.0,136.0,179.0,220.0,7.0,1.0,2.0,0.0,4.0,0.0,0.0,0.0,0.0,1.0,0.0,0.0,0.0,0.0,0.0,1.0,0.0,0.0,0.0,1.0,0.0,0.0,0.0,0.0,0.0,0.0,0.0,0.0,0.0,0.0,0.0,0.0,0.0,0.0,1.0,0.0,0.0,0.0,0.0,1.0,0.0,1.0,1.0,1.0,1.0,1.0,0.0,1.0,3.0,2.0,0.0,0.0,0.0,0.0,0.0,0.0,0.0,0.0,0.0,0.0,0.0,0.0,0.0,0.0,1.0,0.0,0.0,0.0,0.0,1.0,0.0,1.0,1.0,1.0,2.0,1.0,0.0,1.0,3.0,3.0
214,1.0,214.0,London_303,cons,151,453,1092.0,70.0,2.0,115515.0,0.7231808258220553,712.0,47.0,0.0,47.0,86.0,0.0,86.0,27.0,116.0,193.0,14.0,83.0,5.0,24.0,3.0,15.0,31.0,105.0,132.0,185.0,210.0,3.0,1.0,2.0,0.0,0.0,0.0,0.0,0.0,0.0,14.0,0.0,0.0,1.0,10.0,0.0,3.0,0.0,0.0,0.0,14.0,0.0,0.0,0.0,0.0,0.0,0.0,0.0,0.0,0.0,0.0,0.0,0.0,0.0,0.0,0.0,0.0,0.0,0.0,3.0,2.0,4.0,1.0,7.0,6.0,1.0,7.0,2.0,8.0,10.0,6.0,0.0,0.0,0.0,0.0,0.0,0.0,0.0,0.0,0.0,0.0,0.0,0.0,0.0,0.0,0.0,0.0,0.0,0.0,3.0,3.0,4.0,1.0,8.0,6.0,1.0,7.0,2.0,11.0,15.0,7.0
215,1.0,215.0,London_303,cons,151,453,1092.0,70.0,2.0,123669.0,0.758625369053334,730.0,64.0,0.0,64.0,111.0,0.0,111.0,67.0,119.0,200.0,11.0,74.0,8.0,26.0,3.0,12.0,32.0,109.0,128.0,184.0,212.0,3.0,2.0,0.0,0.0,1.0,0.0,0.0,0.0,0.0,29.0,0.0,5.0,3.0,17.0,0.0,2.0,1.0,1.0,0.0,29.0,0.0,0.0,0.0,0.0,0.0,0.0,0.0,0.0,0.0,0.0,0.0,0.0,0.0,0.0,0.0,0.0,0.0,0.0,0.0,2.0,3.0,0.0,1.0,4.0,2.0,7.0,7.0,9.0,11.0,7.0,0.0,0.0,0.0,0.0,0.0,0.0,0.0,0.0,0.0,0.0,0.0,0.0,0.0,0.0,0.0,0.0,0.0,0.0,0.0,2.0,3.0,0.0,1.0,4.0,4.0,11.0,8.0,13.0,11.0,8.0
216,1.0,216.0,London_303,cons,151,453,1092.0,70.0,2.0,133635.0,0.7632803921587765,752.0,66.0,0.0,66.0,111.0,0.0,111.0,66.0,123.0,190.0,12.0,79.0,8.0,26.0,3.0,12.0,34.0,111.0,131.0,177.0,215.0,15.0,6.0,5.0,0.0,3.0,0.0,1.0,0.0,0.0,27.0,0.0,4.0,3.0,18.0,0.0,1.0,0.0,1.0,0.0,27.0,0.0,0.0,0.0,0.0,0.0,0.0,0.0,0.0,0.0,0.0,0.0,0.0,0.0,0.0,0.0,0.0,0.0,0.0,0.0,4.0,1.0,0.0,3.0,1.0,2.0,4.0,5.0,12.0,8.0,9.0,0.0,0.0,0.0,0.0,0.0,0.0,0.0,0.0,0.0,0.0,0.0,0.0,0.0,0.0,0.0,0.0,0.0,0.0,0.0,6.0,1.0,0.0,3.0,1.0,3.0,5.0,5.0,20.0,13.0,11.0
217,1.0,217.0,London_303,cons,151,453,1092.0,70.0,2.0,149943.0,1.023553994949907,788.0,47.0,0.0,47.0,85.0,0.0,85.0,87.0,111.0,198.0,6.0,90.0,9.0,23.0,3.0,13.0,37.0,102.0,125.0,189.0,214.0,7.0,2.0,2.0,0.0,2.0,0.0,0.0,0.0,1.0,13.0,0.0,3.0,2.0,2.0,0.0,5.0,0.0,1.0,0.0,13.0,0.0,0.0,0.0,0.0,0.0,0.0,0.0,0.0,0.0,0.0,0.0,0.0,0.0,0.0,0.0,0.0,0.0,0.0,2.0,3.0,2.0,0.0,1.0,4.0,1.0,3.0,3.0,9.0,9.0,8.0,0.0,0.0,0.0,0.0,0.0,0.0,0.0,0.0,0.0,0.0,0.0,0.0,0.0,0.0,0.0,0.0,0.0,0.0,2.0,5.0,2.0,0.0,1.0,5.0,2.0,3.0,4.0,16.0,13.0,15.0
218,1.0,218.0,London_303,cons,151,453,1092.0,70.0,2.0,168516.0,1.0601291698403656,829.0,120.0,2.0,118.0,206.0,17.0,189.0,75.0,109.0,190.0,5.0,95.0,7.0,33.0,2.0,12.0,37.0,102.0,139.0,175.0,223.0,4.0,0.0,2.0,0.0,2.0,0.0,0.0,0.0,0.0,62.0,0.0,25.0,4.0,27.0,0.0,2.0,0.0,4.0,1.0,61.0,0.0,0.0,0.0,0.0,0.0,0.0,0.0,0.0,0.0,0.0,0.0,0.0,0.0,1.0,0.0,0.0,0.0,0.0,0.0,3.0,3.0,1.0,3.0,3.0,3.0,6.0,4.0,12.0,15.0,11.0,0.0,0.0,0.0,0.0,0.0,0.0,0.0,0.0,0.0,0.0,0.0,0.0,0.0,1.0,0.0,0.0,0.0,0.0,0.0,4.0,3.0,2.0,4.0,3.0,4.0,7.0,4.0,15.0,22.0,14.0
219,1.0,219.0,London_303,cons,151,453,1092.0,70.0,2.0,148584.0,0.8957826257683337,785.0,70.0,0.0,70.0,131.0,0.0,131.0,110.0,115.0,188.0,10.0,92.0,6.0,22.0,4.0,16.0,34.0,111.0,129.0,179.0,217.0,9.0,2.0,4.0,0.0,2.0,0.0,1.0,0.0,0.0,32.0,0.0,10.0,3.0,12.0,2.0,2.0,0.0,3.0,0.0,32.0,0.0,0.0,0.0,0.0,0.0,0.0,0.0,0.0,0.0,0.0,0.0,0.0,0.0,0.0,0.0,0.0,0.0,0.0,4.0,5.0,1.0,0.0,2.0,4.0,2.0,1.0,9.0,8.0,17.0,5.0,0.0,0.0,0.0,0.0,0.0,0.0,0.0,0.0,0.0,0.0,0.0,0.0,0.0,0.0,0.0,0.0,0.0,0.0,4.0,8.0,1.0,0.0,2.0,5.0,2.0,1.0,9.0,11.0,26.0,5.0
220,1.0,220.0,London_303,cons,151,453,1092.0,70.0,2.0,148584.0,0.8265575570985675,785.0,32.0,0.0,32.0,55.0,0.0,55.0,93.0,108.0,185.0,12.0,94.0,5.0,31.0,5.0,13.0,36.0,98.0,136.0,183.0,216.0,5.0,3.0,0.0,0.0,2.0,0.0,0.0,0.0,0.0,3.0,0.0,0.0,0.0,3.0,0.0,0.0,0.0,0.0,0.0,3.0,0.0,0.0,0.0,0.0,0.0,0.0,0.0,0.0,0.0,0.0,0.0,0.0,0.0,0.0,0.0,0.0,0.0,0.0,0.0,6.0,2.0,0.0,4.0,4.0,3.0,3.0,6.0,5.0,7.0,4.0,0.0,0.0,0.0,0.0,0.0,0.0,0.0,0.0,0.0,0.0,0.0,0.0,0.0,0.0,0.0,0.0,0.0,0.0,0.0,9.0,2.0,0.0,4.0,6.0,5.0,3.0,8.0,10.0,9.0,4.0
221,1.0,221.0,London_303,cons,151,453,1092.0,70.0,2.0,173499.0,1.0408517769537866,840.0,85.0,1.0,84.0,141.0,8.0,133.0,55.0,104.0,179.0,18.0,91.0,8.0,31.0,6.0,16.0,37.0,92.0,143.0,181.0,219.0,7.0,1.0,3.0,0.0,1.0,0.0,0.0,0.0,2.0,43.0,0.0,18.0,0.0,18.0,0.0,4.0,1.0,2.0,0.0,43.0,0.0,0.0,0.0,0.0,0.0,0.0,0.0,0.0,0.0,0.0,0.0,0.0,1.0,0.0,0.0,0.0,0.0,0.0,0.0,1.0,5.0,0.0,5.0,5.0,8.0,3.0,8.0,12.0,9.0,13.0,0.0,0.0,0.0,0.0,0.0,0.0,0.0,0.0,0.0,0.0,0.0,0.0,3.0,0.0,0.0,0.0,0.0,0.0,0.0,1.0,5.0,0.0,5.0,6.0,10.0,4.0,10.0,16.0,11.0,16.0
222,1.0,222.0,London_303,cons,151,453,1092.0,70.0,2.0,168063.0,0.9345975858159363,828.0,134.0,2.0,132.0,238.0,17.0,221.0,87.0,108.0,188.0,9.0,91.0,9.0,26.0,6.0,16.0,39.0,99.0,136.0,179.0,220.0,3.0,2.0,0.0,0.0,1.0,0.0,0.0,0.0,0.0,83.0,0.0,27.0,8.0,39.0,0.0,5.0,0.0,4.0,1.0,82.0,0.0,0.0,0.0,0.0,0.0,0.0,0.0,0.0,0.0,0.0,0.0,0.0,0.0,1.0,1.0,0.0,0.0,0.0,1.0,1.0,1.0,0.0,6.0,5.0,2.0,2.0,5.0,9.0,15.0,9.0,0.0,0.0,0.0,0.0,0.0,0.0,0.0,0.0,0.0,0.0,0.0,0.0,0.0,6.0,1.0,0.0,0.0,0.0,1.0,1.0,1.0,0.0,6.0,5.0,2.0,2.0,5.0,12.0,17.0,11.0
223,1.0,223.0,London_303,cons,151,453,1092.0,70.0,2.0,148584.0,1.0070843808352947,785.0,111.0,2.0,109.0,203.0,18.0,185.0,116.0,98.0,193.0,8.0,85.0,11.0,34.0,6.0,18.0,34.0,93.0,123.0,203.0,216.0,2.0,0.0,2.0,0.0,0.0,0.0,0.0,0.0,0.0,54.0,1.0,13.0,2.0,32.0,0.0,2.0,1.0,3.0,1.0,53.0,0.0,0.0,0.0,0.0,0.0,0.0,0.0,0.0,0.0,0.0,0.0,0.0,0.0,1.0,1.0,0.0,0.0,0.0,2.0,4.0,2.0,1.0,5.0,10.0,8.0,5.0,3.0,15.0,15.0,10.0,0.0,0.0,0.0,0.0,0.0,0.0,0.0,0.0,0.0,0.0,0.0,0.0,0.0,7.0,2.0,0.0,0.0,0.0,2.0,5.0,2.0,1.0,5.0,12.0,9.0,5.0,4.0,19.0,24.0,12.0
224,1.0,224.0,London_303,cons,151,453,1092.0,70.0,2.0,140430.0,1.1394793479703367,767.0,105.0,0.0,105.0,178.0,0.0,178.0,114.0,99.0,178.0,8.0,106.0,11.0,29.0,3.0,19.0,33.0,100.0,118.0,202.0,223.0,11.0,1.0,6.0,0.0,4.0,0.0,0.0,0.0,0.0,45.0,0.0,16.0,8.0,20.0,0.0,0.0,0.0,1.0,0.0,45.0,0.0,0.0,0.0,0.0,0.0,0.0,0.0,0.0,0.0,0.0,0.0,0.0,0.0,0.0,0.0,0.0,0.0,0.0,2.0,3.0,3.0,0.0,3.0,10.0,0.0,3.0,7.0,17.0,25.0,13.0,0.0,0.0,0.0,0.0,0.0,0.0,0.0,0.0,0.0,0.0,0.0,0.0,0.0,0.0,0.0,0.0,0.0,0.0,3.0,4.0,4.0,0.0,3.0,13.0,0.0,3.0,8.0,21.0,31.0,15.0
225,1.0,225.0,London_303,cons,151,453,1092.0,70.0,2.0,128199.0,0.631008590105921,740.0,28.0,2.0,26.0,64.0,22.0,42.0,119.0,97.0,167.0,12.0,110.0,11.0,32.0,3.0,21.0,35.0,98.0,121.0,199.0,229.0,6.0,1.0,4.0,0.0,0.0,0.0,0.0,0.0,1.0,9.0,0.0,6.0,2.0,1.0,0.0,0.0,0.0,0.0,2.0,7.0,0.0,0.0,0.0,0.0,0.0,0.0,0.0,0.0,0.0,0.0,0.0,0.0,0.0,0.0,0.0,0.0,0.0,0.0,1.0,3.0,0.0,1.0,0.0,1.0,0.0,3.0,0.0,4.0,7.0,4.0,0.0,0.0,0.0,0.0,0.0,0.0,0.0,0.0,0.0,0.0,0.0,0.0,0.0,0.0,0.0,0.0,0.0,0.0,2.0,3.0,0.0,1.0,0.0,1.0,0.0,3.0,0.0,5.0,9.0,4.0
226,1.0,226.0,London_303,cons,151,453,1092.0,70.0,2.0,153114.0,0.8411057889461517,795.0,42.0,0.0,42.0,73.0,0.0,73.0,43.0,105.0,164.0,11.0,107.0,11.0,32.0,3.0,20.0,32.0,102.0,121.0,198.0,221.0,3.0,1.0,0.0,0.0,1.0,0.0,1.0,0.0,0.0,19.0,1.0,10.0,0.0,7.0,0.0,1.0,0.0,0.0,0.0,19.0,0.0,0.0,0.0,0.0,0.0,0.0,0.0,0.0,0.0,0.0,0.0,0.0,0.0,0.0,0.0,0.0,0.0,0.0,1.0,3.0,2.0,0.0,3.0,4.0,2.0,5.0,3.0,8.0,5.0,5.0,0.0,0.0,0.0,0.0,0.0,0.0,0.0,0.0,0.0,0.0,0.0,0.0,0.0,0.0,0.0,0.0,0.0,0.0,1.0,4.0,2.0,0.0,3.0,6.0,3.0,9.0,4.0,13.0,6.0,5.0
227,1.0,227.0,London_303,cons,151,453,1092.0,70.0,2.0,185277.0,1.4681444289162755,866.0,101.0,0.0,101.0,182.0,0.0,182.0,48.0,107.0,166.0,13.0,104.0,11.0,29.0,3.0,20.0,33.0,108.0,121.0,191.0,225.0,9.0,1.0,5.0,0.0,0.0,0.0,3.0,0.0,0.0,60.0,0.0,25.0,1.0,28.0,1.0,4.0,1.0,0.0,0.0,60.0,0.0,0.0,0.0,0.0,0.0,0.0,0.0,0.0,0.0,0.0,0.0,0.0,0.0,0.0,0.0,0.0,0.0,0.0,4.0,0.0,2.0,1.0,2.0,9.0,2.0,4.0,7.0,12.0,9.0,14.0,0.0,0.0,0.0,0.0,0.0,0.0,0.0,0.0,0.0,0.0,0.0,0.0,0.0,0.0,0.0,0.0,0.0,0.0,4.0,0.0,2.0,1.0,2.0,11.0,4.0,5.0,8.0,18.0,13.0,17.0
228,1.0,228.0,London_303,cons,151,453,1092.0,70.0,2.0,184371.0,1.0615404322743416,864.0,69.0,2.0,67.0,137.0,19.0,118.0,95.0,99.0,168.0,11.0,111.0,10.0,30.0,4.0,20.0,33.0,112.0,122.0,186.0,228.0,1.0,0.0,0.0,0.0,1.0,0.0,0.0,0.0,0.0,26.0,0.0,13.0,1.0,10.0,0.0,2.0,0.0,0.0,2.0,24.0,0.0,0.0,0.0,0.0,0.0,0.0,0.0,0.0,0.0,0.0,0.0,0.0,1.0,0.0,2.0,0.0,0.0,0.0,4.0,2.0,4.0,1.0,2.0,5.0,3.0,2.0,3.0,13.0,10.0,13.0,0.0,0.0,0.0,0.0,0.0,0.0,0.0,0.0,0.0,0.0,0.0,0.0,6.0,0.0,2.0,0.0,0.0,0.0,4.0,3.0,5.0,1.0,2.0,5.0,5.0,2.0,3.0,19.0,11.0,18.0
229,1.0,229.0,London_303,cons,151,453,1092.0,70.0,2.0,206115.0,1.2787047731690109,912.0,148.0,2.0,146.0,261.0,17.0,244.0,89.0,100.0,161.0,14.0,115.0,10.0,31.0,2.0,20.0,30.0,106.0,130.0,187.0,234.0,1.0,0.0,0.0,0.0,1.0,0.0,0.0,0.0,0.0,99.0,3.0,32.0,7.0,44.0,0.0,10.0,1.0,2.0,2.0,97.0,0.0,0.0,0.0,0.0,0.0,0.0,0.0,0.0,0.0,0.0,0.0,0.0,0.0,1.0,1.0,0.0,0.0,0.0,3.0,2.0,2.0,0.0,5.0,5.0,4.0,2.0,5.0,13.0,16.0,9.0,0.0,0.0,0.0,0.0,0.0,0.0,0.0,0.0,0.0,0.0,0.0,0.0,0.0,6.0,3.0,0.0,0.0,0.0,3.0,3.0,2.0,0.0,5.0,6.0,5.0,3.0,5.0,18.0,19.0,10.0
230,1.0,230.0,London_303,cons,151,453,1092.0,70.0,2.0,182106.0,1.1801576390862465,859.0,88.0,0.0,88.0,162.0,0.0,162.0,110.0,97.0,170.0,9.0,123.0,5.0,32.0,2.0,15.0,28.0,111.0,125.0,189.0,240.0,2.0,1.0,1.0,0.0,0.0,0.0,0.0,0.0,0.0,53.0,1.0,30.0,3.0,13.0,0.0,3.0,1.0,2.0,0.0,53.0,0.0,0.0,0.0,0.0,0.0,0.0,0.0,0.0,0.0,0.0,0.0,0.0,0.0,0.0,0.0,0.0,0.0,0.0,1.0,2.0,2.0,1.0,6.0,5.0,3.0,1.0,4.0,4.0,21.0,8.0,0.0,0.0,0.0,0.0,0.0,0.0,0.0,0.0,0.0,0.0,0.0,0.0,0.0,0.0,0.0,0.0,0.0,0.0,1.0,3.0,2.0,1.0,6.0,6.0,4.0,1.0,4.0,4.0,30.0,9.0
231,1.0,231.0,London_303,cons,151,453,1092.0,70.0,2.0,178029.0,1.0756263206712902,850.0,57.0,0.0,57.0,101.0,0.0,101.0,77.0,103.0,167.0,9.0,122.0,4.0,31.0,2.0,15.0,28.0,107.0,124.0,194.0,240.0,2.0,0.0,2.0,0.0,0.0,0.0,0.0,0.0,0.0,24.0,0.0,10.0,0.0,8.0,1.0,4.0,0.0,1.0,0.0,24.0,0.0,0.0,0.0,0.0,0.0,0.0,0.0,0.0,0.0,0.0,0.0,0.0,0.0,0.0,0.0,0.0,0.0,0.0,2.0,3.0,1.0,0.0,1.0,5.0,5.0,4.0,1.0,10.0,14.0,11.0,0.0,0.0,0.0,0.0,0.0,0.0,0.0,0.0,0.0,0.0,0.0,0.0,0.0,0.0,0.0,0.0,0.0,0.0,3.0,4.0,1.0,0.0,1.0,8.0,5.0,7.0,1.0,12.0,18.0,14.0
232,1.0,232.0,London_303,cons,151,453,1092.0,70.0,2.0,187995.0,1.3660284602083266,872.0,161.0,0.0,161.0,286.0,0.0,286.0,66.0,97.0,162.0,12.0,127.0,7.0,34.0,0.0,14.0,28.0,106.0,136.0,183.0,240.0,2.0,0.0,1.0,0.0,1.0,0.0,0.0,0.0,0.0,104.0,4.0,40.0,8.0,45.0,0.0,4.0,1.0,2.0,0.0,104.0,0.0,0.0,0.0,0.0,0.0,0.0,0.0,0.0,0.0,0.0,0.0,0.0,0.0,0.0,0.0,0.0,0.0,0.0,1.0,3.0,1.0,1.0,8.0,4.0,5.0,4.0,3.0,15.0,11.0,8.0,0.0,0.0,0.0,0.0,0.0,0.0,0.0,0.0,0.0,0.0,0.0,0.0,0.0,0.0,0.0,0.0,0.0,0.0,1.0,3.0,1.0,2.0,8.0,5.0,5.0,4.0,5.0,24.0,12.0,9.0
233,1.0,233.0,London_303,cons,151,453,1092.0,70.0,2.0,136353.0,0.7348392331041396,758.0,115.0,2.0,113.0,232.0,19.0,213.0,123.0,81.0,174.0,13.0,127.0,5.0,40.0,1.0,12.0,32.0,100.0,134.0,187.0,250.0,8.0,0.0,8.0,0.0,0.0,0.0,0.0,0.0,0.0,73.0,2.0,21.0,9.0,29.0,0.0,11.0,1.0,0.0,1.0,72.0,0.0,0.0,0.0,0.0,0.0,0.0,0.0,0.0,0.0,0.0,0.0,0.0,0.0,0.0,0.0,0.0,0.0,0.0,2.0,4.0,3.0,0.0,5.0,2.0,3.0,2.0,6.0,13.0,18.0,15.0,0.0,0.0,0.0,0.0,0.0,0.0,0.0,0.0,0.0,0.0,0.0,0.0,0.0,0.0,0.0,0.0,0.0,0.0,4.0,5.0,4.0,0.0,5.0,2.0,3.0,3.0,7.0,18.0,29.0,17.0
234,1.0,234.0,London_303,cons,151,453,1092.0,70.0,2.0,106908.0,0.5793040008284152,693.0,55.0,2.0,53.0,104.0,18.0,86.0,121.0,84.0,181.0,14.0,124.0,6.0,27.0,3.0,14.0,29.0,91.0,131.0,202.0,247.0,11.0,2.0,7.0,0.0,2.0,0.0,0.0,0.0,0.0,20.0,1.0,4.0,0.0,8.0,2.0,3.0,0.0,2.0,2.0,18.0,0.0,0.0,0.0,0.0,0.0,0.0,0.0,0.0,0.0,0.0,0.0,0.0,0.0,1.0,1.0,0.0,0.0,0.0,0.0,2.0,2.0,0.0,1.0,5.0,0.0,1.0,4.0,5.0,8.0,10.0,0.0,0.0,0.0,0.0,0.0,0.0,0.0,0.0,0.0,0.0,0.0,0.0,0.0,1.0,2.0,0.0,0.0,0.0,0.0,2.0,2.0,0.0,1.0,6.0,0.0,1.0,6.0,7.0,9.0,11.0
235,1.0,235.0,London_303,cons,151,453,1092.0,70.0,2.0,110985.0,0.8961063888855278,702.0,145.0,2.0,143.0,261.0,15.0,246.0,76.0,85.0,168.0,19.0,133.0,2.0,27.0,3.0,16.0,31.0,88.0,137.0,197.0,245.0,2.0,0.0,0.0,0.0,1.0,0.0,0.0,0.0,1.0,91.0,4.0,33.0,4.0,29.0,2.0,12.0,1.0,6.0,2.0,89.0,0.0,0.0,0.0,0.0,0.0,0.0,0.0,0.0,0.0,0.0,0.0,0.0,1.0,0.0,1.0,0.0,0.0,0.0,1.0,3.0,2.0,4.0,3.0,5.0,2.0,5.0,6.0,20.0,17.0,16.0,0.0,0.0,0.0,0.0,0.0,0.0,0.0,0.0,0.0,0.0,0.0,0.0,4.0,0.0,2.0,0.0,0.0,0.0,1.0,3.0,2.0,5.0,3.0,6.0,2.0,7.0,7.0,22.0,23.0,18.0
236,1.0,236.0,London_303,cons,151,453,1092.0,70.0,2.0,62967.0,0.2959552532993257,596.0,22.0,0.0,22.0,41.0,0.0,41.0,115.0,88.0,171.0,7.0,140.0,3.0,23.0,2.0,19.0,32.0,93.0,136.0,192.0,249.0,9.0,0.0,3.0,0.0,4.0,0.0,1.0,0.0,1.0,5.0,0.0,2.0,0.0,0.0,0.0,2.0,0.0,1.0,0.0,5.0,0.0,0.0,0.0,0.0,0.0,0.0,0.0,0.0,0.0,0.0,0.0,0.0,0.0,0.0,0.0,0.0,0.0,0.0,1.0,0.0,2.0,0.0,2.0,2.0,0.0,4.0,3.0,4.0,4.0,2.0,0.0,0.0,0.0,0.0,0.0,0.0,0.0,0.0,0.0,0.0,0.0,0.0,0.0,0.0,0.0,0.0,0.0,0.0,1.0,0.0,2.0,0.0,3.0,2.0,0.0,4.0,3.0,5.0,6.0,3.0
237,1.0,237.0,London_303,cons,151,453,1092.0,70.0,2.0,87882.0,0.6138181369751692,651.0,15.0,1.0,14.0,36.0,10.0,26.0,44.0,94.0,165.0,5.0,139.0,5.0,27.0,2.0,16.0,32.0,88.0,135.0,198.0,246.0,5.0,0.0,4.0,0.0,1.0,0.0,0.0,0.0,0.0,3.0,0.0,1.0,0.0,1.0,0.0,1.0,0.0,0.0,1.0,2.0,0.0,0.0,0.0,0.0,0.0,0.0,0.0,0.0,0.0,0.0,0.0,0.0,0.0,1.0,1.0,0.0,0.0,0.0,0.0,1.0,0.0,0.0,0.0,3.0,1.0,1.0,0.0,1.0,3.0,3.0,0.0,0.0,0.0,0.0,0.0,0.0,0.0,0.0,0.0,0.0,0.0,0.0,0.0,4.0,1.0,0.0,0.0,0.0,0.0,2.0,0.0,0.0,0.0,4.0,2.0,2.0,0.0,1.0,4.0,4.0
238,1.0,238.0,London_303,cons,151,453,1092.0,70.0,2.0,124122.0,0.9903824869543314,731.0,28.0,2.0,26.0,66.0,18.0,48.0,34.0,93.0,165.0,7.0,143.0,2.0,25.0,2.0,16.0,30.0,89.0,140.0,194.0,243.0,2.0,0.0,1.0,0.0,1.0,0.0,0.0,0.0,0.0,10.0,0.0,5.0,0.0,4.0,0.0,1.0,0.0,0.0,1.0,9.0,0.0,0.0,0.0,0.0,0.0,0.0,0.0,0.0,0.0,0.0,0.0,0.0,0.0,1.0,1.0,0.0,0.0,0.0,0.0,1.0,0.0,0.0,1.0,4.0,4.0,2.0,2.0,6.0,6.0,3.0,0.0,0.0,0.0,0.0,0.0,0.0,0.0,0.0,0.0,0.0,0.0,0.0,0.0,9.0,1.0,0.0,0.0,0.0,0.0,1.0,0.0,0.0,1.0,6.0,6.0,3.0,2.0,8.0,6.0,3.0
239,1.0,239.0,London_303,cons,151,453,1092.0,70.0,2.0,152661.0,0.9067052570171654,794.0,43.0,3.0,40.0,83.0,24.0,59.0,46.0,90.0,166.0,7.0,136.0,4.0,30.0,2.0,18.0,27.0,94.0,139.0,193.0,239.0,8.0,0.0,5.0,0.0,1.0,0.0,2.0,0.0,0.0,8.0,0.0,4.0,0.0,3.0,0.0,1.0,0.0,0.0,3.0,5.0,0.0,0.0,0.0,0.0,0.0,0.0,0.0,0.0,0.0,0.0,0.0,0.0,0.0,0.0,0.0,0.0,0.0,0.0,0.0,1.0,1.0,0.0,3.0,3.0,3.0,1.0,3.0,5.0,6.0,9.0,0.0,0.0,0.0,0.0,0.0,0.0,0.0,0.0,0.0,0.0,0.0,0.0,0.0,0.0,0.0,0.0,0.0,0.0,0.0,1.0,1.0,0.0,4.0,4.0,5.0,1.0,4.0,7.0,7.0,10.0
240,1.0,240.0,London_303,cons,151,453,1092.0,70.0,2.0,186183.0,1.398567414842546,868.0,41.0,0.0,41.0,63.0,0.0,63.0,65.0,93.0,174.0,9.0,123.0,5.0,28.0,3.0,18.0,26.0,101.0,142.0,184.0,230.0,8.0,4.0,4.0,0.0,0.0,0.0,0.0,0.0,0.0,18.0,0.0,2.0,0.0,13.0,1.0,2.0,0.0,0.0,0.0,18.0,0.0,0.0,0.0,0.0,0.0,0.0,0.0,0.0,0.0,0.0,0.0,0.0,0.0,0.0,0.0,0.0,0.0,0.0,3.0,0.0,1.0,0.0,4.0,1.0,1.0,6.0,4.0,4.0,8.0,4.0,0.0,0.0,0.0,0.0,0.0,0.0,0.0,0.0,0.0,0.0,0.0,0.0,0.0,0.0,0.0,0.0,0.0,0.0,3.0,0.0,1.0,0.0,4.0,1.0,1.0,9.0,5.0,5.0,9.0,7.0
241,1.0,241.0,London_303,cons,151,453,1092.0,70.0,2.0,209739.0,1.7197664119303226,920.0,156.0,0.0,156.0,266.0,0.0,266.0,47.0,91.0,176.0,10.0,120.0,7.0,29.0,2.0,18.0,23.0,100.0,145.0,185.0,233.0,8.0,1.0,6.0,0.0,0.0,0.0,0.0,0.0,1.0,101.0,1.0,30.0,6.0,50.0,1.0,7.0,0.0,6.0,0.0,101.0,0.0,0.0,0.0,0.0,0.0,0.0,0.0,0.0,0.0,0.0,0.0,0.0,0.0,0.0,0.0,0.0,0.0,0.0,2.0,5.0,3.0,0.0,4.0,10.0,4.0,2.0,7.0,18.0,13.0,17.0,0.0,0.0,0.0,0.0,0.0,0.0,0.0,0.0,0.0,0.0,0.0,0.0,0.0,0.0,0.0,0.0,0.0,0.0,2.0,5.0,3.0,0.0,4.0,11.0,4.0,2.0,8.0,22.0,16.0,20.0
242,1.0,242.0,London_303,cons,151,453,1092.0,70.0,2.0,175311.0,1.0581011679023504,844.0,94.0,0.0,94.0,155.0,0.0,155.0,113.0,91.0,175.0,8.0,117.0,8.0,32.0,4.0,18.0,24.0,97.0,149.0,183.0,232.0,5.0,1.0,3.0,0.0,1.0,0.0,0.0,0.0,0.0,49.0,1.0,17.0,5.0,20.0,0.0,5.0,0.0,1.0,0.0,49.0,0.0,0.0,0.0,0.0,0.0,0.0,0.0,0.0,0.0,0.0,0.0,0.0,0.0,0.0,0.0,0.0,0.0,0.0,3.0,3.0,3.0,0.0,6.0,4.0,5.0,0.0,9.0,9.0,18.0,7.0,0.0,0.0,0.0,0.0,0.0,0.0,0.0,0.0,0.0,0.0,0.0,0.0,0.0,0.0,0.0,0.0,0.0,0.0,3.0,3.0,3.0,0.0,6.0,6.0,7.0,0.0,10.0,10.0,23.0,8.0
243,1.0,243.0,London_303,cons,151,453,1092.0,70.0,2.0,168516.0,1.054004292935133,829.0,124.0,2.0,122.0,223.0,18.0,205.0,86.0,86.0,191.0,14.0,99.0,6.0,35.0,4.0,18.0,22.0,98.0,150.0,183.0,234.0,4.0,0.0,3.0,0.0,1.0,0.0,0.0,0.0,0.0,72.0,0.0,21.0,3.0,35.0,4.0,9.0,0.0,0.0,2.0,70.0,0.0,0.0,0.0,0.0,0.0,0.0,0.0,0.0,0.0,0.0,0.0,0.0,0.0,0.0,0.0,0.0,0.0,0.0,2.0,3.0,5.0,0.0,4.0,6.0,3.0,1.0,1.0,14.0,13.0,10.0,0.0,0.0,0.0,0.0,0.0,0.0,0.0,0.0,0.0,0.0,0.0,0.0,0.0,0.0,0.0,0.0,0.0,0.0,2.0,4.0,5.0,0.0,4.0,6.0,3.0,2.0,1.0,17.0,16.0,11.0
244,1.0,244.0,London_303,cons,151,453,1092.0,70.0,2.0,154926.0,1.0525714340619743,799.0,120.0,0.0,120.0,204.0,0.0,204.0,101.0,91.0,187.0,13.0,110.0,2.0,31.0,4.0,15.0,18.0,96.0,148.0,191.0,239.0,1.0,0.0,0.0,0.0,1.0,0.0,0.0,0.0,0.0,66.0,2.0,16.0,6.0,32.0,0.0,8.0,0.0,2.0,0.0,66.0,0.0,0.0,0.0,0.0,0.0,0.0,0.0,0.0,0.0,0.0,0.0,0.0,0.0,0.0,0.0,0.0,0.0,0.0,3.0,2.0,1.0,0.0,6.0,5.0,2.0,5.0,1.0,11.0,13.0,13.0,0.0,0.0,0.0,0.0,0.0,0.0,0.0,0.0,0.0,0.0,0.0,0.0,0.0,0.0,0.0,0.0,0.0,0.0,3.0,3.0,1.0,0.0,6.0,5.0,4.0,8.0,1.0,18.0,15.0,15.0
245,1.0,245.0,London_303,cons,151,453,1092.0,70.0,2.0,126387.0,0.7239928380586207,736.0,43.0,2.0,41.0,90.0,17.0,73.0,105.0,93.0,183.0,12.0,106.0,3.0,35.0,4.0,17.0,20.0,100.0,142.0,191.0,240.0,3.0,1.0,1.0,0.0,1.0,0.0,0.0,0.0,0.0,14.0,0.0,7.0,1.0,2.0,0.0,3.0,0.0,1.0,2.0,12.0,0.0,0.0,0.0,0.0,0.0,0.0,0.0,0.0,0.0,1.0,0.0,0.0,1.0,0.0,0.0,0.0,0.0,0.0,2.0,2.0,1.0,0.0,3.0,4.0,3.0,3.0,7.0,5.0,4.0,4.0,0.0,0.0,0.0,0.0,0.0,0.0,0.0,0.0,0.0,1.0,0.0,0.0,8.0,0.0,0.0,0.0,0.0,0.0,3.0,3.0,1.0,0.0,3.0,6.0,3.0,4.0,9.0,9.0,5.0,5.0
246,1.0,246.0,London_303,cons,151,453,1092.0,70.0,2.0,158097.0,0.9358825441449881,806.0,126.0,2.0,124.0,215.0,21.0,194.0,67.0,95.0,193.0,13.0,96.0,9.0,26.0,4.0,17.0,20.0,86.0,143.0,204.0,237.0,8.0,2.0,3.0,0.0,2.0,0.0,0.0,0.0,1.0,75.0,1.0,23.0,8.0,36.0,2.0,1.0,0.0,4.0,2.0,73.0,0.0,0.0,0.0,0.0,0.0,0.0,0.0,0.0,0.0,0.0,0.0,0.0,0.0,0.0,0.0,0.0,0.0,0.0,1.0,4.0,0.0,0.0,2.0,4.0,3.0,2.0,2.0,14.0,14.0,11.0,0.0,0.0,0.0,0.0,0.0,0.0,0.0,0.0,0.0,0.0,0.0,0.0,0.0,0.0,0.0,0.0,0.0,0.0,1.0,6.0,0.0,0.0,2.0,5.0,4.0,3.0,2.0,17.0,18.0,15.0
247,1.0,247.0,London_303,cons,151,453,1092.0,70.0,2.0,151302.0,0.9113856740295887,791.0,17.0,2.0,15.0,42.0,17.0,25.0,100.0,86.0,193.0,5.0,112.0,13.0,27.0,5.0,12.0,20.0,87.0,142.0,204.0,239.0,6.0,2.0,3.0,0.0,0.0,0.0,0.0,0.0,1.0,2.0,0.0,1.0,0.0,1.0,0.0,0.0,0.0,0.0,1.0,1.0,0.0,0.0,0.0,0.0,0.0,0.0,0.0,0.0,0.0,0.0,0.0,0.0,0.0,0.0,1.0,0.0,0.0,0.0,1.0,2.0,1.0,1.0,1.0,2.0,2.0,4.0,0.0,3.0,1.0,2.0,0.0,0.0,0.0,0.0,0.0,0.0,0.0,0.0,0.0,0.0,0.0,0.0,0.0,0.0,6.0,0.0,0.0,0.0,1.0,3.0,2.0,1.0,1.0,2.0,3.0,5.0,0.0,3.0,2.0,2.0
248,1.0,248.0,London_303,cons,151,453,1092.0,70.0,2.0,201132.0,1.3890837049111724,901.0,100.0,0.0,100.0,164.0,0.0,164.0,41.0,89.0,199.0,4.0,100.0,14.0,31.0,5.0,11.0,17.0,88.0,137.0,211.0,230.0,1.0,0.0,1.0,0.0,0.0,0.0,0.0,0.0,0.0,53.0,0.0,10.0,5.0,29.0,0.0,4.0,1.0,4.0,0.0,53.0,0.0,0.0,0.0,0.0,0.0,0.0,0.0,0.0,0.0,0.0,0.0,0.0,0.0,0.0,0.0,0.0,0.0,0.0,3.0,2.0,3.0,0.0,3.0,7.0,5.0,3.0,6.0,11.0,14.0,11.0,0.0,0.0,0.0,0.0,0.0,0.0,0.0,0.0,0.0,0.0,0.0,0.0,0.0,0.0,0.0,0.0,0.0,0.0,3.0,2.0,3.0,0.0,3.0,7.0,7.0,3.0,7.0,16.0,17.0,11.0
249,1.0,249.0,London_303,cons,151,453,1092.0,70.0,2.0,198414.0,1.3605914702638984,895.0,117.0,0.0,117.0,201.0,0.0,201.0,88.0,91.0,196.0,4.0,105.0,16.0,24.0,5.0,12.0,20.0,96.0,142.0,195.0,238.0,5.0,2.0,3.0,0.0,0.0,0.0,0.0,0.0,0.0,70.0,0.0,18.0,7.0,35.0,0.0,6.0,0.0,4.0,0.0,70.0,0.0,0.0,0.0,0.0,0.0,0.0,0.0,0.0,0.0,0.0,0.0,0.0,0.0,0.0,0.0,0.0,0.0,0.0,2.0,1.0,2.0,3.0,3.0,3.0,4.0,3.0,3.0,15.0,17.0,17.0,0.0,0.0,0.0,0.0,0.0,0.0,0.0,0.0,0.0,0.0,0.0,0.0,0.0,0.0,0.0,0.0,0.0,0.0,2.0,1.0,2.0,4.0,3.0,3.0,6.0,4.0,4.0,22.0,22.0,19.0
250,1.0,250.0,London_303,cons,151,453,1092.0,70.0,2.0,187089.0,1.9431466520763934,870.0,50.0,0.0,50.0,87.0,0.0,87.0,95.0,91.0,192.0,3.0,110.0,15.0,27.0,2.0,13.0,18.0,94.0,145.0,196.0,241.0,5.0,1.0,2.0,0.0,2.0,0.0,0.0,0.0,0.0,17.0,0.0,2.0,1.0,12.0,0.0,1.0,0.0,1.0,0.0,17.0,0.0,0.0,0.0,0.0,0.0,0.0,0.0,0.0,0.0,0.0,0.0,0.0,0.0,0.0,0.0,0.0,0.0,0.0,1.0,8.0,3.0,0.0,1.0,3.0,3.0,7.0,7.0,11.0,12.0,8.0,0.0,0.0,0.0,0.0,0.0,0.0,0.0,0.0,0.0,0.0,0.0,0.0,0.0,0.0,0.0,0.0,0.0,0.0,1.0,10.0,3.0,0.0,1.0,3.0,3.0,8.0,8.0,16.0,18.0,12.0
251,1.0,251.0,London_303,cons,151,453,1092.0,70.0,2.0,209739.0,1.329910387750715,920.0,150.0,0.0,150.0,255.0,0.0,255.0,68.0,94.0,188.0,9.0,106.0,17.0,25.0,2.0,12.0,19.0,95.0,138.0,201.0,243.0,3.0,0.0,3.0,0.0,0.0,0.0,0.0,0.0,0.0,101.0,0.0,33.0,12.0,43.0,1.0,8.0,1.0,3.0,0.0,101.0,0.0,0.0,0.0,0.0,0.0,0.0,0.0,0.0,0.0,0.0,0.0,0.0,0.0,0.0,0.0,0.0,0.0,0.0,3.0,5.0,2.0,2.0,2.0,7.0,1.0,1.0,6.0,9.0,15.0,5.0,0.0,0.0,0.0,0.0,0.0,0.0,0.0,0.0,0.0,0.0,0.0,0.0,0.0,0.0,0.0,0.0,0.0,0.0,4.0,6.0,2.0,3.0,2.0,9.0,1.0,1.0,6.0,12.0,17.0,6.0
252,1.0,252.0,London_303,cons,151,453,1092.0,70.0,2.0,179841.0,1.747460047248751,854.0,94.0,1.0,93.0,181.0,9.0,172.0,95.0,88.0,189.0,10.0,107.0,17.0,25.0,2.0,15.0,17.0,91.0,145.0,200.0,248.0,4.0,0.0,2.0,0.0,2.0,0.0,0.0,0.0,0.0,54.0,0.0,17.0,3.0,28.0,1.0,1.0,2.0,2.0,1.0,53.0,0.0,0.0,0.0,0.0,0.0,0.0,0.0,0.0,0.0,0.0,0.0,0.0,1.0,0.0,0.0,0.0,0.0,0.0,2.0,0.0,2.0,0.0,1.0,7.0,1.0,3.0,4.0,9.0,12.0,10.0,0.0,0.0,0.0,0.0,0.0,0.0,0.0,0.0,0.0,0.0,0.0,0.0,2.0,0.0,0.0,0.0,0.0,0.0,2.0,0.0,2.0,0.0,1.0,9.0,1.0,3.0,6.0,11.0,12.0,13.0
253,1.0,253.0,London_303,cons,151,453,1092.0,70.0,2.0,172593.0,1.292351317126304,838.0,184.0,2.0,182.0,345.0,19.0,326.0,85.0,90.0,181.0,17.0,111.0,15.0,21.0,0.0,18.0,16.0,86.0,143.0,208.0,247.0,5.0,1.0,0.0,0.0,3.0,0.0,1.0,0.0,0.0,136.0,2.0,56.0,11.0,56.0,0.0,7.0,1.0,3.0,2.0,134.0,0.0,0.0,0.0,0.0,0.0,0.0,0.0,0.0,0.0,0.0,0.0,0.0,0.0,1.0,2.0,0.0,0.0,0.0,3.0,1.0,4.0,1.0,2.0,4.0,2.0,3.0,5.0,15.0,22.0,10.0,0.0,0.0,0.0,0.0,0.0,0.0,0.0,0.0,0.0,0.0,0.0,0.0,0.0,3.0,3.0,0.0,0.0,0.0,3.0,1.0,4.0,1.0,2.0,4.0,2.0,3.0,5.0,20.0,31.0,12.0
254,1.0,254.0,London_303,cons,151,453,1092.0,70.0,2.0,110985.0,0.792617698200047,702.0,30.0,2.0,28.0,69.0,18.0,51.0,118.0,76.0,199.0,8.0,114.0,14.0,21.0,1.0,20.0,22.0,88.0,145.0,198.0,252.0,7.0,1.0,4.0,0.0,1.0,0.0,1.0,0.0,0.0,10.0,1.0,1.0,1.0,2.0,0.0,5.0,0.0,0.0,2.0,8.0,0.0,0.0,0.0,0.0,0.0,0.0,0.0,0.0,0.0,0.0,0.0,0.0,0.0,0.0,1.0,0.0,0.0,0.0,1.0,1.0,2.0,0.0,1.0,2.0,4.0,1.0,3.0,2.0,3.0,6.0,0.0,0.0,0.0,0.0,0.0,0.0,0.0,0.0,0.0,0.0,0.0,0.0,0.0,0.0,3.0,0.0,0.0,0.0,1.0,1.0,2.0,0.0,1.0,3.0,5.0,1.0,3.0,4.0,5.0,7.0
255,1.0,255.0,London_303,cons,151,453,1092.0,70.0,2.0,128652.0,0.90389897627756,741.0,58.0,1.0,57.0,98.0,9.0,89.0,52.0,73.0,198.0,8.0,121.0,13.0,16.0,1.0,23.0,20.0,90.0,140.0,203.0,250.0,6.0,0.0,3.0,0.0,2.0,0.0,0.0,0.0,1.0,15.0,0.0,8.0,1.0,1.0,1.0,3.0,0.0,1.0,0.0,15.0,0.0,0.0,0.0,0.0,0.0,0.0,0.0,0.0,0.0,0.0,0.0,0.0,0.0,0.0,1.0,0.0,0.0,0.0,1.0,3.0,4.0,0.0,2.0,5.0,2.0,2.0,4.0,8.0,18.0,6.0,0.0,0.0,0.0,0.0,0.0,0.0,0.0,0.0,0.0,0.0,0.0,0.0,0.0,0.0,5.0,0.0,0.0,0.0,1.0,4.0,5.0,0.0,2.0,5.0,2.0,2.0,4.0,10.0,21.0,7.0
256,1.0,256.0,London_303,cons,151,453,1092.0,70.0,2.0,131370.0,0.612356198951602,747.0,161.0,0.0,161.0,281.0,0.0,281.0,82.0,82.0,190.0,12.0,108.0,17.0,25.0,2.0,17.0,22.0,93.0,131.0,207.0,246.0,6.0,0.0,4.0,0.0,1.0,0.0,0.0,0.0,1.0,110.0,0.0,43.0,3.0,50.0,1.0,8.0,1.0,4.0,0.0,110.0,0.0,0.0,0.0,0.0,0.0,0.0,0.0,0.0,0.0,0.0,0.0,0.0,0.0,0.0,0.0,0.0,0.0,0.0,1.0,1.0,2.0,0.0,6.0,8.0,3.0,5.0,4.0,14.0,14.0,14.0,0.0,0.0,0.0,0.0,0.0,0.0,0.0,0.0,0.0,0.0,0.0,0.0,0.0,0.0,0.0,0.0,0.0,0.0,2.0,1.0,2.0,0.0,8.0,13.0,4.0,7.0,5.0,17.0,16.0,18.0
257,1.0,257.0,London_303,cons,151,453,1092.0,70.0,2.0,89241.0,0.4796328144147992,654.0,29.0,0.0,29.0,47.0,0.0,47.0,111.0,83.0,212.0,12.0,93.0,11.0,24.0,3.0,15.0,23.0,96.0,140.0,194.0,250.0,7.0,0.0,4.0,0.0,2.0,0.0,0.0,0.0,1.0,8.0,0.0,3.0,2.0,2.0,0.0,1.0,0.0,0.0,0.0,8.0,0.0,0.0,0.0,0.0,0.0,0.0,0.0,0.0,0.0,0.0,0.0,0.0,0.0,0.0,0.0,0.0,0.0,0.0,1.0,1.0,0.0,0.0,1.0,2.0,2.0,2.0,2.0,4.0,4.0,5.0,0.0,0.0,0.0,0.0,0.0,0.0,0.0,0.0,0.0,0.0,0.0,0.0,0.0,0.0,0.0,0.0,0.0,0.0,1.0,1.0,0.0,0.0,1.0,2.0,3.0,3.0,3.0,5.0,4.0,7.0
258,1.0,258.0,London_303,cons,151,453,1092.0,70.0,2.0,114156.0,0.6277915053069592,709.0,21.0,0.0,21.0,34.0,0.0,34.0,41.0,88.0,210.0,9.0,91.0,11.0,26.0,3.0,15.0,22.0,89.0,143.0,199.0,247.0,9.0,0.0,4.0,0.0,4.0,0.0,0.0,0.0,1.0,5.0,0.0,1.0,3.0,1.0,0.0,0.0,0.0,0.0,0.0,5.0,0.0,0.0,0.0,0.0,0.0,0.0,0.0,0.0,0.0,0.0,0.0,0.0,0.0,0.0,0.0,0.0,0.0,0.0,1.0,2.0,2.0,1.0,1.0,4.0,1.0,1.0,2.0,6.0,3.0,7.0,0.0,0.0,0.0,0.0,0.0,0.0,0.0,0.0,0.0,0.0,0.0,0.0,0.0,0.0,0.0,0.0,0.0,0.0,1.0,3.0,2.0,1.0,1.0,4.0,1.0,1.0,4.0,9.0,5.0,8.0
259,1.0,259.0,London_303,cons,151,453,1092.0,70.0,2.0,135447.0,0.7397141917608678,756.0,42.0,0.0,42.0,69.0,0.0,69.0,37.0,90.0,211.0,7.0,92.0,12.0,23.0,3.0,15.0,22.0,90.0,146.0,195.0,243.0,11.0,0.0,7.0,0.0,4.0,0.0,0.0,0.0,0.0,19.0,0.0,6.0,3.0,7.0,0.0,3.0,0.0,0.0,0.0,19.0,0.0,0.0,0.0,0.0,0.0,0.0,0.0,0.0,0.0,0.0,0.0,0.0,0.0,0.0,0.0,0.0,0.0,0.0,1.0,4.0,2.0,0.0,2.0,1.0,2.0,1.0,4.0,6.0,9.0,5.0,0.0,0.0,0.0,0.0,0.0,0.0,0.0,0.0,0.0,0.0,0.0,0.0,0.0,0.0,0.0,0.0,0.0,0.0,2.0,5.0,2.0,0.0,2.0,1.0,2.0,2.0,4.0,7.0,11.0,6.0
260,1.0,260.0,London_303,cons,151,453,1092.0,70.0,2.0,155379.0,0.8873336808755994,800.0,28.0,2.0,26.0,57.0,17.0,40.0,54.0,87.0,207.0,14.0,93.0,13.0,21.0,2.0,16.0,21.0,86.0,149.0,197.0,236.0,2.0,0.0,2.0,0.0,0.0,0.0,0.0,0.0,0.0,7.0,1.0,1.0,0.0,4.0,0.0,1.0,0.0,0.0,1.0,6.0,0.0,0.0,0.0,0.0,0.0,0.0,0.0,0.0,0.0,0.0,0.0,0.0,0.0,1.0,1.0,0.0,0.0,0.0,4.0,3.0,0.0,0.0,1.0,3.0,1.0,4.0,3.0,2.0,11.0,2.0,0.0,0.0,0.0,0.0,0.0,0.0,0.0,0.0,0.0,0.0,0.0,0.0,0.0,2.0,1.0,0.0,0.0,0.0,4.0,3.0,0.0,0.0,1.0,4.0,1.0,4.0,5.0,3.0,14.0,2.0
261,1.0,261.0,London_303,cons,151,453,1092.0,70.0,2.0,183012.0,1.1374298431910574,861.0,167.0,0.0,167.0,270.0,0.0,270.0,46.0,93.0,210.0,14.0,98.0,10.0,12.0,2.0,14.0,22.0,86.0,142.0,203.0,234.0,3.0,2.0,0.0,0.0,1.0,0.0,0.0,0.0,0.0,108.0,0.0,36.0,5.0,49.0,1.0,10.0,0.0,7.0,0.0,108.0,0.0,0.0,0.0,0.0,0.0,0.0,0.0,0.0,0.0,0.0,0.0,0.0,0.0,0.0,0.0,0.0,0.0,0.0,0.0,4.0,0.0,1.0,2.0,4.0,6.0,4.0,7.0,19.0,14.0,13.0,0.0,0.0,0.0,0.0,0.0,0.0,0.0,0.0,0.0,0.0,0.0,0.0,0.0,0.0,0.0,0.0,0.0,0.0,0.0,4.0,0.0,1.0,2.0,4.0,6.0,4.0,7.0,23.0,17.0,16.0
262,1.0,262.0,London_303,cons,151,453,1092.0,70.0,2.0,142242.0,0.7908523441292346,771.0,2.0,0.0,2.0,4.0,0.0,4.0,106.0,85.0,197.0,13.0,108.0,13.0,16.0,2.0,19.0,24.0,87.0,136.0,206.0,240.0,3.0,0.0,3.0,0.0,0.0,0.0,0.0,0.0,0.0,1.0,0.0,0.0,0.0,1.0,0.0,0.0,0.0,0.0,0.0,1.0,0.0,0.0,0.0,0.0,0.0,0.0,0.0,0.0,0.0,0.0,0.0,0.0,0.0,0.0,0.0,0.0,0.0,0.0,0.0,0.0,0.0,0.0,0.0,0.0,1.0,1.0,0.0,0.0,0.0,0.0,0.0,0.0,0.0,0.0,0.0,0.0,0.0,0.0,0.0,0.0,0.0,0.0,0.0,0.0,0.0,0.0,0.0,0.0,0.0,0.0,0.0,0.0,0.0,0.0,2.0,1.0,0.0,0.0,0.0,0.0
263,1.0,263.0,London_303,cons,151,453,1092.0,70.0,2.0,189354.0,1.2513948078267276,875.0,173.0,1.0,172.0,307.0,8.0,299.0,6.0,86.0,193.0,13.0,110.0,14.0,16.0,2.0,19.0,24.0,85.0,140.0,204.0,238.0,6.0,1.0,2.0,0.0,2.0,0.0,0.0,0.0,1.0,114.0,0.0,51.0,8.0,37.0,1.0,9.0,1.0,7.0,0.0,114.0,0.0,0.0,0.0,0.0,0.0,0.0,0.0,0.0,0.0,0.0,0.0,0.0,1.0,0.0,0.0,0.0,0.0,0.0,2.0,2.0,2.0,2.0,4.0,3.0,2.0,1.0,6.0,17.0,17.0,16.0,0.0,0.0,0.0,0.0,0.0,0.0,0.0,0.0,0.0,0.0,0.0,0.0,7.0,0.0,0.0,0.0,0.0,0.0,2.0,2.0,3.0,2.0,4.0,3.0,2.0,1.0,6.0,22.0,22.0,20.0
264,1.0,264.0,London_303,cons,151,453,1092.0,70.0,2.0,157644.0,0.9862372749485075,805.0,163.0,2.0,161.0,285.0,17.0,268.0,118.0,84.0,198.0,11.0,111.0,11.0,17.0,3.0,18.0,26.0,88.0,122.0,217.0,242.0,11.0,0.0,4.0,0.0,6.0,0.0,1.0,0.0,0.0,99.0,2.0,34.0,9.0,34.0,1.0,13.0,1.0,5.0,1.0,98.0,0.0,0.0,0.0,0.0,0.0,0.0,0.0,0.0,0.0,0.0,0.0,0.0,0.0,1.0,1.0,0.0,0.0,0.0,2.0,3.0,3.0,0.0,5.0,7.0,4.0,4.0,8.0,18.0,23.0,14.0,0.0,0.0,0.0,0.0,0.0,0.0,0.0,0.0,0.0,0.0,0.0,0.0,0.0,2.0,1.0,0.0,0.0,0.0,2.0,3.0,3.0,0.0,5.0,8.0,4.0,4.0,9.0,22.0,30.0,18.0
265,1.0,265.0,London_303,cons,151,453,1092.0,70.0,2.0,108720.0,0.6130484971217811,697.0,29.0,2.0,27.0,67.0,18.0,49.0,134.0,91.0,197.0,8.0,111.0,6.0,23.0,2.0,15.0,22.0,81.0,133.0,217.0,231.0,4.0,0.0,3.0,0.0,1.0,0.0,0.0,0.0,0.0,12.0,0.0,3.0,0.0,3.0,0.0,2.0,0.0,4.0,2.0,10.0,0.0,0.0,0.0,0.0,0.0,0.0,0.0,0.0,0.0,0.0,0.0,0.0,0.0,1.0,1.0,0.0,0.0,0.0,1.0,2.0,3.0,0.0,0.0,6.0,1.0,3.0,3.0,6.0,5.0,6.0,0.0,0.0,0.0,0.0,0.0,0.0,0.0,0.0,0.0,0.0,0.0,0.0,0.0,5.0,8.0,0.0,0.0,0.0,1.0,2.0,3.0,0.0,0.0,9.0,1.0,3.0,3.0,9.0,8.0,8.0
266,1.0,266.0,London_303,cons,151,453,1092.0,70.0,2.0,126840.0,0.6669709272682667,737.0,68.0,0.0,68.0,112.0,0.0,112.0,57.0,94.0,189.0,10.0,121.0,4.0,21.0,2.0,12.0,23.0,79.0,139.0,212.0,228.0,2.0,1.0,0.0,0.0,1.0,0.0,0.0,0.0,0.0,21.0,0.0,7.0,2.0,6.0,1.0,3.0,0.0,2.0,0.0,21.0,0.0,0.0,0.0,0.0,0.0,0.0,0.0,0.0,0.0,0.0,0.0,0.0,0.0,0.0,0.0,0.0,0.0,0.0,3.0,3.0,2.0,1.0,1.0,7.0,3.0,3.0,6.0,12.0,9.0,10.0,0.0,0.0,0.0,0.0,0.0,0.0,0.0,0.0,0.0,0.0,0.0,0.0,0.0,0.0,0.0,0.0,0.0,0.0,3.0,3.0,2.0,1.0,1.0,10.0,3.0,3.0,6.0,16.0,13.0,13.0
267,1.0,267.0,London_303,cons,151,453,1092.0,70.0,2.0,134994.0,0.9014386241324246,755.0,2.0,2.0,0.0,22.0,22.0,0.0,84.0,90.0,185.0,12.0,121.0,4.0,28.0,3.0,10.0,24.0,82.0,137.0,210.0,233.0,10.0,3.0,4.0,0.0,2.0,0.0,1.0,0.0,0.0,2.0,0.0,2.0,0.0,0.0,0.0,0.0,0.0,0.0,2.0,0.0,0.0,0.0,0.0,0.0,0.0,0.0,0.0,0.0,0.0,0.0,0.0,1.0,0.0,0.0,0.0,0.0,0.0,0.0,0.0,0.0,0.0,0.0,0.0,0.0,0.0,0.0,0.0,0.0,0.0,0.0,0.0,0.0,0.0,0.0,0.0,0.0,0.0,0.0,0.0,0.0,0.0,2.0,0.0,0.0,0.0,0.0,0.0,0.0,0.0,0.0,0.0,0.0,0.0,0.0,0.0,0.0,0.0,0.0,0.0,0.0
268,1.0,268.0,London_303,cons,151,453,1092.0,70.0,2.0,185277.0,1.4363437690772116,866.0,101.0,0.0,101.0,168.0,0.0,168.0,20.0,91.0,175.0,12.0,124.0,4.0,33.0,3.0,11.0,21.0,86.0,135.0,211.0,225.0,8.0,2.0,5.0,0.0,1.0,0.0,0.0,0.0,0.0,46.0,0.0,20.0,3.0,16.0,0.0,2.0,0.0,5.0,0.0,46.0,0.0,0.0,0.0,0.0,0.0,0.0,0.0,0.0,0.0,0.0,0.0,0.0,0.0,0.0,0.0,0.0,0.0,0.0,2.0,4.0,3.0,2.0,4.0,7.0,3.0,6.0,7.0,16.0,14.0,18.0,0.0,0.0,0.0,0.0,0.0,0.0,0.0,0.0,0.0,0.0,0.0,0.0,0.0,0.0,0.0,0.0,0.0,0.0,2.0,4.0,3.0,2.0,4.0,8.0,4.0,6.0,10.0,18.0,21.0,20.0
269,1.0,269.0,London_303,cons,151,453,1092.0,70.0,2.0,186636.0,1.218070195056498,869.0,99.0,0.0,99.0,172.0,0.0,172.0,106.0,89.0,176.0,10.0,114.0,7.0,34.0,6.0,17.0,21.0,78.0,143.0,211.0,222.0,5.0,0.0,5.0,0.0,0.0,0.0,0.0,0.0,0.0,49.0,0.0,10.0,2.0,24.0,0.0,8.0,0.0,5.0,0.0,49.0,0.0,0.0,0.0,0.0,0.0,0.0,0.0,0.0,0.0,0.0,0.0,0.0,0.0,0.0,0.0,0.0,0.0,0.0,0.0,5.0,1.0,0.0,8.0,8.0,5.0,2.0,10.0,17.0,16.0,14.0,0.0,0.0,0.0,0.0,0.0,0.0,0.0,0.0,0.0,0.0,0.0,0.0,0.0,0.0,0.0,0.0,0.0,0.0,0.0,7.0,1.0,0.0,8.0,8.0,6.0,2.0,12.0,23.0,23.0,18.0
270,1.0,270.0,London_303,cons,151,453,1092.0,70.0,2.0,183012.0,1.0428254823200405,861.0,147.0,2.0,145.0,269.0,19.0,250.0,100.0,87.0,177.0,10.0,119.0,8.0,30.0,6.0,16.0,20.0,87.0,141.0,205.0,219.0,9.0,0.0,3.0,0.0,5.0,0.0,0.0,0.0,1.0,93.0,3.0,35.0,9.0,42.0,1.0,3.0,0.0,0.0,2.0,91.0,0.0,0.0,0.0,0.0,0.0,0.0,0.0,0.0,0.0,0.0,0.0,0.0,1.0,0.0,2.0,0.0,0.0,0.0,2.0,1.0,5.0,1.0,4.0,2.0,4.0,3.0,6.0,19.0,11.0,23.0,0.0,0.0,0.0,0.0,0.0,0.0,0.0,0.0,0.0,0.0,0.0,0.0,2.0,0.0,3.0,0.0,0.0,0.0,3.0,1.0,5.0,1.0,5.0,3.0,6.0,3.0,8.0,28.0,16.0,26.0
271,1.0,271.0,London_303,cons,151,453,1092.0,70.0,2.0,157191.0,0.8634924273937941,804.0,29.0,2.0,27.0,64.0,17.0,47.0,135.0,81.0,178.0,17.0,115.0,12.0,31.0,5.0,14.0,20.0,85.0,159.0,189.0,210.0,4.0,0.0,2.0,0.0,2.0,0.0,0.0,0.0,0.0,11.0,0.0,8.0,0.0,1.0,0.0,1.0,1.0,0.0,1.0,10.0,0.0,0.0,0.0,0.0,0.0,0.0,0.0,0.0,0.0,0.0,0.0,1.0,0.0,1.0,2.0,0.0,0.0,0.0,1.0,3.0,1.0,0.0,0.0,3.0,3.0,0.0,4.0,5.0,3.0,3.0,0.0,0.0,0.0,0.0,0.0,0.0,0.0,0.0,0.0,0.0,0.0,1.0,0.0,8.0,6.0,0.0,0.0,0.0,1.0,4.0,1.0,0.0,0.0,3.0,3.0,0.0,6.0,6.0,4.0,4.0
272,1.0,272.0,London_303,cons,151,453,1092.0,70.0,2.0,190260.0,1.8060936792753637,877.0,144.0,0.0,144.0,250.0,0.0,250.0,52.0,82.0,172.0,20.0,121.0,12.0,30.0,4.0,12.0,16.0,85.0,158.0,194.0,200.0,1.0,0.0,1.0,0.0,0.0,0.0,0.0,0.0,0.0,74.0,0.0,30.0,6.0,28.0,0.0,5.0,1.0,4.0,0.0,74.0,0.0,0.0,0.0,0.0,0.0,0.0,0.0,0.0,0.0,0.0,0.0,0.0,0.0,0.0,0.0,0.0,0.0,0.0,2.0,3.0,1.0,1.0,3.0,0.0,5.0,5.0,7.0,15.0,26.0,12.0,0.0,0.0,0.0,0.0,0.0,0.0,0.0,0.0,0.0,0.0,0.0,0.0,0.0,0.0,0.0,0.0,0.0,0.0,2.0,3.0,1.0,1.0,3.0,0.0,5.0,7.0,7.0,21.0,32.0,16.0
273,1.0,273.0,London_303,cons,151,453,1092.0,70.0,2.0,171687.0,1.0529958251863718,836.0,125.0,0.0,125.0,224.0,0.0,224.0,131.0,77.0,178.0,22.0,119.0,15.0,28.0,3.0,11.0,18.0,83.0,154.0,198.0,216.0,3.0,0.0,3.0,0.0,0.0,0.0,0.0,0.0,0.0,55.0,0.0,20.0,2.0,26.0,1.0,5.0,1.0,0.0,0.0,55.0,0.0,0.0,0.0,0.0,0.0,0.0,0.0,0.0,0.0,0.0,0.0,0.0,0.0,0.0,0.0,0.0,0.0,0.0,3.0,3.0,1.0,1.0,6.0,7.0,7.0,4.0,3.0,17.0,23.0,10.0,0.0,0.0,0.0,0.0,0.0,0.0,0.0,0.0,0.0,0.0,0.0,0.0,0.0,0.0,0.0,0.0,0.0,0.0,3.0,3.0,1.0,2.0,7.0,9.0,8.0,5.0,4.0,23.0,28.0,12.0
274,1.0,274.0,London_303,cons,151,453,1092.0,70.0,2.0,148131.0,0.9131817752495408,784.0,41.0,0.0,41.0,77.0,0.0,77.0,139.0,73.0,178.0,17.0,133.0,12.0,21.0,4.0,15.0,21.0,80.0,151.0,201.0,221.0,5.0,0.0,3.0,0.0,2.0,0.0,0.0,0.0,0.0,14.0,0.0,3.0,1.0,8.0,0.0,1.0,0.0,1.0,0.0,14.0,0.0,0.0,0.0,0.0,0.0,0.0,0.0,0.0,0.0,0.0,0.0,0.0,0.0,0.0,0.0,0.0,0.0,0.0,0.0,5.0,2.0,0.0,3.0,3.0,3.0,3.0,2.0,5.0,6.0,3.0,0.0,0.0,0.0,0.0,0.0,0.0,0.0,0.0,0.0,0.0,0.0,0.0,0.0,0.0,0.0,0.0,0.0,0.0,0.0,7.0,2.0,0.0,3.0,4.0,5.0,5.0,3.0,8.0,8.0,4.0
275,1.0,275.0,London_303,cons,151,453,1092.0,70.0,2.0,163080.0,1.082983964588493,817.0,90.0,2.0,88.0,168.0,19.0,149.0,63.0,79.0,175.0,14.0,135.0,14.0,15.0,5.0,16.0,20.0,85.0,156.0,192.0,220.0,6.0,0.0,6.0,0.0,0.0,0.0,0.0,0.0,0.0,50.0,0.0,27.0,4.0,12.0,1.0,4.0,1.0,1.0,1.0,49.0,0.0,0.0,0.0,0.0,0.0,0.0,0.0,0.0,0.0,0.0,0.0,0.0,0.0,0.0,1.0,0.0,0.0,0.0,0.0,3.0,2.0,1.0,2.0,5.0,3.0,5.0,5.0,15.0,7.0,8.0,0.0,0.0,0.0,0.0,0.0,0.0,0.0,0.0,0.0,0.0,0.0,0.0,0.0,0.0,5.0,0.0,0.0,0.0,0.0,3.0,2.0,1.0,2.0,6.0,3.0,5.0,6.0,25.0,9.0,10.0
276,1.0,276.0,London_303,cons,151,453,1092.0,70.0,2.0,142695.0,1.263863252941519,772.0,106.0,2.0,104.0,192.0,18.0,174.0,103.0,74.0,176.0,16.0,142.0,9.0,16.0,5.0,15.0,19.0,92.0,152.0,190.0,218.0,8.0,1.0,7.0,0.0,0.0,0.0,0.0,0.0,0.0,45.0,2.0,14.0,2.0,17.0,1.0,8.0,0.0,1.0,2.0,43.0,0.0,0.0,0.0,0.0,0.0,0.0,0.0,0.0,0.0,0.0,0.0,0.0,0.0,0.0,0.0,0.0,0.0,0.0,5.0,9.0,2.0,1.0,4.0,11.0,3.0,3.0,4.0,15.0,20.0,11.0,0.0,0.0,0.0,0.0,0.0,0.0,0.0,0.0,0.0,0.0,0.0,0.0,0.0,0.0,0.0,0.0,0.0,0.0,6.0,12.0,2.0,1.0,4.0,12.0,3.0,4.0,5.0,20.0,28.0,14.0
277,1.0,277.0,London_303,cons,151,453,1092.0,70.0,2.0,121404.0,0.7004423174075782,725.0,120.0,2.0,118.0,216.0,15.0,201.0,115.0,72.0,180.0,16.0,131.0,10.0,22.0,6.0,16.0,20.0,86.0,156.0,191.0,224.0,4.0,0.0,3.0,0.0,1.0,0.0,0.0,0.0,0.0,61.0,1.0,19.0,2.0,31.0,2.0,2.0,1.0,3.0,2.0,59.0,0.0,0.0,0.0,0.0,0.0,0.0,0.0,0.0,0.0,0.0,0.0,1.0,2.0,0.0,1.0,0.0,0.0,0.0,1.0,0.0,0.0,0.0,3.0,5.0,3.0,2.0,5.0,11.0,18.0,15.0,0.0,0.0,0.0,0.0,0.0,0.0,0.0,0.0,0.0,0.0,0.0,2.0,4.0,0.0,1.0,0.0,0.0,0.0,1.0,0.0,0.0,0.0,3.0,5.0,3.0,2.0,7.0,15.0,21.0,15.0
278,1.0,278.0,London_303,cons,151,453,1092.0,70.0,2.0,101472.0,0.6828559162095189,681.0,60.0,0.0,60.0,110.0,0.0,110.0,118.0,77.0,181.0,13.0,120.0,15.0,25.0,8.0,14.0,21.0,76.0,155.0,201.0,223.0,8.0,0.0,5.0,0.0,3.0,0.0,0.0,0.0,0.0,18.0,0.0,2.0,0.0,10.0,0.0,2.0,0.0,4.0,0.0,18.0,0.0,0.0,0.0,0.0,0.0,0.0,0.0,0.0,0.0,0.0,0.0,0.0,0.0,0.0,0.0,0.0,0.0,0.0,1.0,7.0,3.0,1.0,3.0,4.0,3.0,2.0,2.0,8.0,11.0,8.0,0.0,0.0,0.0,0.0,0.0,0.0,0.0,0.0,0.0,0.0,0.0,0.0,0.0,0.0,0.0,0.0,0.0,0.0,1.0,11.0,4.0,1.0,3.0,4.0,4.0,2.0,2.0,12.0,15.0,10.0
279,1.0,279.0,London_303,cons,151,453,1092.0,70.0,2.0,105549.0,0.5772358626127243,690.0,36.0,1.0,35.0,75.0,10.0,65.0,89.0,83.0,175.0,20.0,116.0,16.0,21.0,9.0,13.0,26.0,82.0,155.0,190.0,225.0,6.0,1.0,3.0,0.0,1.0,0.0,0.0,0.0,1.0,11.0,0.0,1.0,2.0,3.0,0.0,4.0,0.0,1.0,1.0,10.0,0.0,0.0,0.0,0.0,0.0,0.0,0.0,0.0,0.0,0.0,0.0,0.0,0.0,1.0,1.0,0.0,0.0,0.0,1.0,1.0,1.0,0.0,1.0,3.0,5.0,1.0,4.0,6.0,6.0,7.0,0.0,0.0,0.0,0.0,0.0,0.0,0.0,0.0,0.0,0.0,0.0,0.0,0.0,5.0,4.0,0.0,0.0,0.0,1.0,1.0,1.0,0.0,1.0,4.0,8.0,2.0,8.0,9.0,8.0,9.0
280,1.0,280.0,London_303,cons,151,453,1092.0,70.0,2.0,129105.0,0.8136470187455416,742.0,61.0,2.0,59.0,127.0,18.0,109.0,62.0,83.0,174.0,23.0,119.0,12.0,23.0,7.0,12.0,27.0,76.0,164.0,186.0,226.0,4.0,0.0,2.0,0.0,2.0,0.0,0.0,0.0,0.0,31.0,1.0,7.0,1.0,16.0,0.0,1.0,1.0,4.0,1.0,30.0,0.0,0.0,0.0,0.0,0.0,0.0,0.0,0.0,0.0,0.0,0.0,0.0,0.0,2.0,0.0,0.0,0.0,0.0,1.0,3.0,1.0,0.0,3.0,3.0,2.0,4.0,4.0,12.0,9.0,9.0,0.0,0.0,0.0,0.0,0.0,0.0,0.0,0.0,0.0,0.0,0.0,0.0,0.0,9.0,0.0,0.0,0.0,0.0,1.0,3.0,2.0,0.0,3.0,5.0,2.0,5.0,6.0,17.0,14.0,14.0
281,1.0,281.0,London_303,cons,151,453,1092.0,70.0,2.0,138618.0,0.9023211877793074,763.0,27.0,3.0,24.0,65.0,24.0,41.0,78.0,93.0,168.0,25.0,110.0,9.0,26.0,8.0,14.0,23.0,86.0,168.0,176.0,228.0,2.0,1.0,0.0,0.0,1.0,0.0,0.0,0.0,0.0,10.0,0.0,1.0,1.0,4.0,0.0,4.0,0.0,0.0,2.0,8.0,0.0,0.0,0.0,0.0,0.0,0.0,0.0,0.0,0.0,0.0,0.0,1.0,0.0,1.0,2.0,0.0,0.0,0.0,0.0,2.0,5.0,0.0,3.0,2.0,2.0,0.0,1.0,2.0,5.0,2.0,0.0,0.0,0.0,0.0,0.0,0.0,0.0,0.0,0.0,0.0,0.0,1.0,0.0,3.0,3.0,0.0,0.0,0.0,0.0,3.0,5.0,0.0,3.0,2.0,2.0,0.0,1.0,3.0,6.0,2.0
282,1.0,282.0,London_303,cons,151,453,1092.0,70.0,2.0,162627.0,1.2803363702259958,816.0,19.0,0.0,19.0,32.0,0.0,32.0,46.0,95.0,177.0,26.0,98.0,10.0,22.0,8.0,17.0,21.0,88.0,158.0,186.0,220.0,5.0,0.0,3.0,0.0,2.0,0.0,0.0,0.0,0.0,8.0,0.0,1.0,0.0,4.0,0.0,1.0,0.0,2.0,0.0,8.0,0.0,0.0,0.0,0.0,0.0,0.0,0.0,0.0,0.0,0.0,0.0,0.0,0.0,0.0,0.0,0.0,0.0,0.0,2.0,1.0,0.0,0.0,2.0,1.0,4.0,2.0,1.0,0.0,2.0,2.0,0.0,0.0,0.0,0.0,0.0,0.0,0.0,0.0,0.0,0.0,0.0,0.0,0.0,0.0,0.0,0.0,0.0,0.0,2.0,1.0,0.0,0.0,2.0,1.0,5.0,2.0,1.0,0.0,2.0,3.0
283,1.0,283.0,London_303,cons,151,453,1092.0,70.0,2.0,201132.0,1.7888477081432939,901.0,130.0,0.0,130.0,228.0,0.0,228.0,25.0,100.0,174.0,26.0,97.0,11.0,22.0,8.0,15.0,20.0,90.0,159.0,184.0,216.0,5.0,2.0,2.0,0.0,1.0,0.0,0.0,0.0,0.0,83.0,1.0,27.0,4.0,39.0,0.0,9.0,0.0,3.0,0.0,83.0,0.0,0.0,0.0,0.0,0.0,0.0,0.0,0.0,0.0,0.0,0.0,0.0,0.0,0.0,0.0,0.0,0.0,0.0,2.0,3.0,2.0,1.0,4.0,5.0,3.0,3.0,5.0,6.0,11.0,6.0,0.0,0.0,0.0,0.0,0.0,0.0,0.0,0.0,0.0,0.0,0.0,0.0,0.0,0.0,0.0,0.0,0.0,0.0,2.0,3.0,2.0,2.0,4.0,5.0,4.0,4.0,8.0,6.0,12.0,8.0
284,1.0,284.0,London_303,cons,151,453,1092.0,70.0,2.0,184824.0,1.277993531897664,865.0,126.0,0.0,126.0,220.0,0.0,220.0,87.0,101.0,176.0,21.0,101.0,8.0,23.0,8.0,15.0,21.0,88.0,141.0,203.0,218.0,7.0,1.0,3.0,0.0,3.0,0.0,0.0,0.0,0.0,77.0,1.0,20.0,8.0,39.0,1.0,4.0,0.0,4.0,0.0,77.0,0.0,0.0,0.0,0.0,0.0,0.0,0.0,0.0,0.0,0.0,0.0,0.0,0.0,0.0,0.0,0.0,0.0,0.0,0.0,3.0,2.0,0.0,4.0,5.0,3.0,0.0,5.0,10.0,16.0,17.0,0.0,0.0,0.0,0.0,0.0,0.0,0.0,0.0,0.0,0.0,0.0,0.0,0.0,0.0,0.0,0.0,0.0,0.0,0.0,4.0,2.0,0.0,4.0,7.0,3.0,0.0,5.0,12.0,18.0,19.0
285,1.0,285.0,London_303,cons,151,453,1092.0,70.0,2.0,169422.0,1.1859718416817486,831.0,141.0,2.0,139.0,259.0,18.0,241.0,99.0,108.0,177.0,13.0,99.0,6.0,28.0,10.0,12.0,23.0,82.0,157.0,191.0,223.0,3.0,0.0,1.0,0.0,1.0,0.0,0.0,0.0,1.0,88.0,0.0,21.0,11.0,34.0,1.0,11.0,1.0,9.0,2.0,86.0,0.0,0.0,0.0,0.0,0.0,0.0,0.0,0.0,0.0,0.0,0.0,0.0,0.0,0.0,0.0,0.0,0.0,0.0,0.0,3.0,0.0,0.0,5.0,7.0,2.0,3.0,7.0,11.0,12.0,8.0,0.0,0.0,0.0,0.0,0.0,0.0,0.0,0.0,0.0,0.0,0.0,0.0,0.0,0.0,0.0,0.0,0.0,0.0,0.0,3.0,0.0,0.0,5.0,8.0,2.0,6.0,9.0,13.0,17.0,11.0
286,1.0,286.0,London_303,cons,151,453,1092.0,70.0,2.0,154473.0,1.0715868221595883,798.0,72.0,0.0,72.0,129.0,0.0,129.0,112.0,101.0,191.0,11.0,95.0,6.0,25.0,11.0,13.0,22.0,84.0,157.0,190.0,222.0,2.0,0.0,2.0,0.0,0.0,0.0,0.0,0.0,0.0,36.0,0.0,9.0,2.0,15.0,3.0,6.0,0.0,1.0,0.0,36.0,0.0,0.0,0.0,0.0,0.0,0.0,0.0,0.0,0.0,0.0,0.0,0.0,0.0,0.0,0.0,0.0,0.0,0.0,3.0,2.0,1.0,0.0,2.0,3.0,2.0,6.0,4.0,6.0,13.0,14.0,0.0,0.0,0.0,0.0,0.0,0.0,0.0,0.0,0.0,0.0,0.0,0.0,0.0,0.0,0.0,0.0,0.0,0.0,3.0,2.0,1.0,0.0,2.0,3.0,3.0,7.0,5.0,8.0,18.0,21.0
287,1.0,287.0,London_303,cons,151,453,1092.0,70.0,2.0,155832.0,1.0696248691529036,801.0,108.0,2.0,106.0,200.0,17.0,183.0,74.0,108.0,190.0,14.0,90.0,5.0,25.0,9.0,12.0,23.0,89.0,162.0,179.0,224.0,5.0,0.0,4.0,0.0,0.0,0.0,0.0,0.0,1.0,65.0,0.0,19.0,4.0,29.0,1.0,8.0,0.0,4.0,2.0,63.0,0.0,0.0,0.0,0.0,0.0,0.0,0.0,0.0,0.0,0.0,0.0,0.0,0.0,0.0,0.0,0.0,0.0,0.0,3.0,4.0,1.0,1.0,2.0,3.0,3.0,2.0,4.0,13.0,19.0,16.0,0.0,0.0,0.0,0.0,0.0,0.0,0.0,0.0,0.0,0.0,0.0,0.0,0.0,0.0,0.0,0.0,0.0,0.0,3.0,5.0,1.0,1.0,2.0,3.0,3.0,3.0,4.0,17.0,21.0,18.0
288,1.0,288.0,London_303,cons,151,453,1092.0,70.0,2.0,145413.0,0.8940396839752793,778.0,48.0,2.0,46.0,101.0,21.0,80.0,93.0,101.0,184.0,15.0,95.0,8.0,29.0,10.0,11.0,25.0,79.0,161.0,188.0,228.0,9.0,0.0,6.0,0.0,3.0,0.0,0.0,0.0,0.0,25.0,0.0,5.0,3.0,10.0,2.0,4.0,0.0,1.0,2.0,23.0,0.0,0.0,0.0,0.0,0.0,0.0,0.0,0.0,0.0,0.0,0.0,0.0,1.0,0.0,1.0,0.0,0.0,0.0,1.0,1.0,1.0,0.0,2.0,2.0,1.0,0.0,1.0,10.0,7.0,2.0,0.0,0.0,0.0,0.0,0.0,0.0,0.0,0.0,0.0,0.0,0.0,0.0,3.0,0.0,3.0,0.0,0.0,0.0,1.0,1.0,1.0,0.0,2.0,2.0,1.0,0.0,1.0,10.0,12.0,3.0
289,1.0,289.0,London_303,cons,151,453,1092.0,70.0,2.0,162174.0,0.9688894650898874,815.0,105.0,2.0,103.0,197.0,17.0,180.0,61.0,101.0,179.0,14.0,104.0,5.0,29.0,10.0,11.0,23.0,79.0,169.0,182.0,221.0,4.0,0.0,2.0,0.0,0.0,1.0,0.0,0.0,1.0,62.0,1.0,27.0,3.0,26.0,2.0,2.0,0.0,1.0,1.0,61.0,0.0,0.0,0.0,0.0,0.0,0.0,0.0,0.0,0.0,0.0,0.0,0.0,0.0,0.0,1.0,0.0,0.0,0.0,1.0,0.0,3.0,0.0,2.0,6.0,3.0,3.0,3.0,9.0,17.0,4.0,0.0,0.0,0.0,0.0,0.0,0.0,0.0,0.0,0.0,0.0,0.0,0.0,0.0,0.0,6.0,0.0,0.0,0.0,1.0,0.0,3.0,0.0,2.0,6.0,3.0,3.0,4.0,12.0,20.0,4.0
290,1.0,290.0,London_303,cons,151,453,1092.0,70.0,2.0,149943.0,0.8279248061589897,788.0,143.0,0.0,143.0,254.0,0.0,254.0,101.0,106.0,180.0,16.0,92.0,6.0,31.0,11.0,11.0,23.0,85.0,167.0,178.0,216.0,6.0,1.0,2.0,0.0,1.0,0.0,1.0,1.0,0.0,89.0,1.0,32.0,9.0,34.0,3.0,8.0,0.0,2.0,0.0,89.0,0.0,0.0,0.0,0.0,0.0,0.0,0.0,0.0,0.0,0.0,0.0,0.0,0.0,0.0,0.0,0.0,0.0,0.0,1.0,1.0,0.0,1.0,6.0,8.0,3.0,4.0,5.0,15.0,19.0,19.0,0.0,0.0,0.0,0.0,0.0,0.0,0.0,0.0,0.0,0.0,0.0,0.0,0.0,0.0,0.0,0.0,0.0,0.0,1.0,1.0,0.0,1.0,6.0,11.0,3.0,7.0,6.0,21.0,27.0,29.0
291,1.0,291.0,London_303,cons,151,453,1092.0,70.0,2.0,106455.0,0.5678418148308992,692.0,36.0,0.0,36.0,61.0,0.0,61.0,120.0,102.0,182.0,16.0,106.0,6.0,25.0,4.0,12.0,25.0,87.0,162.0,179.0,217.0,9.0,0.0,8.0,0.0,1.0,0.0,0.0,0.0,0.0,11.0,0.0,8.0,0.0,1.0,0.0,1.0,0.0,1.0,0.0,11.0,0.0,0.0,0.0,0.0,0.0,0.0,0.0,0.0,0.0,0.0,0.0,0.0,0.0,0.0,0.0,0.0,0.0,0.0,0.0,1.0,4.0,0.0,1.0,3.0,3.0,6.0,3.0,8.0,5.0,5.0,0.0,0.0,0.0,0.0,0.0,0.0,0.0,0.0,0.0,0.0,0.0,0.0,0.0,0.0,0.0,0.0,0.0,0.0,0.0,1.0,4.0,0.0,1.0,3.0,3.0,8.0,3.0,9.0,7.0,5.0
292,1.0,292.0,London_303,cons,151,453,1092.0,70.0,2.0,128199.0,0.7188676241785288,740.0,124.0,0.0,124.0,220.0,0.0,220.0,55.0,109.0,179.0,11.0,103.0,6.0,30.0,4.0,11.0,24.0,91.0,166.0,172.0,213.0,1.0,0.0,1.0,0.0,0.0,0.0,0.0,0.0,0.0,74.0,0.0,28.0,6.0,28.0,0.0,9.0,0.0,3.0,0.0,74.0,0.0,0.0,0.0,0.0,0.0,0.0,0.0,0.0,0.0,0.0,0.0,0.0,0.0,0.0,0.0,0.0,0.0,0.0,0.0,5.0,3.0,1.0,4.0,8.0,7.0,1.0,3.0,11.0,12.0,16.0,0.0,0.0,0.0,0.0,0.0,0.0,0.0,0.0,0.0,0.0,0.0,0.0,0.0,0.0,0.0,0.0,0.0,0.0,0.0,5.0,3.0,2.0,4.0,9.0,7.0,1.0,4.0,14.0,14.0,19.0
293,1.0,293.0,London_303,cons,151,453,1092.0,70.0,2.0,105549.0,0.5552503396756947,690.0,13.0,0.0,13.0,22.0,0.0,22.0,94.0,110.0,175.0,7.0,115.0,7.0,29.0,4.0,6.0,25.0,85.0,164.0,179.0,221.0,3.0,1.0,1.0,0.0,0.0,0.0,0.0,0.0,1.0,2.0,1.0,0.0,1.0,0.0,0.0,0.0,0.0,0.0,0.0,2.0,0.0,0.0,0.0,0.0,0.0,0.0,0.0,0.0,0.0,0.0,0.0,0.0,0.0,0.0,0.0,0.0,0.0,0.0,1.0,0.0,0.0,0.0,1.0,2.0,2.0,0.0,2.0,1.0,4.0,3.0,0.0,0.0,0.0,0.0,0.0,0.0,0.0,0.0,0.0,0.0,0.0,0.0,0.0,0.0,0.0,0.0,0.0,0.0,1.0,0.0,0.0,0.0,1.0,2.0,3.0,0.0,3.0,2.0,6.0,3.0
294,1.0,294.0,London_303,cons,151,453,1092.0,70.0,2.0,145413.0,0.8417286379262805,778.0,60.0,1.0,59.0,111.0,9.0,102.0,22.0,107.0,178.0,8.0,116.0,7.0,28.0,4.0,5.0,25.0,86.0,165.0,177.0,219.0,3.0,0.0,2.0,0.0,1.0,0.0,0.0,0.0,0.0,27.0,0.0,9.0,3.0,9.0,1.0,3.0,1.0,1.0,1.0,26.0,0.0,0.0,0.0,0.0,0.0,0.0,0.0,0.0,0.0,0.0,0.0,0.0,1.0,0.0,0.0,0.0,0.0,0.0,2.0,1.0,5.0,0.0,1.0,5.0,3.0,1.0,3.0,7.0,12.0,9.0,0.0,0.0,0.0,0.0,0.0,0.0,0.0,0.0,0.0,0.0,0.0,0.0,2.0,0.0,0.0,0.0,0.0,0.0,2.0,1.0,6.0,0.0,1.0,7.0,3.0,1.0,3.0,8.0,16.0,10.0
295,1.0,295.0,London_303,cons,151,453,1092.0,70.0,2.0,153567.0,0.8521390198729932,796.0,53.0,2.0,51.0,110.0,19.0,91.0,67.0,113.0,179.0,10.0,104.0,6.0,33.0,2.0,6.0,26.0,82.0,178.0,167.0,225.0,1.0,0.0,0.0,0.0,1.0,0.0,0.0,0.0,0.0,21.0,0.0,7.0,2.0,6.0,0.0,3.0,3.0,0.0,2.0,19.0,0.0,0.0,0.0,0.0,0.0,0.0,0.0,0.0,0.0,0.0,0.0,0.0,0.0,1.0,2.0,0.0,0.0,0.0,1.0,3.0,1.0,0.0,3.0,6.0,3.0,2.0,5.0,8.0,8.0,10.0,0.0,0.0,0.0,0.0,0.0,0.0,0.0,0.0,0.0,0.0,0.0,0.0,0.0,2.0,3.0,0.0,0.0,0.0,1.0,5.0,1.0,0.0,3.0,9.0,5.0,2.0,6.0,10.0,12.0,15.0
296,1.0,296.0,London_303,cons,151,453,1092.0,70.0,2.0,166251.0,1.03623711084947,824.0,69.0,2.0,67.0,141.0,18.0,123.0,66.0,109.0,181.0,12.0,109.0,3.0,32.0,1.0,6.0,25.0,85.0,176.0,167.0,225.0,8.0,2.0,3.0,0.0,1.0,0.0,1.0,0.0,1.0,31.0,0.0,12.0,3.0,9.0,1.0,4.0,0.0,2.0,2.0,29.0,0.0,0.0,0.0,0.0,0.0,0.0,0.0,0.0,0.0,0.0,0.0,0.0,0.0,0.0,2.0,0.0,0.0,0.0,1.0,1.0,0.0,0.0,6.0,5.0,5.0,1.0,4.0,5.0,13.0,7.0,0.0,0.0,0.0,0.0,0.0,0.0,0.0,0.0,0.0,0.0,0.0,0.0,0.0,0.0,4.0,0.0,0.0,0.0,1.0,1.0,0.0,0.0,6.0,5.0,5.0,1.0,5.0,7.0,15.0,11.0
297,1.0,297.0,London_303,cons,151,453,1092.0,70.0,2.0,168063.0,1.1619882341474295,828.0,110.0,1.0,109.0,192.0,9.0,183.0,88.0,102.0,185.0,14.0,112.0,3.0,28.0,3.0,6.0,21.0,83.0,186.0,163.0,224.0,0.0,0.0,0.0,0.0,0.0,0.0,0.0,0.0,0.0,60.0,0.0,25.0,7.0,22.0,3.0,2.0,1.0,0.0,0.0,60.0,0.0,0.0,0.0,0.0,0.0,0.0,0.0,0.0,0.0,0.0,0.0,0.0,0.0,0.0,1.0,0.0,0.0,0.0,1.0,2.0,4.0,0.0,5.0,3.0,5.0,2.0,4.0,13.0,15.0,7.0,0.0,0.0,0.0,0.0,0.0,0.0,0.0,0.0,0.0,0.0,0.0,0.0,0.0,0.0,3.0,0.0,0.0,0.0,3.0,2.0,4.0,0.0,5.0,3.0,5.0,2.0,5.0,16.0,18.0,10.0
298,1.0,298.0,London_303,cons,151,453,1092.0,70.0,2.0,161721.0,0.9988847421482205,814.0,119.0,0.0,119.0,231.0,0.0,231.0,96.0,110.0,185.0,15.0,102.0,2.0,32.0,1.0,6.0,21.0,76.0,172.0,184.0,222.0,11.0,2.0,5.0,0.0,3.0,0.0,1.0,0.0,0.0,74.0,0.0,29.0,4.0,32.0,2.0,5.0,0.0,2.0,0.0,74.0,0.0,0.0,0.0,0.0,0.0,0.0,0.0,0.0,0.0,0.0,0.0,0.0,0.0,0.0,0.0,0.0,0.0,0.0,1.0,0.0,2.0,0.0,2.0,4.0,6.0,5.0,1.0,12.0,17.0,13.0,0.0,0.0,0.0,0.0,0.0,0.0,0.0,0.0,0.0,0.0,0.0,0.0,0.0,0.0,0.0,0.0,0.0,0.0,1.0,0.0,3.0,0.0,3.0,5.0,6.0,5.0,1.0,16.0,21.0,15.0
299,1.0,299.0,London_303,cons,151,453,1092.0,70.0,2.0,144054.0,0.8772052829153836,775.0,150.0,0.0,150.0,246.0,0.0,246.0,114.0,111.0,194.0,12.0,95.0,4.0,31.0,1.0,5.0,24.0,84.0,173.0,172.0,213.0,8.0,1.0,6.0,0.0,1.0,0.0,0.0,0.0,0.0,86.0,0.0,33.0,7.0,36.0,0.0,4.0,1.0,5.0,0.0,86.0,0.0,0.0,0.0,0.0,0.0,0.0,0.0,0.0,0.0,0.0,0.0,0.0,0.0,0.0,0.0,0.0,0.0,0.0,0.0,5.0,4.0,0.0,5.0,6.0,2.0,4.0,5.0,14.0,25.0,10.0,0.0,0.0,0.0,0.0,0.0,0.0,0.0,0.0,0.0,0.0,0.0,0.0,0.0,0.0,0.0,0.0,0.0,0.0,0.0,5.0,4.0,0.0,5.0,7.0,2.0,4.0,6.0,19.0,30.0,10.0
300,1.0,300.0,London_303,cons,151,453,1092.0,70.0,2.0,114156.0,0.6536977142095566,709.0,13.0,0.0,13.0,24.0,0.0,24.0,124.0,104.0,185.0,15.0,107.0,6.0,28.0,1.0,7.0,22.0,82.0,176.0,173.0,212.0,1.0,1.0,0.0,0.0,0.0,0.0,0.0,0.0,0.0,1.0,0.0,0.0,0.0,1.0,0.0,0.0,0.0,0.0,0.0,1.0,0.0,0.0,0.0,0.0,0.0,0.0,0.0,0.0,0.0,0.0,0.0,0.0,0.0,0.0,0.0,0.0,0.0,0.0,0.0,1.0,1.0,0.0,1.0,0.0,2.0,2.0,2.0,3.0,3.0,3.0,0.0,0.0,0.0,0.0,0.0,0.0,0.0,0.0,0.0,0.0,0.0,0.0,0.0,0.0,0.0,0.0,0.0,0.0,0.0,1.0,1.0,0.0,2.0,0.0,2.0,4.0,2.0,8.0,5.0,4.0
301,1.0,301.0,London_303,cons,151,453,1092.0,70.0,2.0,148131.0,1.0518903527408838,784.0,0.0,0.0,0.0,0.0,0.0,0.0,24.0,106.0,189.0,15.0,98.0,6.0,30.0,1.0,8.0,21.0,83.0,178.0,171.0,213.0,1.0,0.0,1.0,0.0,0.0,0.0,0.0,0.0,0.0,0.0,0.0,0.0,0.0,0.0,0.0,0.0,0.0,0.0,0.0,0.0,0.0,0.0,0.0,0.0,0.0,0.0,0.0,0.0,0.0,0.0,0.0,0.0,0.0,0.0,0.0,0.0,0.0,0.0,0.0,0.0,0.0,0.0,0.0,0.0,0.0,0.0,0.0,0.0,0.0,0.0,0.0,0.0,0.0,0.0,0.0,0.0,0.0,0.0,0.0,0.0,0.0,0.0,0.0,0.0,0.0,0.0,0.0,0.0,0.0,0.0,0.0,0.0,0.0,0.0,0.0,0.0,0.0,0.0,0.0,0.0
302,1.0,302.0,London_303,cons,151,453,1092.0,70.0,2.0,189807.0,1.3740532039664686,876.0,102.0,2.0,100.0,181.0,17.0,164.0,1.0,106.0,188.0,15.0,99.0,6.0,30.0,1.0,8.0,21.0,83.0,179.0,170.0,212.0,1.0,0.0,1.0,0.0,0.0,0.0,0.0,0.0,0.0,52.0,0.0,16.0,0.0,28.0,0.0,5.0,1.0,2.0,2.0,50.0,0.0,0.0,0.0,0.0,0.0,0.0,0.0,0.0,0.0,0.0,0.0,0.0,0.0,0.0,0.0,0.0,0.0,0.0,2.0,3.0,4.0,0.0,1.0,8.0,1.0,0.0,10.0,11.0,11.0,11.0,0.0,0.0,0.0,0.0,0.0,0.0,0.0,0.0,0.0,0.0,0.0,0.0,0.0,0.0,0.0,0.0,0.0,0.0,2.0,3.0,5.0,0.0,1.0,11.0,1.0,0.0,13.0,12.0,13.0,13.0
303,1.0,303.0,London_303,cons,151,453,1092.0,70.0,2.0,186636.0,1.4138179351575673,869.0,150.0,0.0,150.0,259.0,0.0,259.0,89.0,114.0,171.0,19.0,107.0,5.0,27.0,1.0,9.0,24.0,81.0,172.0,176.0,217.0,3.0,0.0,1.0,0.0,2.0,0.0,0.0,0.0,0.0,95.0,0.0,39.0,11.0,28.0,0.0,8.0,4.0,5.0,0.0,95.0,0.0,0.0,0.0,0.0,0.0,0.0,0.0,0.0,0.0,0.0,0.0,0.0,0.0,0.0,0.0,0.0,0.0,0.0,0.0,3.0,3.0,1.0,1.0,6.0,5.0,8.0,2.0,13.0,19.0,16.0,0.0,0.0,0.0,0.0,0.0,0.0,0.0,0.0,0.0,0.0,0.0,0.0,0.0,0.0,0.0,0.0,0.0,0.0,0.0,3.0,3.0,1.0,1.0,7.0,6.0,12.0,2.0,16.0,21.0,20.0
304,1.0,304.0,London_303,cons,151,453,1092.0,70.0,2.0,154926.0,0.9224136606790125,799.0,74.0,0.0,74.0,110.0,0.0,110.0,112.0,112.0,181.0,9.0,105.0,9.0,27.0,1.0,9.0,25.0,83.0,180.0,165.0,217.0,3.0,1.0,2.0,0.0,0.0,0.0,0.0,0.0,0.0,31.0,0.0,7.0,3.0,18.0,0.0,1.0,0.0,2.0,0.0,31.0,0.0,0.0,0.0,0.0,0.0,0.0,0.0,0.0,0.0,0.0,0.0,0.0,0.0,0.0,0.0,0.0,0.0,0.0,1.0,2.0,2.0,0.0,4.0,8.0,1.0,3.0,6.0,6.0,13.0,11.0,0.0,0.0,0.0,0.0,0.0,0.0,0.0,0.0,0.0,0.0,0.0,0.0,0.0,0.0,0.0,0.0,0.0,0.0,1.0,2.0,3.0,0.0,4.0,10.0,1.0,4.0,6.0,7.0,17.0,13.0
305,1.0,305.0,London_303,cons,151,453,1092.0,70.0,2.0,162627.0,1.039765094872564,816.0,83.0,1.0,82.0,154.0,8.0,146.0,72.0,116.0,177.0,15.0,91.0,14.0,30.0,3.0,7.0,25.0,85.0,185.0,158.0,213.0,3.0,0.0,1.0,0.0,1.0,0.0,1.0,0.0,0.0,46.0,0.0,16.0,1.0,16.0,0.0,11.0,0.0,2.0,0.0,46.0,0.0,0.0,0.0,0.0,0.0,0.0,0.0,0.0,0.0,0.0,0.0,0.0,1.0,0.0,0.0,0.0,0.0,0.0,1.0,3.0,1.0,0.0,2.0,3.0,1.0,2.0,6.0,7.0,13.0,7.0,0.0,0.0,0.0,0.0,0.0,0.0,0.0,0.0,0.0,0.0,0.0,0.0,6.0,0.0,0.0,0.0,0.0,0.0,1.0,6.0,1.0,0.0,2.0,3.0,1.0,4.0,7.0,9.0,18.0,8.0
306,1.0,306.0,London_303,cons,151,453,1092.0,70.0,2.0,161721.0,1.3621258717030287,814.0,135.0,2.0,133.0,251.0,17.0,234.0,82.0,118.0,174.0,12.0,92.0,10.0,33.0,3.0,11.0,23.0,74.0,184.0,172.0,209.0,2.0,1.0,1.0,0.0,0.0,0.0,0.0,0.0,0.0,88.0,0.0,31.0,8.0,31.0,3.0,11.0,1.0,3.0,0.0,88.0,0.0,0.0,0.0,0.0,0.0,0.0,0.0,0.0,0.0,0.0,0.0,0.0,0.0,1.0,1.0,0.0,0.0,0.0,3.0,3.0,1.0,0.0,2.0,4.0,9.0,2.0,5.0,12.0,17.0,7.0,0.0,0.0,0.0,0.0,0.0,0.0,0.0,0.0,0.0,0.0,0.0,0.0,0.0,7.0,6.0,0.0,0.0,0.0,3.0,3.0,1.0,0.0,2.0,4.0,12.0,3.0,6.0,14.0,20.0,9.0
307,1.0,307.0,London_303,cons,151,453,1092.0,70.0,2.0,138165.0,1.119199916254729,762.0,47.0,2.0,45.0,104.0,18.0,86.0,113.0,118.0,167.0,10.0,102.0,10.0,33.0,3.0,10.0,23.0,73.0,173.0,184.0,204.0,9.0,2.0,2.0,0.0,3.0,0.0,1.0,0.0,1.0,12.0,0.0,1.0,5.0,5.0,0.0,0.0,0.0,1.0,0.0,12.0,0.0,0.0,0.0,0.0,0.0,0.0,0.0,0.0,0.0,0.0,0.0,0.0,0.0,1.0,1.0,0.0,0.0,0.0,1.0,4.0,2.0,2.0,0.0,11.0,4.0,3.0,6.0,7.0,11.0,4.0,0.0,0.0,0.0,0.0,0.0,0.0,0.0,0.0,0.0,0.0,0.0,0.0,0.0,6.0,3.0,0.0,0.0,0.0,1.0,6.0,2.0,2.0,0.0,16.0,4.0,5.0,9.0,11.0,18.0,4.0
308,1.0,308.0,London_303,cons,151,453,1092.0,70.0,2.0,158550.0,1.0529263452626765,807.0,41.0,0.0,41.0,75.0,0.0,75.0,96.0,127.0,169.0,6.0,99.0,12.0,28.0,4.0,8.0,18.0,71.0,180.0,184.0,192.0,7.0,2.0,3.0,0.0,2.0,0.0,0.0,0.0,0.0,18.0,0.0,4.0,3.0,5.0,0.0,2.0,1.0,3.0,0.0,18.0,0.0,0.0,0.0,0.0,0.0,0.0,0.0,0.0,0.0,0.0,0.0,0.0,0.0,0.0,0.0,0.0,0.0,0.0,3.0,0.0,1.0,0.0,2.0,2.0,2.0,3.0,4.0,8.0,8.0,6.0,0.0,0.0,0.0,0.0,0.0,0.0,0.0,0.0,0.0,0.0,0.0,0.0,0.0,0.0,0.0,0.0,0.0,0.0,4.0,0.0,1.0,0.0,2.0,4.0,3.0,5.0,6.0,14.0,14.0,9.0
309,1.0,309.0,London_303,cons,151,453,1092.0,70.0,2.0,178029.0,1.480439386330545,850.0,139.0,2.0,137.0,251.0,22.0,229.0,59.0,129.0,172.0,4.0,89.0,15.0,36.0,2.0,6.0,18.0,78.0,175.0,182.0,194.0,4.0,1.0,3.0,0.0,0.0,0.0,0.0,0.0,0.0,85.0,0.0,25.0,14.0,37.0,0.0,3.0,0.0,6.0,2.0,83.0,0.0,0.0,0.0,0.0,0.0,0.0,0.0,0.0,0.0,0.0,0.0,0.0,0.0,0.0,0.0,0.0,0.0,0.0,1.0,3.0,4.0,2.0,5.0,6.0,6.0,2.0,9.0,14.0,15.0,9.0,0.0,0.0,0.0,0.0,0.0,0.0,0.0,0.0,0.0,0.0,0.0,0.0,0.0,0.0,0.0,0.0,0.0,0.0,1.0,7.0,6.0,2.0,5.0,8.0,9.0,2.0,14.0,17.0,26.0,9.0
310,1.0,310.0,London_303,cons,151,453,1092.0,70.0,2.0,153114.0,1.6031979457475245,795.0,109.0,0.0,109.0,176.0,0.0,176.0,113.0,135.0,156.0,8.0,97.0,11.0,37.0,3.0,6.0,18.0,80.0,167.0,188.0,197.0,9.0,2.0,5.0,0.0,2.0,0.0,0.0,0.0,0.0,63.0,1.0,20.0,3.0,28.0,2.0,7.0,0.0,2.0,0.0,63.0,0.0,0.0,0.0,0.0,0.0,0.0,0.0,0.0,0.0,0.0,0.0,0.0,0.0,0.0,0.0,0.0,0.0,0.0,3.0,2.0,0.0,0.0,3.0,4.0,2.0,2.0,6.0,10.0,18.0,7.0,0.0,0.0,0.0,0.0,0.0,0.0,0.0,0.0,0.0,0.0,0.0,0.0,0.0,0.0,0.0,0.0,0.0,0.0,3.0,2.0,0.0,0.0,3.0,4.0,4.0,3.0,7.0,12.0,24.0,8.0
311,1.0,311.0,London_303,cons,151,453,1092.0,70.0,2.0,139524.0,0.7456777133047581,765.0,131.0,0.0,131.0,222.0,0.0,222.0,90.0,134.0,162.0,11.0,92.0,13.0,32.0,3.0,6.0,18.0,73.0,169.0,193.0,200.0,2.0,1.0,1.0,0.0,0.0,0.0,0.0,0.0,0.0,84.0,0.0,35.0,6.0,35.0,0.0,6.0,1.0,1.0,0.0,84.0,0.0,0.0,0.0,0.0,0.0,0.0,0.0,0.0,0.0,0.0,0.0,0.0,0.0,0.0,0.0,0.0,0.0,0.0,1.0,0.0,2.0,0.0,5.0,2.0,1.0,2.0,10.0,8.0,12.0,12.0,0.0,0.0,0.0,0.0,0.0,0.0,0.0,0.0,0.0,0.0,0.0,0.0,0.0,0.0,0.0,0.0,0.0,0.0,1.0,0.0,2.0,0.0,6.0,2.0,1.0,2.0,14.0,12.0,16.0,13.0
312,1.0,312.0,London_303,cons,151,453,1092.0,70.0,2.0,116874.0,0.7985408399254084,715.0,7.0,2.0,5.0,27.0,19.0,8.0,90.0,123.0,167.0,12.0,90.0,14.0,35.0,3.0,9.0,19.0,76.0,170.0,188.0,208.0,8.0,3.0,4.0,0.0,1.0,0.0,0.0,0.0,0.0,3.0,0.0,1.0,0.0,1.0,0.0,0.0,1.0,0.0,2.0,1.0,0.0,0.0,0.0,0.0,0.0,0.0,0.0,0.0,0.0,0.0,0.0,0.0,1.0,0.0,2.0,0.0,0.0,0.0,0.0,1.0,0.0,0.0,0.0,2.0,0.0,0.0,1.0,1.0,1.0,1.0,0.0,0.0,0.0,0.0,0.0,0.0,0.0,0.0,0.0,0.0,0.0,0.0,4.0,0.0,6.0,0.0,0.0,0.0,0.0,2.0,0.0,0.0,0.0,2.0,0.0,0.0,2.0,2.0,2.0,2.0
313,1.0,313.0,London_303,cons,151,453,1092.0,70.0,2.0,149037.0,0.7352777607738972,786.0,96.0,2.0,94.0,171.0,17.0,154.0,24.0,125.0,164.0,11.0,90.0,14.0,38.0,2.0,9.0,16.0,78.0,168.0,191.0,199.0,9.0,4.0,2.0,0.0,3.0,0.0,0.0,0.0,0.0,57.0,0.0,21.0,6.0,22.0,1.0,5.0,0.0,2.0,1.0,56.0,0.0,0.0,0.0,0.0,0.0,0.0,0.0,0.0,0.0,0.0,0.0,1.0,0.0,1.0,1.0,0.0,0.0,0.0,0.0,5.0,2.0,1.0,2.0,3.0,4.0,3.0,8.0,13.0,10.0,7.0,0.0,0.0,0.0,0.0,0.0,0.0,0.0,0.0,0.0,0.0,0.0,2.0,0.0,4.0,2.0,0.0,0.0,0.0,0.0,7.0,2.0,1.0,2.0,3.0,5.0,4.0,11.0,18.0,12.0,7.0
314,1.0,314.0,London_303,cons,151,453,1092.0,70.0,2.0,140430.0,0.9938983698375523,767.0,75.0,0.0,75.0,136.0,0.0,136.0,97.0,126.0,166.0,12.0,98.0,9.0,32.0,2.0,8.0,15.0,81.0,159.0,198.0,198.0,6.0,2.0,3.0,0.0,1.0,0.0,0.0,0.0,0.0,40.0,0.0,17.0,3.0,11.0,0.0,7.0,1.0,1.0,0.0,40.0,0.0,0.0,0.0,0.0,0.0,0.0,0.0,0.0,0.0,0.0,0.0,0.0,0.0,0.0,0.0,0.0,0.0,0.0,0.0,3.0,4.0,0.0,4.0,1.0,3.0,3.0,5.0,10.0,9.0,6.0,0.0,0.0,0.0,0.0,0.0,0.0,0.0,0.0,0.0,0.0,0.0,0.0,0.0,0.0,0.0,0.0,0.0,0.0,0.0,5.0,4.0,0.0,4.0,1.0,4.0,3.0,6.0,13.0,14.0,6.0
315,1.0,315.0,London_303,cons,151,453,1092.0,70.0,2.0,150849.0,0.9465066930279136,790.0,109.0,0.0,109.0,196.0,0.0,196.0,85.0,127.0,156.0,9.0,102.0,11.0,39.0,2.0,7.0,14.0,79.0,158.0,202.0,205.0,5.0,0.0,3.0,0.0,2.0,0.0,0.0,0.0,0.0,73.0,1.0,27.0,5.0,32.0,1.0,4.0,0.0,3.0,0.0,73.0,0.0,0.0,0.0,0.0,0.0,0.0,0.0,0.0,0.0,0.0,0.0,0.0,0.0,0.0,0.0,0.0,0.0,0.0,0.0,3.0,3.0,0.0,2.0,2.0,2.0,4.0,2.0,13.0,12.0,11.0,0.0,0.0,0.0,0.0,0.0,0.0,0.0,0.0,0.0,0.0,0.0,0.0,0.0,0.0,0.0,0.0,0.0,0.0,0.0,4.0,3.0,0.0,2.0,2.0,2.0,5.0,2.0,16.0,18.0,16.0
316,1.0,316.0,London_303,cons,151,453,1092.0,70.0,2.0,145866.0,0.9168585808947682,779.0,41.0,0.0,41.0,75.0,0.0,75.0,80.0,131.0,149.0,11.0,104.0,12.0,37.0,2.0,7.0,15.0,77.0,155.0,206.0,203.0,0.0,0.0,0.0,0.0,0.0,0.0,0.0,0.0,0.0,15.0,0.0,4.0,1.0,5.0,0.0,4.0,0.0,1.0,0.0,15.0,0.0,0.0,0.0,0.0,0.0,0.0,0.0,0.0,0.0,0.0,0.0,0.0,0.0,0.0,0.0,0.0,0.0,0.0,0.0,2.0,1.0,1.0,4.0,4.0,6.0,1.0,3.0,3.0,12.0,12.0,0.0,0.0,0.0,0.0,0.0,0.0,0.0,0.0,0.0,0.0,0.0,0.0,0.0,0.0,0.0,0.0,0.0,0.0,0.0,3.0,1.0,1.0,4.0,5.0,8.0,2.0,4.0,5.0,15.0,15.0
317,1.0,317.0,London_303,cons,151,453,1092.0,70.0,2.0,166704.0,1.0681456099264324,825.0,70.0,2.0,68.0,137.0,19.0,118.0,54.0,129.0,149.0,14.0,97.0,17.0,37.0,2.0,8.0,17.0,77.0,156.0,203.0,203.0,0.0,0.0,0.0,0.0,0.0,0.0,0.0,0.0,0.0,34.0,0.0,11.0,1.0,17.0,0.0,1.0,1.0,3.0,2.0,32.0,0.0,0.0,0.0,0.0,0.0,0.0,0.0,0.0,0.0,0.0,0.0,0.0,0.0,0.0,1.0,0.0,0.0,0.0,0.0,0.0,1.0,0.0,5.0,3.0,4.0,2.0,2.0,8.0,9.0,8.0,0.0,0.0,0.0,0.0,0.0,0.0,0.0,0.0,0.0,0.0,0.0,0.0,0.0,0.0,4.0,0.0,0.0,0.0,0.0,0.0,1.0,0.0,5.0,4.0,4.0,3.0,2.0,10.0,10.0,9.0
318,1.0,318.0,London_303,cons,151,453,1092.0,70.0,2.0,181653.0,1.1011985070072114,858.0,109.0,2.0,107.0,191.0,18.0,173.0,84.0,133.0,140.0,16.0,103.0,14.0,37.0,3.0,7.0,15.0,80.0,126.0,232.0,200.0,7.0,1.0,4.0,0.0,1.0,0.0,0.0,0.0,1.0,69.0,1.0,25.0,2.0,30.0,1.0,5.0,1.0,4.0,2.0,67.0,0.0,0.0,0.0,0.0,0.0,0.0,0.0,0.0,0.0,0.0,0.0,0.0,0.0,1.0,1.0,0.0,0.0,0.0,1.0,0.0,0.0,1.0,4.0,4.0,11.0,5.0,1.0,15.0,11.0,10.0,0.0,0.0,0.0,0.0,0.0,0.0,0.0,0.0,0.0,0.0,0.0,0.0,0.0,1.0,1.0,0.0,0.0,0.0,2.0,0.0,0.0,1.0,4.0,6.0,13.0,5.0,1.0,19.0,13.0,10.0
319,1.0,319.0,London_303,cons,151,453,1092.0,70.0,2.0,182106.0,1.064223871100694,859.0,77.0,2.0,75.0,136.0,15.0,121.0,84.0,129.0,142.0,15.0,103.0,13.0,40.0,3.0,8.0,16.0,79.0,133.0,225.0,201.0,5.0,0.0,2.0,0.0,3.0,0.0,0.0,0.0,0.0,39.0,0.0,17.0,1.0,16.0,1.0,4.0,0.0,0.0,2.0,37.0,0.0,0.0,0.0,0.0,0.0,0.0,0.0,0.0,0.0,0.0,0.0,1.0,1.0,0.0,0.0,0.0,0.0,0.0,3.0,1.0,1.0,0.0,1.0,6.0,6.0,1.0,2.0,8.0,10.0,9.0,0.0,0.0,0.0,0.0,0.0,0.0,0.0,0.0,0.0,0.0,0.0,1.0,2.0,0.0,0.0,0.0,0.0,0.0,4.0,1.0,1.0,0.0,1.0,8.0,6.0,1.0,2.0,12.0,12.0,10.0
320,1.0,320.0,London_303,cons,151,453,1092.0,70.0,2.0,183918.0,1.0550951538607478,863.0,72.0,0.0,72.0,132.0,0.0,132.0,78.0,131.0,142.0,16.0,95.0,16.0,41.0,3.0,9.0,15.0,76.0,134.0,228.0,195.0,6.0,2.0,4.0,0.0,0.0,0.0,0.0,0.0,0.0,40.0,0.0,13.0,3.0,22.0,0.0,0.0,0.0,2.0,0.0,40.0,0.0,0.0,0.0,0.0,0.0,0.0,0.0,0.0,0.0,0.0,0.0,0.0,0.0,0.0,0.0,0.0,0.0,0.0,0.0,4.0,1.0,0.0,3.0,3.0,1.0,1.0,5.0,7.0,9.0,12.0,0.0,0.0,0.0,0.0,0.0,0.0,0.0,0.0,0.0,0.0,0.0,0.0,0.0,0.0,0.0,0.0,0.0,0.0,0.0,6.0,1.0,0.0,3.0,4.0,1.0,1.0,6.0,8.0,12.0,17.0
321,1.0,321.0,London_303,cons,151,453,1092.0,70.0,2.0,187542.0,1.0415927139110863,871.0,102.0,1.0,101.0,194.0,10.0,184.0,75.0,134.0,141.0,7.0,100.0,14.0,43.0,3.0,11.0,17.0,81.0,134.0,221.0,195.0,3.0,1.0,2.0,0.0,0.0,0.0,0.0,0.0,0.0,72.0,1.0,21.0,5.0,37.0,0.0,4.0,0.0,4.0,1.0,71.0,0.0,0.0,0.0,0.0,0.0,0.0,0.0,0.0,0.0,0.0,0.0,0.0,0.0,1.0,1.0,0.0,0.0,0.0,1.0,2.0,1.0,3.0,2.0,7.0,1.0,1.0,5.0,7.0,15.0,4.0,0.0,0.0,0.0,0.0,0.0,0.0,0.0,0.0,0.0,0.0,0.0,0.0,0.0,4.0,2.0,0.0,0.0,0.0,1.0,2.0,1.0,5.0,2.0,10.0,1.0,1.0,9.0,8.0,18.0,5.0
322,1.0,322.0,London_303,cons,151,453,1092.0,70.0,2.0,181653.0,1.079668811056763,858.0,144.0,2.0,142.0,247.0,18.0,229.0,80.0,136.0,160.0,6.0,92.0,12.0,34.0,3.0,10.0,17.0,80.0,140.0,216.0,205.0,7.0,1.0,4.0,0.0,1.0,0.0,1.0,0.0,0.0,87.0,0.0,27.0,7.0,40.0,3.0,7.0,0.0,3.0,1.0,86.0,0.0,0.0,0.0,0.0,0.0,0.0,0.0,0.0,0.0,0.0,0.0,0.0,0.0,2.0,1.0,0.0,0.0,0.0,1.0,1.0,6.0,2.0,5.0,5.0,9.0,3.0,4.0,17.0,15.0,8.0,0.0,0.0,0.0,0.0,0.0,0.0,0.0,0.0,0.0,0.0,0.0,0.0,0.0,6.0,1.0,0.0,0.0,0.0,1.0,1.0,6.0,2.0,5.0,5.0,11.0,3.0,6.0,22.0,17.0,12.0
323,1.0,323.0,London_303,cons,151,453,1092.0,70.0,2.0,148584.0,0.9224537718109787,785.0,87.0,3.0,84.0,170.0,24.0,146.0,122.0,131.0,160.0,12.0,95.0,10.0,30.0,4.0,11.0,16.0,74.0,140.0,223.0,203.0,0.0,0.0,0.0,0.0,0.0,0.0,0.0,0.0,0.0,36.0,0.0,11.0,1.0,18.0,0.0,3.0,0.0,3.0,3.0,33.0,0.0,0.0,0.0,0.0,0.0,0.0,0.0,0.0,0.0,0.0,0.0,1.0,0.0,1.0,2.0,0.0,0.0,0.0,3.0,1.0,0.0,2.0,3.0,10.0,3.0,7.0,5.0,13.0,12.0,10.0,0.0,0.0,0.0,0.0,0.0,0.0,0.0,0.0,0.0,0.0,0.0,1.0,0.0,1.0,4.0,0.0,0.0,0.0,4.0,1.0,0.0,2.0,3.0,12.0,4.0,8.0,7.0,16.0,18.0,10.0
324,1.0,324.0,London_303,cons,151,453,1092.0,70.0,2.0,140430.0,0.8600289500318468,767.0,101.0,0.0,101.0,181.0,0.0,181.0,100.0,133.0,158.0,12.0,89.0,12.0,33.0,4.0,12.0,16.0,75.0,141.0,221.0,205.0,5.0,1.0,3.0,0.0,0.0,0.0,1.0,0.0,0.0,55.0,0.0,19.0,3.0,26.0,3.0,3.0,0.0,1.0,0.0,55.0,0.0,0.0,0.0,0.0,0.0,0.0,0.0,0.0,0.0,0.0,0.0,0.0,0.0,0.0,0.0,0.0,0.0,0.0,3.0,1.0,3.0,1.0,4.0,4.0,7.0,4.0,4.0,14.0,11.0,6.0,0.0,0.0,0.0,0.0,0.0,0.0,0.0,0.0,0.0,0.0,0.0,0.0,0.0,0.0,0.0,0.0,0.0,0.0,3.0,1.0,3.0,1.0,4.0,4.0,9.0,4.0,5.0,19.0,15.0,7.0
325,1.0,325.0,London_303,cons,151,453,1092.0,70.0,2.0,126387.0,0.7518389150500298,736.0,119.0,0.0,119.0,216.0,0.0,216.0,95.0,126.0,160.0,6.0,99.0,8.0,36.0,5.0,13.0,17.0,73.0,145.0,218.0,209.0,5.0,0.0,3.0,0.0,2.0,0.0,0.0,0.0,0.0,73.0,1.0,38.0,9.0,18.0,0.0,3.0,0.0,4.0,0.0,73.0,0.0,0.0,0.0,0.0,0.0,0.0,0.0,0.0,0.0,0.0,0.0,0.0,0.0,0.0,0.0,0.0,0.0,0.0,2.0,2.0,4.0,0.0,5.0,2.0,2.0,3.0,6.0,10.0,11.0,8.0,0.0,0.0,0.0,0.0,0.0,0.0,0.0,0.0,0.0,0.0,0.0,0.0,0.0,0.0,0.0,0.0,0.0,0.0,3.0,2.0,4.0,0.0,5.0,3.0,2.0,3.0,6.0,12.0,14.0,10.0
326,1.0,326.0,London_303,cons,151,453,1092.0,70.0,2.0,98754.0,0.8984795426949859,675.0,41.0,0.0,41.0,71.0,0.0,71.0,95.0,123.0,167.0,8.0,88.0,8.0,40.0,5.0,14.0,18.0,77.0,150.0,208.0,212.0,2.0,0.0,0.0,0.0,1.0,0.0,1.0,0.0,0.0,13.0,0.0,5.0,1.0,6.0,0.0,0.0,0.0,1.0,0.0,13.0,0.0,0.0,0.0,0.0,0.0,0.0,0.0,0.0,0.0,0.0,0.0,0.0,0.0,0.0,0.0,0.0,0.0,0.0,3.0,1.0,2.0,0.0,2.0,3.0,2.0,1.0,2.0,7.0,10.0,6.0,0.0,0.0,0.0,0.0,0.0,0.0,0.0,0.0,0.0,0.0,0.0,0.0,0.0,0.0,0.0,0.0,0.0,0.0,4.0,1.0,3.0,0.0,2.0,3.0,2.0,1.0,3.0,7.0,12.0,7.0
327,1.0,327.0,London_303,cons,151,453,1092.0,70.0,2.0,112344.0,0.5911756958812475,705.0,14.0,2.0,12.0,42.0,18.0,24.0,51.0,122.0,165.0,9.0,86.0,9.0,43.0,5.0,14.0,21.0,79.0,152.0,201.0,218.0,5.0,0.0,4.0,0.0,1.0,0.0,0.0,0.0,0.0,5.0,0.0,1.0,0.0,2.0,0.0,2.0,0.0,0.0,2.0,3.0,0.0,0.0,0.0,0.0,0.0,0.0,0.0,0.0,0.0,0.0,0.0,0.0,0.0,0.0,0.0,0.0,0.0,0.0,0.0,0.0,4.0,0.0,2.0,1.0,0.0,1.0,0.0,2.0,3.0,1.0,0.0,0.0,0.0,0.0,0.0,0.0,0.0,0.0,0.0,0.0,0.0,0.0,0.0,0.0,0.0,0.0,0.0,0.0,0.0,0.0,5.0,0.0,2.0,1.0,0.0,1.0,0.0,4.0,6.0,2.0
328,1.0,328.0,London_303,cons,151,453,1092.0,70.0,2.0,139524.0,0.948041214607656,765.0,74.0,0.0,74.0,133.0,0.0,133.0,33.0,124.0,162.0,11.0,86.0,6.0,43.0,5.0,16.0,17.0,80.0,157.0,199.0,211.0,1.0,0.0,0.0,0.0,1.0,0.0,0.0,0.0,0.0,41.0,0.0,10.0,4.0,22.0,2.0,0.0,1.0,2.0,0.0,41.0,0.0,0.0,0.0,0.0,0.0,0.0,0.0,0.0,0.0,0.0,0.0,0.0,0.0,0.0,0.0,0.0,0.0,0.0,2.0,2.0,3.0,0.0,1.0,8.0,4.0,2.0,3.0,7.0,9.0,5.0,0.0,0.0,0.0,0.0,0.0,0.0,0.0,0.0,0.0,0.0,0.0,0.0,0.0,0.0,0.0,0.0,0.0,0.0,3.0,2.0,4.0,0.0,1.0,10.0,6.0,2.0,3.0,9.0,10.0,8.0
329,1.0,329.0,London_303,cons,151,453,1092.0,70.0,2.0,144054.0,0.8649195767939091,775.0,106.0,2.0,104.0,203.0,17.0,186.0,68.0,121.0,173.0,11.0,82.0,6.0,40.0,6.0,14.0,18.0,83.0,153.0,199.0,212.0,6.0,0.0,5.0,0.0,0.0,0.0,1.0,0.0,0.0,59.0,0.0,21.0,6.0,23.0,0.0,7.0,1.0,1.0,2.0,57.0,0.0,0.0,0.0,0.0,0.0,0.0,0.0,0.0,0.0,0.0,0.0,0.0,0.0,0.0,0.0,0.0,0.0,0.0,1.0,1.0,3.0,0.0,7.0,5.0,5.0,0.0,10.0,15.0,16.0,11.0,0.0,0.0,0.0,0.0,0.0,0.0,0.0,0.0,0.0,0.0,0.0,0.0,0.0,0.0,0.0,0.0,0.0,0.0,2.0,2.0,3.0,0.0,7.0,7.0,5.0,0.0,10.0,23.0,17.0,11.0
330,1.0,330.0,London_303,cons,151,453,1092.0,70.0,2.0,126840.0,0.6752734971232712,737.0,33.0,2.0,31.0,78.0,21.0,57.0,102.0,122.0,168.0,3.0,99.0,6.0,34.0,4.0,17.0,21.0,82.0,138.0,212.0,214.0,3.0,1.0,1.0,0.0,1.0,0.0,0.0,0.0,0.0,5.0,0.0,0.0,1.0,0.0,1.0,2.0,0.0,1.0,2.0,3.0,0.0,0.0,0.0,0.0,0.0,0.0,0.0,0.0,0.0,0.0,0.0,0.0,1.0,0.0,1.0,0.0,0.0,0.0,4.0,2.0,1.0,0.0,3.0,4.0,4.0,4.0,7.0,6.0,9.0,5.0,0.0,0.0,0.0,0.0,0.0,0.0,0.0,0.0,0.0,0.0,0.0,0.0,1.0,0.0,1.0,0.0,0.0,0.0,5.0,2.0,1.0,0.0,4.0,4.0,5.0,5.0,8.0,10.0,12.0,6.0
331,1.0,331.0,London_303,cons,151,453,1092.0,70.0,2.0,153567.0,0.8840237339027226,796.0,67.0,2.0,65.0,135.0,17.0,118.0,57.0,128.0,167.0,7.0,88.0,6.0,36.0,5.0,16.0,23.0,86.0,141.0,203.0,219.0,3.0,1.0,1.0,0.0,1.0,0.0,0.0,0.0,0.0,33.0,0.0,10.0,1.0,17.0,1.0,3.0,1.0,0.0,1.0,32.0,0.0,0.0,0.0,0.0,0.0,0.0,0.0,0.0,0.0,0.0,0.0,0.0,0.0,0.0,1.0,0.0,0.0,0.0,2.0,0.0,2.0,1.0,4.0,1.0,3.0,7.0,5.0,10.0,10.0,12.0,0.0,0.0,0.0,0.0,0.0,0.0,0.0,0.0,0.0,0.0,0.0,0.0,0.0,0.0,4.0,0.0,0.0,0.0,4.0,0.0,2.0,2.0,4.0,1.0,6.0,9.0,7.0,16.0,17.0,16.0
332,1.0,332.0,London_303,cons,151,453,1092.0,70.0,2.0,169875.0,0.9223707751370966,832.0,86.0,0.0,86.0,144.0,0.0,144.0,88.0,140.0,164.0,9.0,74.0,8.0,37.0,5.0,16.0,19.0,84.0,131.0,219.0,212.0,4.0,1.0,2.0,0.0,0.0,0.0,1.0,0.0,0.0,48.0,0.0,15.0,1.0,17.0,0.0,8.0,2.0,5.0,0.0,48.0,0.0,0.0,0.0,0.0,0.0,0.0,0.0,0.0,0.0,0.0,0.0,0.0,0.0,0.0,0.0,0.0,0.0,0.0,1.0,4.0,2.0,1.0,3.0,7.0,5.0,5.0,7.0,8.0,14.0,9.0,0.0,0.0,0.0,0.0,0.0,0.0,0.0,0.0,0.0,0.0,0.0,0.0,0.0,0.0,0.0,0.0,0.0,0.0,1.0,5.0,2.0,2.0,3.0,8.0,5.0,6.0,8.0,12.0,14.0,9.0
333,1.0,333.0,London_303,cons,151,453,1092.0,70.0,2.0,169875.0,0.8992960648611188,832.0,109.0,0.0,109.0,190.0,0.0,190.0,83.0,143.0,165.0,11.0,71.0,8.0,32.0,5.0,18.0,19.0,87.0,142.0,205.0,213.0,8.0,3.0,4.0,0.0,1.0,0.0,0.0,0.0,0.0,69.0,0.0,30.0,8.0,25.0,0.0,2.0,0.0,4.0,0.0,69.0,0.0,0.0,0.0,0.0,0.0,0.0,0.0,0.0,0.0,0.0,0.0,0.0,0.0,0.0,0.0,0.0,0.0,0.0,1.0,3.0,5.0,1.0,1.0,2.0,3.0,0.0,6.0,15.0,11.0,8.0,0.0,0.0,0.0,0.0,0.0,0.0,0.0,0.0,0.0,0.0,0.0,0.0,0.0,0.0,0.0,0.0,0.0,0.0,1.0,4.0,5.0,2.0,1.0,2.0,3.0,0.0,8.0,22.0,14.0,11.0
334,1.0,334.0,London_303,cons,151,453,1092.0,70.0,2.0,157644.0,0.87198206782341,805.0,76.0,0.0,76.0,131.0,0.0,131.0,82.0,148.0,165.0,11.0,71.0,8.0,28.0,5.0,17.0,19.0,80.0,155.0,199.0,213.0,5.0,1.0,2.0,0.0,0.0,0.0,0.0,1.0,1.0,44.0,0.0,10.0,7.0,23.0,1.0,1.0,0.0,2.0,0.0,44.0,0.0,0.0,0.0,0.0,0.0,0.0,0.0,0.0,0.0,0.0,0.0,0.0,0.0,0.0,0.0,0.0,0.0,0.0,1.0,6.0,3.0,0.0,3.0,3.0,3.0,1.0,8.0,11.0,9.0,6.0,0.0,0.0,0.0,0.0,0.0,0.0,0.0,0.0,0.0,0.0,0.0,0.0,0.0,0.0,0.0,0.0,0.0,0.0,1.0,8.0,4.0,0.0,3.0,4.0,3.0,1.0,11.0,14.0,12.0,6.0
335,1.0,335.0,London_303,cons,151,453,1092.0,70.0,2.0,163080.0,1.2165288492105901,817.0,98.0,0.0,98.0,173.0,0.0,173.0,73.0,135.0,171.0,13.0,81.0,0.0,34.0,4.0,15.0,19.0,78.0,160.0,196.0,212.0,2.0,2.0,0.0,0.0,0.0,0.0,0.0,0.0,0.0,64.0,3.0,16.0,9.0,25.0,2.0,5.0,1.0,3.0,0.0,64.0,0.0,0.0,0.0,0.0,0.0,0.0,0.0,0.0,0.0,0.0,0.0,0.0,0.0,0.0,0.0,0.0,0.0,0.0,3.0,1.0,2.0,2.0,3.0,4.0,5.0,6.0,5.0,11.0,7.0,6.0,0.0,0.0,0.0,0.0,0.0,0.0,0.0,0.0,0.0,0.0,0.0,0.0,0.0,0.0,0.0,0.0,0.0,0.0,3.0,1.0,2.0,2.0,3.0,4.0,5.0,6.0,5.0,12.0,7.0,7.0
336,1.0,336.0,London_303,cons,151,453,1092.0,70.0,2.0,151755.0,0.943329397123307,792.0,69.0,1.0,68.0,132.0,9.0,123.0,79.0,129.0,178.0,13.0,81.0,1.0,33.0,3.0,15.0,22.0,74.0,152.0,205.0,215.0,0.0,0.0,0.0,0.0,0.0,0.0,0.0,0.0,0.0,35.0,0.0,13.0,1.0,18.0,0.0,1.0,2.0,0.0,1.0,34.0,0.0,0.0,0.0,0.0,0.0,0.0,0.0,0.0,0.0,0.0,0.0,0.0,1.0,0.0,0.0,0.0,0.0,0.0,5.0,3.0,1.0,1.0,4.0,2.0,4.0,0.0,2.0,10.0,12.0,10.0,0.0,0.0,0.0,0.0,0.0,0.0,0.0,0.0,0.0,0.0,0.0,0.0,3.0,0.0,0.0,0.0,0.0,0.0,5.0,3.0,1.0,1.0,4.0,2.0,7.0,0.0,2.0,11.0,20.0,12.0
337,1.0,337.0,London_303,cons,151,453,1092.0,70.0,2.0,152661.0,0.8736977372318506,794.0,143.0,2.0,141.0,246.0,19.0,227.0,76.0,131.0,162.0,12.0,88.0,9.0,34.0,1.0,16.0,23.0,78.0,150.0,202.0,224.0,3.0,0.0,2.0,0.0,0.0,0.0,0.0,0.0,1.0,86.0,1.0,23.0,5.0,44.0,0.0,9.0,0.0,4.0,2.0,84.0,0.0,0.0,0.0,0.0,0.0,0.0,0.0,0.0,0.0,0.0,0.0,0.0,0.0,0.0,1.0,0.0,0.0,0.0,6.0,3.0,0.0,1.0,5.0,5.0,7.0,4.0,4.0,13.0,15.0,18.0,0.0,0.0,0.0,0.0,0.0,0.0,0.0,0.0,0.0,0.0,0.0,0.0,0.0,0.0,1.0,0.0,0.0,0.0,6.0,3.0,0.0,1.0,5.0,8.0,7.0,4.0,4.0,18.0,21.0,19.0
338,1.0,338.0,London_303,cons,151,453,1092.0,70.0,2.0,117327.0,0.6581014101393521,716.0,50.0,2.0,48.0,103.0,18.0,85.0,105.0,127.0,168.0,13.0,92.0,6.0,32.0,0.0,15.0,23.0,85.0,143.0,202.0,226.0,6.0,2.0,1.0,0.0,2.0,0.0,1.0,0.0,0.0,19.0,1.0,6.0,0.0,7.0,0.0,4.0,0.0,1.0,2.0,17.0,0.0,0.0,0.0,0.0,0.0,0.0,0.0,0.0,0.0,0.0,0.0,0.0,0.0,0.0,2.0,0.0,0.0,0.0,2.0,5.0,2.0,1.0,0.0,6.0,3.0,3.0,5.0,4.0,8.0,8.0,0.0,0.0,0.0,0.0,0.0,0.0,0.0,0.0,0.0,0.0,0.0,0.0,0.0,0.0,5.0,0.0,0.0,0.0,2.0,7.0,2.0,1.0,0.0,6.0,4.0,4.0,5.0,5.0,14.0,10.0
339,1.0,339.0,London_303,cons,151,453,1092.0,70.0,2.0,134088.0,0.7081564948894083,753.0,47.0,1.0,46.0,83.0,9.0,74.0,78.0,125.0,167.0,19.0,95.0,2.0,30.0,1.0,14.0,24.0,90.0,138.0,201.0,226.0,0.0,0.0,0.0,0.0,0.0,0.0,0.0,0.0,0.0,11.0,0.0,5.0,1.0,0.0,2.0,1.0,0.0,2.0,0.0,11.0,0.0,0.0,0.0,0.0,0.0,0.0,0.0,0.0,0.0,0.0,0.0,0.0,0.0,0.0,1.0,0.0,0.0,0.0,3.0,3.0,3.0,0.0,1.0,7.0,2.0,3.0,4.0,9.0,12.0,7.0,0.0,0.0,0.0,0.0,0.0,0.0,0.0,0.0,0.0,0.0,0.0,0.0,0.0,0.0,2.0,0.0,0.0,0.0,3.0,4.0,3.0,0.0,1.0,8.0,4.0,4.0,5.0,13.0,18.0,8.0
340,1.0,340.0,London_303,cons,151,453,1092.0,70.0,2.0,158550.0,1.0870191380381584,807.0,59.0,0.0,59.0,96.0,0.0,96.0,68.0,124.0,167.0,22.0,89.0,2.0,32.0,2.0,15.0,21.0,96.0,145.0,191.0,218.0,5.0,1.0,2.0,0.0,2.0,0.0,0.0,0.0,0.0,23.0,0.0,8.0,2.0,10.0,3.0,0.0,0.0,0.0,0.0,23.0,0.0,0.0,0.0,0.0,0.0,0.0,0.0,0.0,0.0,0.0,0.0,0.0,0.0,0.0,0.0,0.0,0.0,0.0,2.0,1.0,4.0,2.0,1.0,1.0,4.0,4.0,2.0,6.0,11.0,7.0,0.0,0.0,0.0,0.0,0.0,0.0,0.0,0.0,0.0,0.0,0.0,0.0,0.0,0.0,0.0,0.0,0.0,0.0,2.0,1.0,5.0,2.0,1.0,1.0,4.0,4.0,2.0,8.0,11.0,7.0
341,1.0,341.0,London_303,cons,151,453,1092.0,70.0,2.0,170781.0,1.0789107829332352,834.0,148.0,0.0,148.0,255.0,0.0,255.0,62.0,122.0,169.0,24.0,79.0,6.0,33.0,4.0,16.0,20.0,91.0,147.0,195.0,217.0,10.0,2.0,5.0,0.0,2.0,0.0,1.0,0.0,0.0,93.0,3.0,36.0,1.0,40.0,3.0,8.0,0.0,2.0,0.0,93.0,0.0,0.0,0.0,0.0,0.0,0.0,0.0,0.0,0.0,0.0,0.0,0.0,0.0,0.0,0.0,0.0,0.0,0.0,4.0,5.0,0.0,2.0,6.0,9.0,2.0,2.0,3.0,8.0,16.0,18.0,0.0,0.0,0.0,0.0,0.0,0.0,0.0,0.0,0.0,0.0,0.0,0.0,0.0,0.0,0.0,0.0,0.0,0.0,5.0,5.0,0.0,3.0,6.0,10.0,2.0,2.0,3.0,10.0,22.0,23.0
342,1.0,342.0,London_303,cons,151,453,1092.0,70.0,2.0,147678.0,1.2098602429032326,783.0,80.0,0.0,80.0,139.0,0.0,139.0,109.0,109.0,175.0,29.0,77.0,6.0,32.0,6.0,19.0,25.0,86.0,147.0,195.0,219.0,4.0,0.0,3.0,0.0,1.0,0.0,0.0,0.0,0.0,44.0,1.0,14.0,0.0,20.0,1.0,6.0,0.0,2.0,0.0,44.0,0.0,0.0,0.0,0.0,0.0,0.0,0.0,0.0,0.0,0.0,0.0,0.0,0.0,0.0,0.0,0.0,0.0,0.0,0.0,5.0,0.0,1.0,4.0,5.0,5.0,3.0,4.0,8.0,6.0,10.0,0.0,0.0,0.0,0.0,0.0,0.0,0.0,0.0,0.0,0.0,0.0,0.0,0.0,0.0,0.0,0.0,0.0,0.0,0.0,6.0,0.0,2.0,4.0,5.0,9.0,3.0,6.0,12.0,8.0,13.0
343,1.0,343.0,London_303,cons,151,453,1092.0,70.0,2.0,148131.0,1.003174003213644,784.0,18.0,0.0,18.0,31.0,0.0,31.0,70.0,114.0,166.0,28.0,78.0,8.0,34.0,8.0,17.0,26.0,81.0,155.0,191.0,219.0,5.0,0.0,4.0,0.0,0.0,0.0,1.0,0.0,0.0,2.0,0.0,1.0,0.0,1.0,0.0,0.0,0.0,0.0,0.0,2.0,0.0,0.0,0.0,0.0,0.0,0.0,0.0,0.0,0.0,0.0,0.0,0.0,0.0,0.0,0.0,0.0,0.0,0.0,0.0,1.0,1.0,0.0,0.0,1.0,4.0,0.0,2.0,5.0,5.0,4.0,0.0,0.0,0.0,0.0,0.0,0.0,0.0,0.0,0.0,0.0,0.0,0.0,0.0,0.0,0.0,0.0,0.0,0.0,0.0,1.0,1.0,0.0,0.0,1.0,4.0,0.0,2.0,8.0,6.0,5.0
344,1.0,344.0,London_303,cons,151,453,1092.0,70.0,2.0,183012.0,1.0600354271009564,861.0,95.0,2.0,93.0,172.0,17.0,155.0,33.0,113.0,166.0,22.0,77.0,8.0,40.0,9.0,18.0,26.0,81.0,156.0,190.0,215.0,11.0,4.0,6.0,0.0,0.0,0.0,1.0,0.0,0.0,52.0,1.0,18.0,2.0,23.0,0.0,5.0,0.0,3.0,1.0,51.0,0.0,0.0,0.0,0.0,0.0,0.0,0.0,0.0,0.0,0.0,0.0,0.0,0.0,1.0,1.0,0.0,0.0,0.0,2.0,5.0,3.0,2.0,3.0,5.0,2.0,6.0,3.0,11.0,12.0,10.0,0.0,0.0,0.0,0.0,0.0,0.0,0.0,0.0,0.0,0.0,0.0,0.0,0.0,1.0,2.0,0.0,0.0,0.0,2.0,5.0,3.0,2.0,3.0,6.0,4.0,6.0,3.0,15.0,15.0,12.0
345,1.0,345.0,London_303,cons,151,453,1092.0,70.0,2.0,175311.0,1.0965682892128825,844.0,87.0,0.0,87.0,152.0,0.0,152.0,107.0,116.0,171.0,16.0,85.0,5.0,32.0,9.0,19.0,25.0,83.0,148.0,197.0,205.0,9.0,0.0,6.0,0.0,1.0,0.0,1.0,0.0,1.0,35.0,0.0,15.0,0.0,15.0,0.0,3.0,0.0,2.0,0.0,35.0,0.0,0.0,0.0,0.0,0.0,0.0,0.0,0.0,0.0,0.0,0.0,0.0,0.0,0.0,0.0,0.0,0.0,0.0,5.0,1.0,2.0,2.0,3.0,8.0,7.0,11.0,5.0,14.0,14.0,14.0,0.0,0.0,0.0,0.0,0.0,0.0,0.0,0.0,0.0,0.0,0.0,0.0,0.0,0.0,0.0,0.0,0.0,0.0,5.0,1.0,2.0,3.0,4.0,11.0,8.0,13.0,6.0,19.0,16.0,16.0
346,1.0,346.0,London_303,cons,151,453,1092.0,70.0,2.0,173499.0,0.9564099600538611,840.0,160.0,0.0,160.0,269.0,0.0,269.0,109.0,121.0,169.0,16.0,86.0,4.0,26.0,13.0,18.0,27.0,83.0,160.0,183.0,211.0,6.0,1.0,2.0,0.0,2.0,0.0,0.0,0.0,1.0,96.0,1.0,38.0,6.0,43.0,0.0,6.0,0.0,2.0,0.0,96.0,0.0,0.0,0.0,0.0,0.0,0.0,0.0,0.0,0.0,0.0,0.0,0.0,0.0,0.0,0.0,0.0,0.0,0.0,0.0,1.0,3.0,2.0,7.0,3.0,1.0,4.0,8.0,17.0,19.0,13.0,0.0,0.0,0.0,0.0,0.0,0.0,0.0,0.0,0.0,0.0,0.0,0.0,0.0,0.0,0.0,0.0,0.0,0.0,0.0,1.0,3.0,2.0,7.0,4.0,1.0,4.0,10.0,22.0,24.0,15.0
347,1.0,347.0,London_303,cons,151,453,1092.0,70.0,2.0,137712.0,0.8064120439812541,761.0,43.0,1.0,42.0,86.0,8.0,78.0,127.0,112.0,172.0,20.0,88.0,4.0,31.0,9.0,17.0,29.0,80.0,155.0,189.0,210.0,0.0,0.0,0.0,0.0,0.0,0.0,0.0,0.0,0.0,10.0,0.0,2.0,2.0,2.0,1.0,3.0,0.0,0.0,0.0,10.0,0.0,0.0,0.0,0.0,0.0,0.0,0.0,0.0,0.0,0.0,0.0,0.0,1.0,0.0,0.0,0.0,0.0,0.0,2.0,2.0,0.0,0.0,1.0,4.0,3.0,3.0,6.0,4.0,9.0,8.0,0.0,0.0,0.0,0.0,0.0,0.0,0.0,0.0,0.0,0.0,0.0,0.0,7.0,0.0,0.0,0.0,0.0,0.0,3.0,3.0,0.0,0.0,1.0,6.0,5.0,4.0,9.0,5.0,16.0,9.0
348,1.0,348.0,London_303,cons,151,453,1092.0,70.0,2.0,153567.0,0.9704960468225181,796.0,159.0,2.0,157.0,322.0,17.0,305.0,72.0,113.0,158.0,18.0,99.0,7.0,30.0,9.0,19.0,30.0,76.0,162.0,185.0,204.0,7.0,2.0,4.0,0.0,0.0,0.0,1.0,0.0,0.0,102.0,0.0,46.0,3.0,39.0,0.0,11.0,0.0,3.0,1.0,101.0,0.0,0.0,0.0,0.0,0.0,0.0,0.0,0.0,0.0,0.0,0.0,0.0,0.0,1.0,1.0,0.0,0.0,0.0,5.0,3.0,5.0,0.0,3.0,7.0,5.0,7.0,5.0,18.0,16.0,19.0,0.0,0.0,0.0,0.0,0.0,0.0,0.0,0.0,0.0,0.0,0.0,0.0,0.0,6.0,3.0,0.0,0.0,0.0,7.0,3.0,5.0,0.0,3.0,8.0,7.0,9.0,7.0,27.0,22.0,23.0
349,1.0,349.0,London_303,cons,151,453,1092.0,70.0,2.0,104643.0,0.5395231018774211,688.0,8.0,2.0,6.0,28.0,18.0,10.0,153.0,112.0,170.0,18.0,86.0,9.0,30.0,9.0,19.0,20.0,75.0,151.0,207.0,191.0,4.0,1.0,1.0,0.0,0.0,0.0,1.0,0.0,1.0,1.0,0.0,0.0,0.0,0.0,0.0,1.0,0.0,0.0,1.0,0.0,0.0,0.0,0.0,0.0,0.0,0.0,0.0,0.0,0.0,0.0,0.0,0.0,0.0,1.0,1.0,0.0,0.0,0.0,0.0,0.0,0.0,0.0,0.0,0.0,2.0,1.0,1.0,1.0,0.0,1.0,0.0,0.0,0.0,0.0,0.0,0.0,0.0,0.0,0.0,0.0,0.0,0.0,0.0,3.0,8.0,0.0,0.0,0.0,0.0,0.0,0.0,0.0,0.0,0.0,4.0,1.0,1.0,1.0,0.0,1.0
350,1.0,350.0,London_303,cons,151,453,1092.0,70.0,2.0,131823.0,0.7924506338313222,748.0,102.0,0.0,102.0,182.0,0.0,182.0,26.0,115.0,166.0,19.0,88.0,9.0,31.0,9.0,16.0,17.0,73.0,151.0,212.0,178.0,4.0,0.0,2.0,0.0,2.0,0.0,0.0,0.0,0.0,51.0,3.0,11.0,2.0,27.0,0.0,5.0,0.0,3.0,0.0,51.0,0.0,0.0,0.0,0.0,0.0,0.0,0.0,0.0,0.0,0.0,0.0,0.0,0.0,0.0,0.0,0.0,0.0,0.0,2.0,4.0,5.0,0.0,2.0,4.0,11.0,2.0,6.0,13.0,17.0,14.0,0.0,0.0,0.0,0.0,0.0,0.0,0.0,0.0,0.0,0.0,0.0,0.0,0.0,0.0,0.0,0.0,0.0,0.0,2.0,5.0,5.0,0.0,3.0,4.0,13.0,2.0,7.0,21.0,25.0,14.0
351,1.0,351.0,London_303,cons,151,453,1092.0,70.0,2.0,119139.0,0.7239183532074094,720.0,2.0,2.0,0.0,22.0,22.0,0.0,111.0,119.0,167.0,13.0,82.0,11.0,32.0,11.0,18.0,17.0,77.0,147.0,212.0,174.0,1.0,0.0,1.0,0.0,0.0,0.0,0.0,0.0,0.0,2.0,0.0,2.0,0.0,0.0,0.0,0.0,0.0,0.0,2.0,0.0,0.0,0.0,0.0,0.0,0.0,0.0,0.0,0.0,0.0,0.0,0.0,1.0,0.0,0.0,0.0,0.0,0.0,0.0,0.0,0.0,0.0,0.0,0.0,0.0,0.0,0.0,0.0,0.0,0.0,0.0,0.0,0.0,0.0,0.0,0.0,0.0,0.0,0.0,0.0,0.0,0.0,2.0,0.0,0.0,0.0,0.0,0.0,0.0,0.0,0.0,0.0,0.0,0.0,0.0,0.0,0.0,0.0,0.0,0.0,0.0
352,1.0,352.0,London_303,cons,151,453,1092.0,70.0,2.0,155832.0,1.0022978726774454,801.0,27.0,0.0,27.0,46.0,0.0,46.0,8.0,121.0,161.0,14.0,85.0,11.0,32.0,11.0,18.0,15.0,78.0,145.0,215.0,172.0,3.0,2.0,1.0,0.0,0.0,0.0,0.0,0.0,0.0,3.0,0.0,0.0,0.0,1.0,0.0,2.0,0.0,0.0,0.0,3.0,0.0,0.0,0.0,0.0,0.0,0.0,0.0,0.0,0.0,0.0,0.0,0.0,0.0,0.0,0.0,0.0,0.0,0.0,2.0,1.0,0.0,1.0,2.0,1.0,4.0,2.0,4.0,7.0,4.0,6.0,0.0,0.0,0.0,0.0,0.0,0.0,0.0,0.0,0.0,0.0,0.0,0.0,0.0,0.0,0.0,0.0,0.0,0.0,2.0,2.0,0.0,2.0,2.0,2.0,4.0,2.0,5.0,8.0,7.0,9.0
353,1.0,353.0,London_303,cons,151,453,1092.0,70.0,2.0,191619.0,1.0947857010178268,880.0,155.0,0.0,155.0,275.0,0.0,275.0,46.0,123.0,160.0,19.0,78.0,9.0,35.0,11.0,18.0,14.0,81.0,150.0,208.0,174.0,3.0,0.0,2.0,0.0,1.0,0.0,0.0,0.0,0.0,82.0,2.0,16.0,6.0,49.0,0.0,5.0,0.0,4.0,0.0,82.0,0.0,0.0,0.0,0.0,0.0,0.0,0.0,0.0,0.0,0.0,0.0,0.0,0.0,0.0,0.0,0.0,0.0,0.0,3.0,7.0,1.0,2.0,4.0,7.0,4.0,5.0,9.0,15.0,16.0,12.0,0.0,0.0,0.0,0.0,0.0,0.0,0.0,0.0,0.0,0.0,0.0,0.0,0.0,0.0,0.0,0.0,0.0,0.0,3.0,7.0,1.0,3.0,4.0,9.0,5.0,5.0,9.0,20.0,24.0,15.0
354,1.0,354.0,London_303,cons,151,453,1092.0,70.0,2.0,175311.0,1.0612098132260144,844.0,138.0,2.0,136.0,249.0,19.0,230.0,131.0,123.0,143.0,19.0,90.0,11.0,36.0,11.0,20.0,18.0,83.0,145.0,207.0,184.0,3.0,2.0,0.0,0.0,1.0,0.0,0.0,0.0,0.0,84.0,1.0,41.0,1.0,35.0,0.0,3.0,0.0,3.0,2.0,82.0,0.0,0.0,0.0,0.0,0.0,0.0,0.0,0.0,0.0,0.0,0.0,0.0,1.0,0.0,2.0,0.0,0.0,0.0,0.0,3.0,3.0,3.0,5.0,5.0,5.0,2.0,4.0,12.0,17.0,6.0,0.0,0.0,0.0,0.0,0.0,0.0,0.0,0.0,0.0,0.0,0.0,0.0,2.0,0.0,2.0,0.0,0.0,0.0,0.0,3.0,3.0,5.0,5.0,5.0,7.0,3.0,4.0,17.0,22.0,7.0
355,1.0,355.0,London_303,cons,151,453,1092.0,70.0,2.0,149943.0,0.936069228220731,788.0,43.0,2.0,41.0,85.0,17.0,68.0,108.0,126.0,146.0,29.0,78.0,10.0,38.0,9.0,17.0,18.0,81.0,148.0,206.0,182.0,2.0,1.0,0.0,0.0,1.0,0.0,0.0,0.0,0.0,12.0,0.0,6.0,0.0,5.0,0.0,1.0,0.0,0.0,2.0,10.0,0.0,0.0,0.0,0.0,0.0,0.0,0.0,0.0,0.0,0.0,0.0,1.0,0.0,1.0,2.0,0.0,0.0,0.0,2.0,0.0,0.0,0.0,0.0,3.0,3.0,2.0,2.0,7.0,7.0,9.0,0.0,0.0,0.0,0.0,0.0,0.0,0.0,0.0,0.0,0.0,0.0,1.0,0.0,7.0,4.0,0.0,0.0,0.0,2.0,0.0,0.0,0.0,0.0,3.0,4.0,4.0,2.0,9.0,11.0,11.0
356,1.0,356.0,London_303,cons,151,453,1092.0,70.0,2.0,174405.0,1.074821030255407,842.0,118.0,0.0,118.0,200.0,0.0,200.0,66.0,124.0,145.0,32.0,77.0,7.0,40.0,9.0,19.0,17.0,83.0,145.0,208.0,185.0,5.0,0.0,4.0,0.0,0.0,0.0,0.0,0.0,1.0,66.0,0.0,26.0,0.0,33.0,1.0,4.0,0.0,2.0,0.0,66.0,0.0,0.0,0.0,0.0,0.0,0.0,0.0,0.0,0.0,0.0,0.0,0.0,0.0,0.0,0.0,0.0,0.0,0.0,3.0,2.0,3.0,0.0,3.0,4.0,3.0,4.0,6.0,10.0,16.0,16.0,0.0,0.0,0.0,0.0,0.0,0.0,0.0,0.0,0.0,0.0,0.0,0.0,0.0,0.0,0.0,0.0,0.0,0.0,3.0,2.0,4.0,0.0,3.0,5.0,4.0,4.0,6.0,11.0,23.0,19.0
357,1.0,357.0,London_303,cons,151,453,1092.0,70.0,2.0,173046.0,1.1181379510089755,839.0,83.0,0.0,83.0,149.0,0.0,149.0,104.0,128.0,133.0,29.0,89.0,12.0,36.0,8.0,18.0,17.0,86.0,147.0,203.0,187.0,10.0,1.0,5.0,0.0,3.0,0.0,0.0,0.0,1.0,41.0,0.0,12.0,1.0,22.0,0.0,3.0,0.0,3.0,0.0,41.0,0.0,0.0,0.0,0.0,0.0,0.0,0.0,0.0,0.0,0.0,0.0,0.0,0.0,0.0,0.0,0.0,0.0,0.0,3.0,2.0,3.0,1.0,6.0,7.0,5.0,3.0,1.0,12.0,18.0,6.0,0.0,0.0,0.0,0.0,0.0,0.0,0.0,0.0,0.0,0.0,0.0,0.0,0.0,0.0,0.0,0.0,0.0,0.0,3.0,2.0,3.0,1.0,6.0,8.0,5.0,4.0,1.0,18.0,23.0,8.0
358,1.0,358.0,London_303,cons,151,453,1092.0,70.0,2.0,170781.0,1.0135906981304288,834.0,14.0,0.0,14.0,29.0,0.0,29.0,95.0,125.0,141.0,26.0,90.0,10.0,36.0,9.0,16.0,19.0,86.0,156.0,192.0,190.0,5.0,0.0,3.0,0.0,1.0,0.0,1.0,0.0,0.0,2.0,0.0,0.0,0.0,0.0,0.0,1.0,0.0,1.0,0.0,2.0,0.0,0.0,0.0,0.0,0.0,0.0,0.0,0.0,0.0,0.0,0.0,0.0,0.0,0.0,0.0,0.0,0.0,0.0,0.0,2.0,2.0,0.0,0.0,1.0,3.0,0.0,4.0,5.0,3.0,2.0,0.0,0.0,0.0,0.0,0.0,0.0,0.0,0.0,0.0,0.0,0.0,0.0,0.0,0.0,0.0,0.0,0.0,0.0,0.0,2.0,2.0,0.0,0.0,1.0,4.0,0.0,6.0,8.0,4.0,2.0
359,1.0,359.0,London_303,cons,151,453,1092.0,70.0,2.0,201585.0,1.8369826120324433,902.0,176.0,2.0,174.0,310.0,19.0,291.0,29.0,127.0,140.0,23.0,98.0,10.0,30.0,9.0,16.0,19.0,90.0,152.0,192.0,186.0,3.0,0.0,2.0,0.0,0.0,0.0,0.0,0.0,1.0,108.0,0.0,47.0,2.0,47.0,3.0,5.0,0.0,4.0,1.0,107.0,0.0,0.0,0.0,0.0,0.0,0.0,0.0,0.0,0.0,0.0,0.0,0.0,0.0,0.0,1.0,0.0,0.0,0.0,2.0,0.0,1.0,1.0,4.0,5.0,5.0,8.0,3.0,10.0,11.0,15.0,0.0,0.0,0.0,0.0,0.0,0.0,0.0,0.0,0.0,0.0,0.0,0.0,0.0,0.0,4.0,0.0,0.0,0.0,2.0,0.0,1.0,2.0,4.0,7.0,6.0,10.0,4.0,14.0,16.0,17.0
360,1.0,360.0,London_303,cons,151,453,1092.0,70.0,2.0,154926.0,0.9748500888235867,799.0,170.0,2.0,168.0,304.0,18.0,286.0,141.0,129.0,147.0,15.0,97.0,9.0,30.0,7.0,19.0,21.0,91.0,153.0,188.0,184.0,8.0,3.0,3.0,0.0,0.0,0.0,1.0,0.0,1.0,112.0,1.0,52.0,4.0,41.0,1.0,10.0,0.0,3.0,2.0,110.0,0.0,0.0,0.0,0.0,0.0,0.0,0.0,0.0,0.0,0.0,0.0,1.0,0.0,1.0,0.0,0.0,0.0,0.0,1.0,4.0,1.0,1.0,4.0,5.0,4.0,3.0,1.0,10.0,22.0,14.0,0.0,0.0,0.0,0.0,0.0,0.0,0.0,0.0,0.0,0.0,0.0,1.0,0.0,3.0,0.0,0.0,0.0,0.0,1.0,5.0,1.0,1.0,4.0,5.0,5.0,3.0,1.0,12.0,32.0,16.0
361,1.0,361.0,London_303,cons,151,453,1092.0,70.0,2.0,106002.0,0.5156755088828504,691.0,9.0,2.0,7.0,25.0,15.0,10.0,123.0,136.0,155.0,8.0,92.0,9.0,29.0,7.0,17.0,21.0,82.0,162.0,188.0,193.0,4.0,1.0,3.0,0.0,0.0,0.0,0.0,0.0,0.0,4.0,0.0,0.0,2.0,1.0,1.0,0.0,0.0,0.0,2.0,2.0,0.0,0.0,0.0,0.0,0.0,0.0,0.0,0.0,0.0,0.0,0.0,1.0,1.0,0.0,0.0,0.0,0.0,0.0,1.0,1.0,0.0,0.0,0.0,0.0,0.0,0.0,1.0,2.0,1.0,2.0,0.0,0.0,0.0,0.0,0.0,0.0,0.0,0.0,0.0,0.0,0.0,2.0,1.0,0.0,0.0,0.0,0.0,0.0,1.0,1.0,0.0,0.0,0.0,0.0,0.0,0.0,1.0,3.0,1.0,2.0
362,1.0,362.0,London_303,cons,151,453,1092.0,70.0,2.0,134541.0,0.702161452267319,754.0,98.0,0.0,98.0,176.0,0.0,176.0,14.0,136.0,152.0,7.0,94.0,10.0,30.0,7.0,17.0,21.0,82.0,158.0,192.0,189.0,3.0,0.0,2.0,0.0,0.0,0.0,0.0,0.0,1.0,52.0,1.0,15.0,8.0,21.0,1.0,1.0,1.0,4.0,0.0,52.0,0.0,0.0,0.0,0.0,0.0,0.0,0.0,0.0,0.0,0.0,0.0,0.0,0.0,0.0,0.0,0.0,0.0,0.0,7.0,1.0,2.0,2.0,2.0,4.0,5.0,3.0,6.0,12.0,14.0,15.0,0.0,0.0,0.0,0.0,0.0,0.0,0.0,0.0,0.0,0.0,0.0,0.0,0.0,0.0,0.0,0.0,0.0,0.0,9.0,1.0,2.0,2.0,2.0,7.0,7.0,3.0,10.0,18.0,20.0,21.0
363,1.0,363.0,London_303,cons,151,453,1092.0,70.0,2.0,117780.0,0.6564683867618442,717.0,36.0,1.0,35.0,68.0,10.0,58.0,102.0,141.0,143.0,10.0,92.0,16.0,30.0,6.0,15.0,23.0,90.0,159.0,181.0,186.0,1.0,0.0,1.0,0.0,0.0,0.0,0.0,0.0,0.0,6.0,0.0,1.0,1.0,0.0,0.0,3.0,0.0,1.0,0.0,6.0,0.0,0.0,0.0,0.0,0.0,0.0,0.0,0.0,0.0,0.0,0.0,0.0,0.0,1.0,1.0,0.0,0.0,0.0,1.0,2.0,2.0,0.0,1.0,5.0,3.0,2.0,4.0,6.0,4.0,4.0,0.0,0.0,0.0,0.0,0.0,0.0,0.0,0.0,0.0,0.0,0.0,0.0,0.0,7.0,5.0,0.0,0.0,0.0,1.0,3.0,2.0,0.0,1.0,6.0,5.0,2.0,5.0,9.0,7.0,5.0
364,1.0,364.0,London_303,cons,151,453,1092.0,70.0,2.0,139071.0,0.8740269909612834,764.0,65.0,2.0,63.0,128.0,18.0,110.0,59.0,142.0,143.0,13.0,98.0,12.0,23.0,6.0,16.0,26.0,90.0,161.0,176.0,193.0,8.0,4.0,2.0,0.0,1.0,0.0,0.0,0.0,1.0,27.0,0.0,12.0,1.0,8.0,0.0,5.0,0.0,1.0,1.0,26.0,0.0,0.0,0.0,0.0,0.0,0.0,0.0,0.0,0.0,0.0,0.0,0.0,0.0,2.0,1.0,0.0,0.0,0.0,1.0,2.0,0.0,1.0,2.0,10.0,1.0,0.0,3.0,4.0,10.0,7.0,0.0,0.0,0.0,0.0,0.0,0.0,0.0,0.0,0.0,0.0,0.0,0.0,0.0,7.0,2.0,0.0,0.0,0.0,1.0,2.0,0.0,2.0,2.0,14.0,1.0,0.0,5.0,5.0,16.0,10.0
365,1.0,365.0,London_303,cons,151,453,1092.0,70.0,2.0,149490.0,1.0274665737524629,787.0,59.0,3.0,56.0,124.0,24.0,100.0,88.0,138.0,148.0,15.0,91.0,10.0,29.0,6.0,16.0,25.0,89.0,145.0,194.0,188.0,4.0,1.0,2.0,0.0,1.0,0.0,0.0,0.0,0.0,29.0,0.0,10.0,2.0,15.0,0.0,2.0,0.0,0.0,2.0,27.0,0.0,0.0,0.0,0.0,0.0,0.0,0.0,0.0,0.0,0.0,0.0,0.0,0.0,1.0,1.0,0.0,0.0,0.0,1.0,2.0,1.0,0.0,3.0,2.0,4.0,1.0,4.0,3.0,9.0,6.0,0.0,0.0,0.0,0.0,0.0,0.0,0.0,0.0,0.0,0.0,0.0,0.0,0.0,1.0,2.0,0.0,0.0,0.0,2.0,2.0,1.0,0.0,3.0,4.0,5.0,3.0,5.0,5.0,16.0,7.0
366,1.0,366.0,London_303,cons,151,453,1092.0,70.0,2.0,166251.0,1.202221443876624,824.0,92.0,0.0,92.0,152.0,0.0,152.0,73.0,139.0,153.0,16.0,84.0,5.0,30.0,7.0,19.0,22.0,93.0,150.0,188.0,182.0,5.0,0.0,2.0,0.0,2.0,0.0,1.0,0.0,0.0,45.0,0.0,21.0,2.0,16.0,0.0,3.0,0.0,3.0,0.0,45.0,0.0,0.0,0.0,0.0,0.0,0.0,0.0,0.0,0.0,0.0,0.0,0.0,0.0,0.0,0.0,0.0,0.0,0.0,1.0,0.0,2.0,1.0,3.0,2.0,4.0,1.0,6.0,13.0,12.0,10.0,0.0,0.0,0.0,0.0,0.0,0.0,0.0,0.0,0.0,0.0,0.0,0.0,0.0,0.0,0.0,0.0,0.0,0.0,1.0,0.0,2.0,1.0,3.0,2.0,6.0,1.0,7.0,18.0,13.0,11.0
367,1.0,367.0,London_303,cons,151,453,1092.0,70.0,2.0,161268.0,1.0811515673995018,813.0,158.0,0.0,158.0,268.0,0.0,268.0,94.0,140.0,147.0,17.0,83.0,8.0,33.0,7.0,18.0,21.0,89.0,145.0,198.0,183.0,3.0,1.0,1.0,0.0,1.0,0.0,0.0,0.0,0.0,91.0,1.0,27.0,3.0,47.0,0.0,8.0,1.0,4.0,0.0,91.0,0.0,0.0,0.0,0.0,0.0,0.0,0.0,0.0,0.0,0.0,0.0,0.0,0.0,0.0,0.0,0.0,0.0,0.0,2.0,1.0,2.0,0.0,4.0,7.0,7.0,3.0,3.0,16.0,17.0,6.0,0.0,0.0,0.0,0.0,0.0,0.0,0.0,0.0,0.0,0.0,0.0,0.0,0.0,0.0,0.0,0.0,0.0,0.0,2.0,1.0,2.0,0.0,4.0,10.0,8.0,3.0,3.0,23.0,22.0,6.0
368,1.0,368.0,London_303,cons,151,453,1092.0,70.0,2.0,121857.0,0.737428096588701,726.0,0.0,0.0,0.0,0.0,0.0,0.0,127.0,130.0,156.0,14.0,86.0,13.0,29.0,7.0,18.0,21.0,84.0,161.0,187.0,184.0,4.0,1.0,2.0,0.0,0.0,0.0,0.0,0.0,1.0,0.0,0.0,0.0,0.0,0.0,0.0,0.0,0.0,0.0,0.0,0.0,0.0,0.0,0.0,0.0,0.0,0.0,0.0,0.0,0.0,0.0,0.0,0.0,0.0,0.0,0.0,0.0,0.0,0.0,0.0,0.0,0.0,0.0,0.0,0.0,0.0,0.0,0.0,0.0,0.0,0.0,0.0,0.0,0.0,0.0,0.0,0.0,0.0,0.0,0.0,0.0,0.0,0.0,0.0,0.0,0.0,0.0,0.0,0.0,0.0,0.0,0.0,0.0,0.0,0.0,0.0,0.0,0.0,0.0,0.0,0.0
369,1.0,369.0,London_303,cons,151,453,1092.0,70.0,2.0,155832.0,1.0541233262047172,801.0,62.0,2.0,60.0,128.0,18.0,110.0,4.0,130.0,156.0,14.0,87.0,13.0,29.0,7.0,17.0,21.0,84.0,158.0,190.0,181.0,5.0,1.0,2.0,0.0,1.0,0.0,1.0,0.0,0.0,21.0,0.0,2.0,4.0,8.0,0.0,3.0,1.0,3.0,2.0,19.0,0.0,0.0,0.0,0.0,0.0,0.0,0.0,0.0,0.0,0.0,0.0,0.0,0.0,0.0,1.0,0.0,0.0,0.0,2.0,8.0,4.0,1.0,1.0,4.0,4.0,2.0,5.0,9.0,11.0,7.0,0.0,0.0,0.0,0.0,0.0,0.0,0.0,0.0,0.0,0.0,0.0,0.0,0.0,0.0,1.0,0.0,0.0,0.0,3.0,9.0,4.0,1.0,1.0,5.0,5.0,2.0,7.0,12.0,15.0,8.0
370,1.0,370.0,London_303,cons,151,453,1092.0,70.0,2.0,164892.0,2.4323032540269196,821.0,150.0,0.0,150.0,259.0,0.0,259.0,90.0,130.0,151.0,18.0,86.0,9.0,34.0,7.0,18.0,20.0,89.0,160.0,184.0,185.0,1.0,0.0,1.0,0.0,0.0,0.0,0.0,0.0,0.0,85.0,1.0,37.0,2.0,30.0,2.0,7.0,1.0,5.0,0.0,85.0,0.0,0.0,0.0,0.0,0.0,0.0,0.0,0.0,0.0,0.0,0.0,0.0,0.0,0.0,0.0,0.0,0.0,0.0,4.0,1.0,0.0,0.0,7.0,6.0,3.0,1.0,8.0,17.0,12.0,10.0,0.0,0.0,0.0,0.0,0.0,0.0,0.0,0.0,0.0,0.0,0.0,0.0,0.0,0.0,0.0,0.0,0.0,0.0,4.0,1.0,0.0,0.0,7.0,7.0,5.0,1.0,9.0,23.0,17.0,11.0
371,1.0,371.0,London_303,cons,151,453,1092.0,70.0,2.0,134541.0,0.8104180246591568,754.0,72.0,2.0,70.0,136.0,17.0,119.0,125.0,127.0,155.0,12.0,93.0,6.0,34.0,7.0,19.0,24.0,97.0,159.0,173.0,189.0,6.0,0.0,4.0,0.0,2.0,0.0,0.0,0.0,0.0,25.0,1.0,5.0,2.0,8.0,2.0,3.0,1.0,3.0,2.0,23.0,0.0,0.0,0.0,0.0,0.0,0.0,0.0,0.0,0.0,1.0,0.0,0.0,0.0,1.0,0.0,0.0,0.0,0.0,0.0,2.0,4.0,1.0,2.0,11.0,4.0,1.0,6.0,11.0,15.0,10.0,0.0,0.0,0.0,0.0,0.0,0.0,0.0,0.0,0.0,2.0,0.0,0.0,0.0,1.0,0.0,0.0,0.0,0.0,0.0,2.0,5.0,1.0,2.0,13.0,5.0,1.0,7.0,13.0,21.0,12.0
372,1.0,372.0,London_303,cons,151,453,1092.0,70.0,2.0,144054.0,0.8529154788702726,775.0,71.0,2.0,69.0,131.0,21.0,110.0,93.0,127.0,159.0,12.0,93.0,7.0,30.0,7.0,18.0,22.0,96.0,172.0,163.0,191.0,6.0,1.0,4.0,0.0,0.0,0.0,0.0,0.0,1.0,35.0,0.0,10.0,3.0,14.0,1.0,4.0,0.0,3.0,2.0,33.0,0.0,0.0,0.0,0.0,0.0,0.0,0.0,0.0,0.0,0.0,0.0,0.0,1.0,0.0,1.0,0.0,0.0,0.0,0.0,2.0,2.0,0.0,1.0,2.0,0.0,4.0,3.0,5.0,8.0,3.0,0.0,0.0,0.0,0.0,0.0,0.0,0.0,0.0,0.0,0.0,0.0,0.0,1.0,0.0,1.0,0.0,0.0,0.0,0.0,2.0,2.0,0.0,2.0,2.0,0.0,5.0,4.0,5.0,13.0,3.0
373,1.0,373.0,London_303,cons,151,453,1092.0,70.0,2.0,161721.0,0.911641770042479,814.0,74.0,2.0,72.0,153.0,17.0,136.0,68.0,132.0,153.0,9.0,94.0,7.0,32.0,7.0,19.0,23.0,97.0,162.0,171.0,190.0,1.0,0.0,1.0,0.0,0.0,0.0,0.0,0.0,0.0,34.0,0.0,13.0,5.0,14.0,1.0,0.0,0.0,1.0,1.0,33.0,0.0,0.0,0.0,0.0,0.0,0.0,0.0,0.0,0.0,0.0,0.0,1.0,0.0,0.0,1.0,0.0,0.0,0.0,1.0,4.0,0.0,0.0,2.0,5.0,2.0,3.0,6.0,12.0,7.0,9.0,0.0,0.0,0.0,0.0,0.0,0.0,0.0,0.0,0.0,0.0,0.0,1.0,0.0,0.0,5.0,0.0,0.0,0.0,1.0,4.0,0.0,0.0,2.0,6.0,2.0,4.0,10.0,19.0,8.0,13.0
374,1.0,374.0,London_303,cons,151,453,1092.0,70.0,2.0,172593.0,1.0844430373981595,838.0,57.0,0.0,57.0,91.0,0.0,91.0,90.0,135.0,162.0,10.0,82.0,4.0,33.0,7.0,20.0,20.0,93.0,162.0,178.0,184.0,4.0,2.0,1.0,0.0,1.0,0.0,0.0,0.0,0.0,20.0,1.0,5.0,0.0,7.0,1.0,2.0,1.0,3.0,0.0,20.0,0.0,0.0,0.0,0.0,0.0,0.0,0.0,0.0,0.0,0.0,0.0,0.0,0.0,0.0,0.0,0.0,0.0,0.0,1.0,3.0,2.0,0.0,1.0,10.0,2.0,1.0,4.0,11.0,9.0,7.0,0.0,0.0,0.0,0.0,0.0,0.0,0.0,0.0,0.0,0.0,0.0,0.0,0.0,0.0,0.0,0.0,0.0,0.0,1.0,3.0,2.0,0.0,1.0,14.0,2.0,1.0,4.0,13.0,11.0,7.0
375,1.0,375.0,London_303,cons,151,453,1092.0,70.0,2.0,194337.0,1.192952315788716,886.0,75.0,0.0,75.0,136.0,0.0,136.0,62.0,143.0,160.0,11.0,73.0,5.0,32.0,8.0,21.0,19.0,87.0,166.0,181.0,184.0,3.0,0.0,1.0,0.0,0.0,0.0,0.0,1.0,1.0,40.0,0.0,14.0,4.0,9.0,0.0,11.0,2.0,0.0,0.0,40.0,0.0,0.0,0.0,0.0,0.0,0.0,0.0,0.0,0.0,0.0,0.0,0.0,0.0,0.0,0.0,0.0,0.0,0.0,1.0,4.0,1.0,2.0,6.0,3.0,2.0,3.0,5.0,8.0,13.0,7.0,0.0,0.0,0.0,0.0,0.0,0.0,0.0,0.0,0.0,0.0,0.0,0.0,0.0,0.0,0.0,0.0,0.0,0.0,2.0,6.0,1.0,2.0,6.0,3.0,2.0,3.0,6.0,9.0,16.0,10.0
376,1.0,376.0,London_303,cons,151,453,1092.0,70.0,2.0,199320.0,1.4539678180590272,897.0,120.0,0.0,120.0,212.0,0.0,212.0,77.0,143.0,152.0,11.0,81.0,5.0,35.0,6.0,20.0,19.0,92.0,167.0,175.0,185.0,10.0,2.0,5.0,0.0,1.0,0.0,0.0,1.0,1.0,82.0,0.0,26.0,6.0,37.0,0.0,9.0,0.0,4.0,0.0,82.0,0.0,0.0,0.0,0.0,0.0,0.0,0.0,0.0,0.0,0.0,0.0,0.0,0.0,0.0,0.0,0.0,0.0,0.0,0.0,5.0,3.0,0.0,5.0,5.0,0.0,4.0,3.0,13.0,12.0,8.0,0.0,0.0,0.0,0.0,0.0,0.0,0.0,0.0,0.0,0.0,0.0,0.0,0.0,0.0,0.0,0.0,0.0,0.0,0.0,5.0,3.0,0.0,6.0,7.0,0.0,4.0,3.0,17.0,16.0,9.0
377,1.0,377.0,London_303,cons,151,453,1092.0,70.0,2.0,175764.0,1.5784703837707639,845.0,111.0,0.0,111.0,195.0,0.0,195.0,87.0,150.0,152.0,9.0,78.0,7.0,34.0,5.0,18.0,20.0,91.0,169.0,173.0,185.0,3.0,1.0,2.0,0.0,0.0,0.0,0.0,0.0,0.0,70.0,0.0,27.0,4.0,29.0,0.0,3.0,1.0,6.0,0.0,70.0,0.0,0.0,0.0,0.0,0.0,0.0,0.0,0.0,0.0,0.0,0.0,0.0,0.0,0.0,0.0,0.0,0.0,0.0,1.0,3.0,3.0,1.0,5.0,8.0,3.0,2.0,5.0,10.0,11.0,12.0,0.0,0.0,0.0,0.0,0.0,0.0,0.0,0.0,0.0,0.0,0.0,0.0,0.0,0.0,0.0,0.0,0.0,0.0,1.0,4.0,3.0,1.0,5.0,10.0,3.0,3.0,7.0,13.0,12.0,15.0
378,1.0,378.0,London_303,cons,151,453,1092.0,70.0,2.0,170781.0,1.4704415542073548,834.0,115.0,1.0,114.0,196.0,9.0,187.0,94.0,151.0,156.0,5.0,75.0,1.0,42.0,7.0,16.0,19.0,85.0,169.0,180.0,190.0,0.0,0.0,0.0,0.0,0.0,0.0,0.0,0.0,0.0,68.0,1.0,23.0,6.0,18.0,1.0,8.0,2.0,9.0,1.0,67.0,0.0,0.0,0.0,0.0,0.0,0.0,0.0,0.0,0.0,0.0,0.0,0.0,1.0,0.0,0.0,0.0,0.0,0.0,3.0,3.0,4.0,1.0,3.0,6.0,4.0,1.0,3.0,11.0,14.0,12.0,0.0,0.0,0.0,0.0,0.0,0.0,0.0,0.0,0.0,0.0,0.0,0.0,1.0,0.0,0.0,0.0,0.0,0.0,4.0,4.0,4.0,1.0,4.0,7.0,6.0,1.0,5.0,11.0,21.0,15.0
379,1.0,379.0,London_303,cons,151,453,1092.0,70.0,2.0,157644.0,1.087787261698395,805.0,87.0,2.0,85.0,156.0,19.0,137.0,89.0,143.0,160.0,8.0,75.0,4.0,42.0,5.0,16.0,19.0,95.0,157.0,182.0,196.0,4.0,0.0,3.0,0.0,0.0,0.0,1.0,0.0,0.0,42.0,1.0,12.0,0.0,23.0,1.0,5.0,0.0,0.0,2.0,40.0,0.0,0.0,0.0,0.0,0.0,0.0,0.0,0.0,1.0,0.0,0.0,0.0,0.0,1.0,2.0,0.0,0.0,0.0,3.0,2.0,2.0,1.0,2.0,4.0,2.0,2.0,1.0,5.0,12.0,11.0,0.0,0.0,0.0,0.0,0.0,0.0,0.0,0.0,1.0,0.0,0.0,0.0,0.0,2.0,3.0,0.0,0.0,0.0,4.0,2.0,2.0,2.0,2.0,4.0,3.0,2.0,1.0,9.0,16.0,13.0
380,1.0,380.0,London_303,cons,151,453,1092.0,70.0,2.0,151755.0,1.2930372129194438,792.0,125.0,2.0,123.0,216.0,18.0,198.0,82.0,148.0,147.0,15.0,82.0,3.0,37.0,5.0,16.0,15.0,100.0,155.0,183.0,187.0,8.0,2.0,3.0,0.0,1.0,0.0,0.0,1.0,1.0,73.0,0.0,28.0,3.0,28.0,0.0,9.0,2.0,3.0,2.0,71.0,0.0,0.0,0.0,0.0,0.0,0.0,0.0,0.0,0.0,0.0,0.0,0.0,0.0,0.0,1.0,0.0,0.0,0.0,0.0,5.0,1.0,0.0,4.0,2.0,3.0,4.0,6.0,11.0,11.0,9.0,0.0,0.0,0.0,0.0,0.0,0.0,0.0,0.0,0.0,0.0,0.0,0.0,0.0,0.0,4.0,0.0,0.0,0.0,0.0,5.0,1.0,0.0,4.0,2.0,4.0,4.0,7.0,12.0,13.0,13.0
381,1.0,381.0,London_303,cons,151,453,1092.0,70.0,2.0,133635.0,0.7851438489742577,752.0,39.0,1.0,38.0,74.0,9.0,65.0,109.0,153.0,151.0,8.0,94.0,3.0,25.0,4.0,15.0,14.0,95.0,159.0,185.0,193.0,6.0,1.0,2.0,0.0,2.0,0.0,0.0,0.0,1.0,15.0,0.0,3.0,2.0,6.0,0.0,4.0,0.0,0.0,0.0,15.0,0.0,0.0,0.0,0.0,0.0,0.0,0.0,0.0,0.0,0.0,0.0,0.0,0.0,0.0,1.0,0.0,0.0,0.0,1.0,1.0,0.0,0.0,1.0,5.0,0.0,4.0,3.0,4.0,8.0,9.0,0.0,0.0,0.0,0.0,0.0,0.0,0.0,0.0,0.0,0.0,0.0,0.0,0.0,0.0,2.0,0.0,0.0,0.0,2.0,1.0,0.0,0.0,1.0,10.0,0.0,5.0,4.0,9.0,8.0,13.0
382,1.0,382.0,London_303,cons,151,453,1092.0,70.0,2.0,157644.0,0.9228629400022328,805.0,92.0,0.0,92.0,148.0,0.0,148.0,61.0,158.0,158.0,7.0,79.0,4.0,29.0,5.0,13.0,13.0,99.0,154.0,187.0,180.0,3.0,2.0,0.0,0.0,1.0,0.0,0.0,0.0,0.0,59.0,0.0,18.0,4.0,28.0,3.0,1.0,1.0,4.0,0.0,59.0,0.0,0.0,0.0,0.0,0.0,0.0,0.0,0.0,0.0,0.0,0.0,0.0,0.0,0.0,0.0,0.0,0.0,0.0,1.0,2.0,1.0,1.0,4.0,1.0,6.0,4.0,5.0,15.0,12.0,7.0,0.0,0.0,0.0,0.0,0.0,0.0,0.0,0.0,0.0,0.0,0.0,0.0,0.0,0.0,0.0,0.0,0.0,0.0,1.0,2.0,1.0,1.0,4.0,1.0,6.0,4.0,5.0,18.0,14.0,7.0
383,1.0,383.0,London_303,cons,151,453,1092.0,70.0,2.0,158550.0,0.8492089752107859,807.0,57.0,0.0,57.0,103.0,0.0,103.0,66.0,164.0,149.0,5.0,78.0,3.0,30.0,6.0,18.0,14.0,98.0,147.0,194.0,185.0,13.0,8.0,2.0,0.0,3.0,0.0,0.0,0.0,0.0,36.0,0.0,17.0,2.0,14.0,0.0,2.0,0.0,1.0,0.0,36.0,0.0,0.0,0.0,0.0,0.0,0.0,0.0,0.0,0.0,0.0,0.0,0.0,0.0,0.0,0.0,0.0,0.0,0.0,1.0,1.0,3.0,0.0,2.0,4.0,1.0,3.0,2.0,2.0,14.0,3.0,0.0,0.0,0.0,0.0,0.0,0.0,0.0,0.0,0.0,0.0,0.0,0.0,0.0,0.0,0.0,0.0,0.0,0.0,1.0,1.0,4.0,0.0,2.0,4.0,1.0,3.0,2.0,2.0,18.0,4.0
384,1.0,384.0,London_303,cons,151,453,1092.0,70.0,2.0,169422.0,0.9213273171335459,831.0,93.0,0.0,93.0,161.0,0.0,161.0,61.0,157.0,152.0,14.0,73.0,2.0,32.0,6.0,17.0,15.0,100.0,146.0,192.0,189.0,1.0,1.0,0.0,0.0,0.0,0.0,0.0,0.0,0.0,55.0,0.0,16.0,2.0,31.0,1.0,1.0,0.0,4.0,0.0,55.0,0.0,0.0,0.0,0.0,0.0,0.0,0.0,0.0,0.0,0.0,0.0,0.0,0.0,0.0,0.0,0.0,0.0,0.0,2.0,3.0,0.0,1.0,3.0,3.0,5.0,3.0,3.0,9.0,12.0,13.0,0.0,0.0,0.0,0.0,0.0,0.0,0.0,0.0,0.0,0.0,0.0,0.0,0.0,0.0,0.0,0.0,0.0,0.0,2.0,3.0,0.0,1.0,3.0,3.0,7.0,4.0,3.0,11.0,16.0,16.0
385,1.0,385.0,London_303,cons,151,453,1092.0,70.0,2.0,168516.0,1.0448537142947316,829.0,129.0,0.0,129.0,213.0,0.0,213.0,77.0,152.0,158.0,9.0,79.0,3.0,29.0,7.0,16.0,15.0,103.0,138.0,197.0,194.0,8.0,0.0,5.0,0.0,1.0,0.0,0.0,1.0,1.0,82.0,0.0,33.0,7.0,31.0,0.0,8.0,1.0,2.0,0.0,82.0,0.0,0.0,0.0,0.0,0.0,0.0,0.0,0.0,0.0,0.0,0.0,0.0,0.0,0.0,0.0,0.0,0.0,0.0,2.0,3.0,1.0,0.0,4.0,5.0,5.0,3.0,2.0,9.0,10.0,11.0,0.0,0.0,0.0,0.0,0.0,0.0,0.0,0.0,0.0,0.0,0.0,0.0,0.0,0.0,0.0,0.0,0.0,0.0,2.0,3.0,1.0,0.0,4.0,6.0,6.0,4.0,3.0,12.0,14.0,15.0
386,1.0,386.0,London_303,cons,151,453,1092.0,70.0,2.0,150396.0,0.8171952897682786,789.0,9.0,2.0,7.0,30.0,17.0,13.0,93.0,142.0,151.0,10.0,89.0,6.0,33.0,6.0,16.0,17.0,107.0,139.0,190.0,198.0,0.0,0.0,0.0,0.0,0.0,0.0,0.0,0.0,0.0,3.0,0.0,0.0,0.0,0.0,0.0,3.0,0.0,0.0,2.0,1.0,0.0,0.0,0.0,0.0,0.0,0.0,0.0,0.0,0.0,0.0,0.0,0.0,0.0,0.0,0.0,0.0,0.0,0.0,0.0,1.0,0.0,1.0,1.0,2.0,0.0,1.0,2.0,2.0,1.0,1.0,0.0,0.0,0.0,0.0,0.0,0.0,0.0,0.0,0.0,0.0,0.0,0.0,0.0,0.0,0.0,0.0,0.0,0.0,0.0,1.0,0.0,2.0,1.0,2.0,0.0,1.0,3.0,4.0,1.0,2.0
387,1.0,387.0,London_303,cons,151,453,1092.0,70.0,2.0,179388.0,1.05216391896829,853.0,165.0,0.0,165.0,295.0,0.0,295.0,14.0,146.0,153.0,10.0,86.0,6.0,30.0,6.0,16.0,17.0,107.0,136.0,193.0,199.0,0.0,0.0,0.0,0.0,0.0,0.0,0.0,0.0,0.0,110.0,0.0,48.0,2.0,45.0,1.0,10.0,0.0,4.0,0.0,110.0,0.0,0.0,0.0,0.0,0.0,0.0,0.0,0.0,0.0,0.0,0.0,0.0,0.0,0.0,0.0,0.0,0.0,0.0,0.0,3.0,1.0,0.0,3.0,8.0,1.0,3.0,4.0,14.0,14.0,7.0,0.0,0.0,0.0,0.0,0.0,0.0,0.0,0.0,0.0,0.0,0.0,0.0,0.0,0.0,0.0,0.0,0.0,0.0,0.0,3.0,1.0,0.0,3.0,9.0,1.0,4.0,4.0,16.0,20.0,8.0
388,1.0,388.0,London_303,cons,151,453,1092.0,70.0,2.0,141336.0,1.0129800951108336,769.0,10.0,0.0,10.0,19.0,0.0,19.0,98.0,126.0,168.0,13.0,81.0,5.0,36.0,7.0,17.0,20.0,114.0,128.0,191.0,200.0,9.0,2.0,4.0,0.0,0.0,0.0,1.0,0.0,2.0,1.0,0.0,0.0,0.0,1.0,0.0,0.0,0.0,0.0,0.0,1.0,0.0,0.0,0.0,0.0,0.0,0.0,0.0,0.0,0.0,0.0,0.0,0.0,0.0,0.0,0.0,0.0,0.0,0.0,0.0,0.0,0.0,1.0,0.0,4.0,0.0,0.0,1.0,1.0,2.0,2.0,0.0,0.0,0.0,0.0,0.0,0.0,0.0,0.0,0.0,0.0,0.0,0.0,0.0,0.0,0.0,0.0,0.0,0.0,0.0,0.0,0.0,2.0,0.0,4.0,0.0,0.0,1.0,1.0,5.0,4.0
389,1.0,389.0,London_303,cons,151,453,1092.0,70.0,2.0,180294.0,1.0676903263665736,855.0,245.0,1.0,244.0,430.0,8.0,422.0,27.0,126.0,165.0,12.0,86.0,5.0,36.0,7.0,16.0,21.0,115.0,124.0,193.0,198.0,4.0,0.0,3.0,0.0,1.0,0.0,0.0,0.0,0.0,179.0,1.0,63.0,11.0,80.0,3.0,14.0,0.0,7.0,0.0,179.0,0.0,0.0,0.0,0.0,0.0,0.0,0.0,0.0,0.0,0.0,0.0,0.0,1.0,0.0,0.0,0.0,0.0,0.0,1.0,0.0,3.0,0.0,4.0,5.0,4.0,2.0,6.0,10.0,24.0,14.0,0.0,0.0,0.0,0.0,0.0,0.0,0.0,0.0,0.0,0.0,0.0,0.0,7.0,0.0,0.0,0.0,0.0,0.0,1.0,0.0,3.0,0.0,4.0,8.0,4.0,2.0,6.0,14.0,29.0,18.0
390,1.0,390.0,London_303,cons,151,453,1092.0,70.0,2.0,98301.0,0.48976647621020675,674.0,2.0,2.0,0.0,17.0,17.0,0.0,150.0,114.0,183.0,10.0,88.0,5.0,35.0,5.0,13.0,17.0,119.0,137.0,180.0,197.0,0.0,0.0,0.0,0.0,0.0,0.0,0.0,0.0,0.0,1.0,0.0,0.0,0.0,1.0,0.0,0.0,0.0,0.0,1.0,0.0,0.0,0.0,0.0,0.0,0.0,0.0,0.0,0.0,0.0,0.0,0.0,0.0,0.0,1.0,1.0,0.0,0.0,0.0,0.0,0.0,0.0,0.0,0.0,0.0,0.0,0.0,0.0,0.0,0.0,0.0,0.0,0.0,0.0,0.0,0.0,0.0,0.0,0.0,0.0,0.0,0.0,0.0,0.0,6.0,3.0,0.0,0.0,0.0,0.0,0.0,0.0,0.0,0.0,0.0,0.0,0.0,0.0,0.0,0.0,0.0
391,1.0,391.0,London_303,cons,151,453,1092.0,70.0,2.0,131823.0,0.7603482329286635,748.0,21.0,2.0,19.0,55.0,18.0,37.0,16.0,115.0,179.0,12.0,89.0,5.0,35.0,5.0,13.0,11.0,121.0,133.0,188.0,187.0,6.0,1.0,4.0,0.0,1.0,0.0,0.0,0.0,0.0,5.0,0.0,1.0,1.0,3.0,0.0,0.0,0.0,0.0,1.0,4.0,0.0,0.0,0.0,0.0,0.0,0.0,0.0,0.0,0.0,0.0,0.0,0.0,0.0,1.0,0.0,0.0,0.0,0.0,0.0,0.0,2.0,0.0,0.0,4.0,0.0,1.0,2.0,3.0,5.0,5.0,0.0,0.0,0.0,0.0,0.0,0.0,0.0,0.0,0.0,0.0,0.0,0.0,0.0,6.0,0.0,0.0,0.0,0.0,0.0,0.0,4.0,0.0,0.0,5.0,0.0,2.0,2.0,5.0,10.0,5.0
392,1.0,392.0,London_303,cons,151,453,1092.0,70.0,2.0,162174.0,0.9771292810328305,815.0,137.0,0.0,137.0,229.0,0.0,229.0,47.0,117.0,181.0,15.0,83.0,6.0,30.0,5.0,16.0,12.0,115.0,137.0,189.0,178.0,8.0,4.0,3.0,0.0,1.0,0.0,0.0,0.0,0.0,67.0,0.0,19.0,4.0,30.0,4.0,7.0,1.0,2.0,0.0,67.0,0.0,0.0,0.0,0.0,0.0,0.0,0.0,0.0,0.0,0.0,0.0,0.0,0.0,0.0,0.0,0.0,0.0,0.0,2.0,2.0,4.0,2.0,5.0,8.0,6.0,3.0,12.0,20.0,16.0,14.0,0.0,0.0,0.0,0.0,0.0,0.0,0.0,0.0,0.0,0.0,0.0,0.0,0.0,0.0,0.0,0.0,0.0,0.0,2.0,2.0,5.0,2.0,6.0,10.0,9.0,3.0,16.0,27.0,21.0,19.0
393,1.0,393.0,London_303,cons,151,453,1092.0,70.0,2.0,135900.0,0.788641694933176,757.0,21.0,2.0,19.0,51.0,22.0,29.0,137.0,114.0,179.0,19.0,88.0,5.0,29.0,3.0,16.0,12.0,105.0,143.0,193.0,181.0,3.0,0.0,2.0,0.0,1.0,0.0,0.0,0.0,0.0,4.0,0.0,2.0,0.0,1.0,1.0,0.0,0.0,0.0,2.0,2.0,0.0,0.0,0.0,0.0,0.0,0.0,0.0,0.0,0.0,0.0,0.0,0.0,0.0,0.0,0.0,0.0,0.0,0.0,0.0,1.0,0.0,2.0,2.0,2.0,2.0,0.0,2.0,2.0,8.0,7.0,0.0,0.0,0.0,0.0,0.0,0.0,0.0,0.0,0.0,0.0,0.0,0.0,0.0,0.0,0.0,0.0,0.0,0.0,0.0,2.0,0.0,2.0,2.0,2.0,2.0,0.0,2.0,3.0,10.0,10.0
394,1.0,394.0,London_303,cons,151,453,1092.0,70.0,2.0,174405.0,1.0709155327640474,842.0,136.0,0.0,136.0,242.0,0.0,242.0,41.0,118.0,176.0,17.0,85.0,4.0,32.0,4.0,17.0,9.0,109.0,138.0,197.0,171.0,9.0,3.0,3.0,0.0,3.0,0.0,0.0,0.0,0.0,70.0,0.0,20.0,10.0,25.0,0.0,11.0,1.0,3.0,0.0,70.0,0.0,0.0,0.0,0.0,0.0,0.0,0.0,0.0,0.0,0.0,0.0,0.0,0.0,0.0,0.0,0.0,0.0,0.0,1.0,9.0,1.0,0.0,8.0,12.0,5.0,2.0,7.0,24.0,14.0,16.0,0.0,0.0,0.0,0.0,0.0,0.0,0.0,0.0,0.0,0.0,0.0,0.0,0.0,0.0,0.0,0.0,0.0,0.0,1.0,12.0,1.0,0.0,8.0,16.0,5.0,3.0,11.0,39.0,21.0,20.0
395,1.0,395.0,London_303,cons,151,453,1092.0,70.0,2.0,149490.0,0.8566605029627681,787.0,54.0,0.0,54.0,97.0,0.0,97.0,144.0,117.0,167.0,13.0,88.0,7.0,36.0,8.0,17.0,10.0,105.0,139.0,199.0,178.0,11.0,1.0,6.0,0.0,2.0,0.0,1.0,0.0,1.0,18.0,0.0,7.0,2.0,8.0,0.0,1.0,0.0,0.0,0.0,18.0,0.0,0.0,0.0,0.0,0.0,0.0,0.0,0.0,0.0,0.0,0.0,0.0,0.0,0.0,0.0,0.0,0.0,0.0,5.0,6.0,0.0,0.0,3.0,2.0,5.0,4.0,1.0,13.0,8.0,16.0,0.0,0.0,0.0,0.0,0.0,0.0,0.0,0.0,0.0,0.0,0.0,0.0,0.0,0.0,0.0,0.0,0.0,0.0,6.0,8.0,0.0,0.0,3.0,2.0,7.0,4.0,1.0,20.0,10.0,17.0
396,1.0,396.0,London_303,cons,151,453,1092.0,70.0,2.0,162174.0,1.0248345481231809,815.0,106.0,2.0,104.0,194.0,19.0,175.0,80.0,124.0,166.0,8.0,72.0,11.0,44.0,9.0,19.0,10.0,107.0,141.0,195.0,176.0,1.0,0.0,1.0,0.0,0.0,0.0,0.0,0.0,0.0,54.0,1.0,21.0,5.0,22.0,0.0,4.0,1.0,0.0,2.0,52.0,0.0,0.0,0.0,0.0,0.0,0.0,0.0,0.0,0.0,0.0,0.0,0.0,1.0,0.0,2.0,0.0,0.0,0.0,1.0,3.0,3.0,0.0,2.0,6.0,1.0,3.0,4.0,12.0,16.0,14.0,0.0,0.0,0.0,0.0,0.0,0.0,0.0,0.0,0.0,0.0,0.0,0.0,2.0,0.0,3.0,0.0,0.0,0.0,2.0,5.0,3.0,0.0,2.0,7.0,1.0,5.0,7.0,18.0,20.0,17.0
397,1.0,397.0,London_303,cons,151,453,1092.0,70.0,2.0,152208.0,0.8632661662995815,793.0,22.0,2.0,20.0,54.0,17.0,37.0,110.0,126.0,178.0,8.0,74.0,12.0,35.0,6.0,14.0,8.0,108.0,157.0,180.0,175.0,6.0,0.0,5.0,0.0,1.0,0.0,0.0,0.0,0.0,3.0,0.0,1.0,0.0,0.0,0.0,0.0,0.0,2.0,1.0,2.0,0.0,0.0,0.0,0.0,0.0,0.0,0.0,0.0,0.0,0.0,0.0,0.0,0.0,1.0,1.0,0.0,0.0,0.0,3.0,2.0,2.0,0.0,1.0,4.0,0.0,1.0,2.0,3.0,3.0,5.0,0.0,0.0,0.0,0.0,0.0,0.0,0.0,0.0,0.0,0.0,0.0,0.0,0.0,6.0,2.0,0.0,0.0,0.0,4.0,4.0,2.0,0.0,1.0,5.0,0.0,1.0,2.0,4.0,4.0,6.0
398,1.0,398.0,London_303,cons,151,453,1092.0,70.0,2.0,195243.0,1.5730652869679034,888.0,117.0,0.0,117.0,191.0,0.0,191.0,52.0,128.0,171.0,10.0,82.0,10.0,31.0,7.0,14.0,10.0,111.0,154.0,178.0,170.0,3.0,0.0,2.0,0.0,0.0,0.0,1.0,0.0,0.0,52.0,1.0,19.0,6.0,17.0,1.0,5.0,0.0,3.0,0.0,52.0,0.0,0.0,0.0,0.0,0.0,0.0,0.0,0.0,0.0,0.0,0.0,0.0,0.0,0.0,0.0,0.0,0.0,0.0,4.0,1.0,2.0,2.0,6.0,5.0,5.0,6.0,4.0,12.0,17.0,17.0,0.0,0.0,0.0,0.0,0.0,0.0,0.0,0.0,0.0,0.0,0.0,0.0,0.0,0.0,0.0,0.0,0.0,0.0,4.0,1.0,2.0,2.0,8.0,7.0,5.0,8.0,5.0,16.0,22.0,19.0
399,1.0,399.0,London_303,cons,151,453,1092.0,70.0,2.0,178029.0,1.2374837659299374,850.0,126.0,0.0,126.0,218.0,0.0,218.0,116.0,130.0,162.0,11.0,82.0,13.0,33.0,6.0,16.0,13.0,103.0,143.0,194.0,177.0,5.0,0.0,4.0,0.0,1.0,0.0,0.0,0.0,0.0,66.0,1.0,14.0,3.0,39.0,0.0,6.0,0.0,3.0,0.0,66.0,0.0,0.0,0.0,0.0,0.0,0.0,0.0,0.0,0.0,0.0,0.0,0.0,0.0,0.0,0.0,0.0,0.0,0.0,0.0,2.0,2.0,1.0,2.0,4.0,2.0,1.0,8.0,15.0,20.0,17.0,0.0,0.0,0.0,0.0,0.0,0.0,0.0,0.0,0.0,0.0,0.0,0.0,0.0,0.0,0.0,0.0,0.0,0.0,0.0,3.0,2.0,1.0,2.0,4.0,3.0,1.0,10.0,23.0,24.0,23.0
400,1.0,400.0,London_303,cons,151,453,1092.0,70.0,2.0,155379.0,0.8933574305847287,800.0,136.0,0.0,136.0,237.0,0.0,237.0,112.0,132.0,160.0,11.0,93.0,9.0,26.0,6.0,16.0,14.0,100.0,139.0,200.0,177.0,3.0,0.0,2.0,0.0,0.0,0.0,0.0,0.0,1.0,75.0,1.0,25.0,8.0,32.0,0.0,7.0,0.0,2.0,0.0,75.0,0.0,0.0,0.0,0.0,0.0,0.0,0.0,0.0,0.0,0.0,0.0,0.0,0.0,0.0,0.0,0.0,0.0,0.0,0.0,5.0,7.0,2.0,3.0,5.0,3.0,4.0,5.0,19.0,16.0,23.0,0.0,0.0,0.0,0.0,0.0,0.0,0.0,0.0,0.0,0.0,0.0,0.0,0.0,0.0,0.0,0.0,0.0,0.0,0.0,6.0,7.0,5.0,3.0,5.0,4.0,5.0,5.0,31.0,20.0,30.0
401,1.0,401.0,London_303,cons,151,453,1092.0,70.0,2.0,123669.0,0.5929768849164248,730.0,49.0,2.0,47.0,99.0,19.0,80.0,123.0,130.0,161.0,11.0,90.0,13.0,28.0,5.0,15.0,13.0,99.0,143.0,198.0,183.0,4.0,1.0,1.0,0.0,1.0,0.0,0.0,0.0,1.0,14.0,0.0,4.0,1.0,6.0,0.0,2.0,0.0,1.0,1.0,13.0,0.0,0.0,0.0,0.0,0.0,0.0,0.0,0.0,0.0,0.0,0.0,0.0,0.0,0.0,1.0,0.0,0.0,0.0,0.0,2.0,0.0,2.0,4.0,1.0,2.0,3.0,5.0,9.0,6.0,4.0,0.0,0.0,0.0,0.0,0.0,0.0,0.0,0.0,0.0,0.0,0.0,0.0,0.0,0.0,2.0,0.0,0.0,0.0,0.0,3.0,0.0,3.0,4.0,2.0,2.0,3.0,8.0,16.0,7.0,6.0
402,1.0,402.0,London_303,cons,151,453,1092.0,70.0,2.0,136353.0,1.1182393343187869,758.0,48.0,2.0,46.0,95.0,18.0,77.0,81.0,137.0,158.0,12.0,92.0,10.0,25.0,4.0,15.0,10.0,104.0,137.0,202.0,174.0,8.0,2.0,5.0,0.0,1.0,0.0,0.0,0.0,0.0,18.0,0.0,3.0,1.0,11.0,1.0,1.0,0.0,1.0,2.0,16.0,0.0,0.0,0.0,0.0,0.0,0.0,0.0,0.0,0.0,1.0,0.0,1.0,0.0,1.0,1.0,0.0,0.0,0.0,0.0,0.0,1.0,0.0,0.0,0.0,3.0,2.0,5.0,5.0,5.0,4.0,0.0,0.0,0.0,0.0,0.0,0.0,0.0,0.0,0.0,1.0,0.0,1.0,0.0,4.0,3.0,0.0,0.0,0.0,0.0,0.0,1.0,0.0,0.0,0.0,3.0,3.0,6.0,7.0,6.0,5.0
403,1.0,403.0,London_303,cons,151,453,1092.0,70.0,2.0,147225.0,0.8316808892413974,782.0,75.0,2.0,73.0,142.0,15.0,127.0,63.0,147.0,153.0,12.0,90.0,7.0,25.0,4.0,15.0,10.0,104.0,134.0,205.0,170.0,0.0,0.0,0.0,0.0,0.0,0.0,0.0,0.0,0.0,31.0,1.0,6.0,2.0,16.0,1.0,4.0,1.0,0.0,2.0,29.0,0.0,0.0,0.0,0.0,0.0,0.0,0.0,0.0,0.0,0.0,0.0,1.0,1.0,0.0,0.0,0.0,0.0,0.0,0.0,3.0,2.0,0.0,6.0,12.0,3.0,3.0,2.0,12.0,17.0,7.0,0.0,0.0,0.0,0.0,0.0,0.0,0.0,0.0,0.0,0.0,0.0,1.0,1.0,0.0,0.0,0.0,0.0,0.0,0.0,4.0,2.0,0.0,6.0,15.0,3.0,3.0,2.0,17.0,24.0,7.0
404,1.0,404.0,London_303,cons,151,453,1092.0,70.0,2.0,140883.0,1.2805875102058053,768.0,149.0,0.0,149.0,254.0,0.0,254.0,87.0,153.0,154.0,9.0,79.0,4.0,35.0,3.0,16.0,9.0,97.0,140.0,207.0,174.0,5.0,1.0,3.0,0.0,1.0,0.0,0.0,0.0,0.0,90.0,0.0,37.0,8.0,32.0,0.0,11.0,0.0,2.0,0.0,90.0,0.0,0.0,0.0,0.0,0.0,0.0,0.0,0.0,0.0,0.0,0.0,0.0,0.0,0.0,0.0,0.0,0.0,0.0,3.0,0.0,0.0,0.0,2.0,3.0,4.0,2.0,3.0,15.0,17.0,15.0,0.0,0.0,0.0,0.0,0.0,0.0,0.0,0.0,0.0,0.0,0.0,0.0,0.0,0.0,0.0,0.0,0.0,0.0,3.0,0.0,0.0,0.0,2.0,3.0,4.0,4.0,4.0,18.0,23.0,17.0
405,1.0,405.0,London_303,cons,151,453,1092.0,70.0,2.0,107361.0,0.6051804614253342,694.0,5.0,1.0,4.0,16.0,10.0,6.0,115.0,145.0,154.0,7.0,81.0,12.0,32.0,4.0,18.0,10.0,97.0,138.0,208.0,176.0,6.0,2.0,2.0,0.0,2.0,0.0,0.0,0.0,0.0,0.0,0.0,0.0,0.0,0.0,0.0,0.0,0.0,0.0,0.0,0.0,0.0,0.0,0.0,0.0,0.0,0.0,0.0,0.0,0.0,0.0,0.0,0.0,0.0,1.0,1.0,0.0,0.0,0.0,1.0,0.0,0.0,0.0,0.0,0.0,1.0,0.0,0.0,1.0,2.0,2.0,0.0,0.0,0.0,0.0,0.0,0.0,0.0,0.0,0.0,0.0,0.0,0.0,0.0,7.0,5.0,0.0,0.0,0.0,1.0,0.0,0.0,0.0,0.0,0.0,2.0,0.0,0.0,1.0,3.0,2.0
406,1.0,406.0,London_303,cons,151,453,1092.0,70.0,2.0,143148.0,0.890826752409339,773.0,87.0,2.0,85.0,183.0,18.0,165.0,22.0,146.0,159.0,9.0,83.0,9.0,25.0,4.0,18.0,10.0,97.0,131.0,215.0,170.0,4.0,1.0,1.0,0.0,2.0,0.0,0.0,0.0,0.0,39.0,0.0,13.0,4.0,16.0,0.0,3.0,0.0,3.0,1.0,38.0,0.0,0.0,0.0,0.0,0.0,0.0,0.0,0.0,0.0,0.0,0.0,0.0,0.0,2.0,2.0,0.0,0.0,0.0,5.0,2.0,1.0,1.0,6.0,9.0,6.0,2.0,4.0,14.0,14.0,20.0,0.0,0.0,0.0,0.0,0.0,0.0,0.0,0.0,0.0,0.0,0.0,0.0,0.0,10.0,3.0,0.0,0.0,0.0,6.0,3.0,1.0,1.0,6.0,11.0,7.0,2.0,7.0,18.0,22.0,23.0
407,1.0,407.0,London_303,cons,151,453,1092.0,70.0,2.0,137712.0,1.050205061212182,761.0,81.0,3.0,78.0,161.0,24.0,137.0,118.0,143.0,166.0,14.0,71.0,7.0,30.0,5.0,17.0,9.0,98.0,134.0,212.0,165.0,4.0,2.0,1.0,0.0,1.0,0.0,0.0,0.0,0.0,33.0,0.0,3.0,1.0,25.0,0.0,4.0,0.0,0.0,3.0,30.0,0.0,0.0,0.0,0.0,0.0,0.0,0.0,0.0,0.0,0.0,0.0,0.0,0.0,1.0,2.0,0.0,0.0,0.0,6.0,7.0,4.0,1.0,1.0,6.0,7.0,5.0,3.0,12.0,13.0,14.0,0.0,0.0,0.0,0.0,0.0,0.0,0.0,0.0,0.0,0.0,0.0,0.0,0.0,1.0,2.0,0.0,0.0,0.0,6.0,9.0,6.0,1.0,1.0,6.0,8.0,8.0,4.0,17.0,15.0,17.0
408,1.0,408.0,London_303,cons,151,453,1092.0,70.0,2.0,134088.0,0.8454833212308586,753.0,19.0,0.0,19.0,34.0,0.0,34.0,106.0,147.0,155.0,19.0,67.0,6.0,36.0,4.0,19.0,9.0,96.0,130.0,218.0,158.0,5.0,0.0,3.0,0.0,0.0,0.0,1.0,0.0,1.0,4.0,0.0,1.0,0.0,0.0,0.0,2.0,0.0,1.0,0.0,4.0,0.0,0.0,0.0,0.0,0.0,0.0,0.0,0.0,0.0,0.0,0.0,0.0,0.0,0.0,0.0,0.0,0.0,0.0,1.0,0.0,1.0,0.0,0.0,2.0,1.0,1.0,2.0,4.0,1.0,3.0,0.0,0.0,0.0,0.0,0.0,0.0,0.0,0.0,0.0,0.0,0.0,0.0,0.0,0.0,0.0,0.0,0.0,0.0,3.0,0.0,2.0,0.0,0.0,3.0,2.0,1.0,4.0,5.0,1.0,4.0
409,1.0,409.0,London_303,cons,151,453,1092.0,70.0,2.0,162627.0,1.2321587358601391,816.0,111.0,0.0,111.0,195.0,0.0,195.0,31.0,151.0,152.0,21.0,66.0,6.0,34.0,4.0,19.0,8.0,98.0,137.0,210.0,160.0,1.0,0.0,1.0,0.0,0.0,0.0,0.0,0.0,0.0,57.0,0.0,19.0,1.0,29.0,1.0,4.0,0.0,3.0,0.0,57.0,0.0,0.0,0.0,0.0,0.0,0.0,0.0,0.0,0.0,0.0,0.0,0.0,0.0,0.0,0.0,0.0,0.0,0.0,0.0,0.0,0.0,0.0,8.0,6.0,2.0,3.0,10.0,8.0,17.0,14.0,0.0,0.0,0.0,0.0,0.0,0.0,0.0,0.0,0.0,0.0,0.0,0.0,0.0,0.0,0.0,0.0,0.0,0.0,0.0,0.0,0.0,0.0,8.0,9.0,3.0,5.0,14.0,13.0,22.0,17.0
410,1.0,410.0,London_303,cons,151,453,1092.0,70.0,2.0,147225.0,0.8858626647852361,782.0,31.0,0.0,31.0,48.0,0.0,48.0,110.0,158.0,148.0,12.0,82.0,10.0,23.0,3.0,17.0,9.0,95.0,137.0,212.0,168.0,2.0,2.0,0.0,0.0,0.0,0.0,0.0,0.0,0.0,8.0,0.0,4.0,0.0,2.0,0.0,1.0,0.0,1.0,0.0,8.0,0.0,0.0,0.0,0.0,0.0,0.0,0.0,0.0,0.0,0.0,0.0,0.0,0.0,0.0,0.0,0.0,0.0,0.0,1.0,0.0,2.0,0.0,4.0,1.0,1.0,2.0,1.0,3.0,6.0,4.0,0.0,0.0,0.0,0.0,0.0,0.0,0.0,0.0,0.0,0.0,0.0,0.0,0.0,0.0,0.0,0.0,0.0,0.0,1.0,0.0,2.0,0.0,5.0,2.0,1.0,4.0,1.0,4.0,6.0,5.0
411,1.0,411.0,London_303,cons,151,453,1092.0,70.0,2.0,182106.0,1.2767120050266385,859.0,141.0,2.0,139.0,264.0,18.0,246.0,37.0,159.0,146.0,11.0,84.0,8.0,24.0,3.0,18.0,9.0,93.0,152.0,199.0,177.0,3.0,0.0,2.0,0.0,1.0,0.0,0.0,0.0,0.0,84.0,0.0,29.0,7.0,31.0,0.0,8.0,1.0,8.0,2.0,82.0,0.0,0.0,0.0,0.0,0.0,0.0,0.0,0.0,0.0,0.0,0.0,0.0,0.0,0.0,0.0,0.0,0.0,0.0,1.0,3.0,2.0,0.0,8.0,5.0,1.0,6.0,5.0,13.0,21.0,12.0,0.0,0.0,0.0,0.0,0.0,0.0,0.0,0.0,0.0,0.0,0.0,0.0,0.0,0.0,0.0,0.0,0.0,0.0,1.0,3.0,2.0,0.0,8.0,9.0,2.0,6.0,7.0,17.0,32.0,17.0
412,1.0,412.0,London_303,cons,151,453,1092.0,70.0,2.0,162174.0,1.2011668169870973,815.0,102.0,0.0,102.0,175.0,0.0,175.0,116.0,147.0,170.0,11.0,70.0,7.0,23.0,3.0,22.0,11.0,102.0,126.0,214.0,182.0,6.0,2.0,3.0,0.0,1.0,0.0,0.0,0.0,0.0,46.0,0.0,3.0,5.0,29.0,0.0,3.0,1.0,5.0,0.0,46.0,0.0,0.0,0.0,0.0,0.0,0.0,0.0,0.0,0.0,0.0,0.0,0.0,0.0,0.0,0.0,0.0,0.0,0.0,1.0,3.0,0.0,2.0,5.0,10.0,4.0,1.0,4.0,14.0,14.0,8.0,0.0,0.0,0.0,0.0,0.0,0.0,0.0,0.0,0.0,0.0,0.0,0.0,0.0,0.0,0.0,0.0,0.0,0.0,2.0,4.0,0.0,3.0,5.0,12.0,4.0,1.0,6.0,17.0,19.0,9.0
413,1.0,413.0,London_303,cons,151,453,1092.0,70.0,2.0,157644.0,1.1250001327134669,805.0,26.0,2.0,24.0,58.0,17.0,41.0,103.0,149.0,158.0,5.0,71.0,11.0,30.0,5.0,24.0,10.0,106.0,131.0,206.0,181.0,6.0,1.0,4.0,0.0,1.0,0.0,0.0,0.0,0.0,10.0,0.0,3.0,1.0,3.0,0.0,3.0,0.0,0.0,2.0,8.0,0.0,0.0,0.0,0.0,0.0,0.0,0.0,0.0,0.0,1.0,0.0,0.0,0.0,1.0,0.0,0.0,0.0,0.0,0.0,2.0,1.0,0.0,1.0,4.0,3.0,1.0,3.0,1.0,5.0,5.0,0.0,0.0,0.0,0.0,0.0,0.0,0.0,0.0,0.0,1.0,0.0,0.0,0.0,2.0,0.0,0.0,0.0,0.0,0.0,3.0,1.0,0.0,1.0,5.0,3.0,1.0,4.0,1.0,6.0,8.0
414,1.0,414.0,London_303,cons,151,453,1092.0,70.0,2.0,190260.0,1.330008695833385,877.0,113.0,2.0,111.0,219.0,21.0,198.0,41.0,154.0,163.0,5.0,66.0,9.0,27.0,4.0,25.0,10.0,101.0,133.0,209.0,177.0,3.0,2.0,1.0,0.0,0.0,0.0,0.0,0.0,0.0,72.0,2.0,30.0,4.0,24.0,2.0,8.0,0.0,2.0,2.0,70.0,0.0,0.0,0.0,0.0,0.0,0.0,0.0,0.0,0.0,0.0,0.0,0.0,1.0,0.0,1.0,0.0,0.0,0.0,1.0,1.0,1.0,0.0,7.0,5.0,6.0,4.0,1.0,9.0,14.0,7.0,0.0,0.0,0.0,0.0,0.0,0.0,0.0,0.0,0.0,0.0,0.0,0.0,1.0,0.0,1.0,0.0,0.0,0.0,1.0,1.0,1.0,0.0,7.0,5.0,7.0,4.0,1.0,15.0,16.0,11.0
415,1.0,415.0,London_303,cons,151,453,1092.0,70.0,2.0,180294.0,1.1787297637201846,855.0,111.0,2.0,109.0,219.0,17.0,202.0,81.0,155.0,159.0,7.0,66.0,10.0,25.0,5.0,26.0,11.0,99.0,141.0,202.0,181.0,6.0,1.0,5.0,0.0,0.0,0.0,0.0,0.0,0.0,72.0,2.0,23.0,7.0,26.0,0.0,6.0,0.0,8.0,1.0,71.0,0.0,0.0,0.0,0.0,0.0,0.0,0.0,0.0,1.0,0.0,0.0,0.0,0.0,0.0,1.0,0.0,0.0,0.0,1.0,3.0,4.0,1.0,1.0,6.0,3.0,1.0,3.0,11.0,11.0,8.0,0.0,0.0,0.0,0.0,0.0,0.0,0.0,0.0,1.0,0.0,0.0,0.0,0.0,0.0,5.0,0.0,0.0,0.0,1.0,3.0,5.0,1.0,1.0,7.0,3.0,1.0,4.0,13.0,15.0,9.0
416,1.0,416.0,London_303,cons,151,453,1092.0,70.0,2.0,168969.0,1.3571022800169885,830.0,34.0,0.0,34.0,56.0,0.0,56.0,100.0,154.0,155.0,10.0,61.0,11.0,30.0,5.0,27.0,10.0,98.0,129.0,216.0,170.0,7.0,3.0,3.0,0.0,0.0,0.0,1.0,0.0,0.0,5.0,0.0,0.0,0.0,5.0,0.0,0.0,0.0,0.0,0.0,5.0,0.0,0.0,0.0,0.0,0.0,0.0,0.0,0.0,0.0,0.0,0.0,0.0,0.0,0.0,0.0,0.0,0.0,0.0,2.0,9.0,3.0,0.0,1.0,4.0,1.0,3.0,1.0,10.0,4.0,6.0,0.0,0.0,0.0,0.0,0.0,0.0,0.0,0.0,0.0,0.0,0.0,0.0,0.0,0.0,0.0,0.0,0.0,0.0,2.0,12.0,3.0,0.0,1.0,4.0,1.0,4.0,1.0,16.0,6.0,8.0
417,1.0,417.0,London_303,cons,151,453,1092.0,70.0,2.0,193431.0,1.1901468830183148,884.0,143.0,0.0,143.0,252.0,0.0,252.0,56.0,151.0,157.0,16.0,55.0,14.0,31.0,5.0,24.0,10.0,97.0,131.0,215.0,167.0,2.0,0.0,1.0,0.0,0.0,0.0,0.0,0.0,1.0,87.0,0.0,20.0,3.0,50.0,0.0,9.0,0.0,5.0,0.0,87.0,0.0,0.0,0.0,0.0,0.0,0.0,0.0,0.0,0.0,0.0,0.0,0.0,0.0,0.0,0.0,0.0,0.0,0.0,1.0,4.0,1.0,0.0,3.0,4.0,4.0,5.0,2.0,16.0,15.0,12.0,0.0,0.0,0.0,0.0,0.0,0.0,0.0,0.0,0.0,0.0,0.0,0.0,0.0,0.0,0.0,0.0,0.0,0.0,1.0,7.0,1.0,0.0,3.0,5.0,4.0,5.0,2.0,25.0,19.0,15.0
418,1.0,418.0,London_303,cons,151,453,1092.0,70.0,2.0,171234.0,1.2799536092206836,835.0,139.0,0.0,139.0,233.0,0.0,233.0,108.0,158.0,161.0,16.0,55.0,14.0,24.0,4.0,21.0,14.0,95.0,133.0,211.0,173.0,4.0,1.0,2.0,0.0,1.0,0.0,0.0,0.0,0.0,95.0,0.0,40.0,3.0,39.0,0.0,11.0,0.0,2.0,0.0,95.0,0.0,0.0,0.0,0.0,0.0,0.0,0.0,0.0,0.0,0.0,0.0,0.0,0.0,0.0,0.0,0.0,0.0,0.0,5.0,3.0,3.0,0.0,2.0,6.0,4.0,1.0,3.0,11.0,12.0,6.0,0.0,0.0,0.0,0.0,0.0,0.0,0.0,0.0,0.0,0.0,0.0,0.0,0.0,0.0,0.0,0.0,0.0,0.0,5.0,4.0,3.0,0.0,2.0,7.0,7.0,1.0,3.0,13.0,13.0,6.0
419,1.0,419.0,London_303,cons,151,453,1092.0,70.0,2.0,142695.0,0.7643596683628857,772.0,11.0,0.0,11.0,17.0,0.0,17.0,91.0,146.0,158.0,22.0,60.0,11.0,29.0,5.0,22.0,16.0,89.0,144.0,204.0,178.0,4.0,1.0,3.0,0.0,0.0,0.0,0.0,0.0,0.0,3.0,0.0,3.0,0.0,0.0,0.0,0.0,0.0,0.0,0.0,3.0,0.0,0.0,0.0,0.0,0.0,0.0,0.0,0.0,0.0,0.0,0.0,0.0,0.0,0.0,0.0,0.0,0.0,0.0,1.0,1.0,0.0,0.0,1.0,2.0,1.0,1.0,2.0,3.0,1.0,3.0,0.0,0.0,0.0,0.0,0.0,0.0,0.0,0.0,0.0,0.0,0.0,0.0,0.0,0.0,0.0,0.0,0.0,0.0,1.0,1.0,0.0,0.0,1.0,2.0,1.0,1.0,2.0,4.0,1.0,5.0
420,1.0,420.0,London_303,cons,151,453,1092.0,70.0,2.0,172140.0,1.0094025591388345,837.0,181.0,1.0,180.0,302.0,9.0,293.0,18.0,145.0,153.0,20.0,68.0,11.0,29.0,5.0,22.0,16.0,87.0,152.0,198.0,177.0,5.0,0.0,4.0,0.0,0.0,0.0,0.0,0.0,1.0,119.0,1.0,43.0,4.0,50.0,1.0,7.0,2.0,11.0,1.0,118.0,0.0,0.0,0.0,0.0,0.0,0.0,0.0,0.0,0.0,0.0,0.0,0.0,1.0,0.0,0.0,0.0,0.0,0.0,3.0,1.0,0.0,0.0,5.0,10.0,5.0,4.0,1.0,18.0,14.0,12.0,0.0,0.0,0.0,0.0,0.0,0.0,0.0,0.0,0.0,0.0,0.0,0.0,2.0,0.0,0.0,0.0,0.0,0.0,3.0,1.0,0.0,0.0,5.0,12.0,6.0,4.0,1.0,21.0,18.0,14.0
421,1.0,421.0,London_303,cons,151,453,1092.0,70.0,2.0,126840.0,0.8012607349082828,737.0,54.0,2.0,52.0,100.0,19.0,81.0,111.0,142.0,167.0,17.0,74.0,4.0,27.0,3.0,19.0,17.0,91.0,142.0,203.0,176.0,1.0,0.0,0.0,0.0,0.0,0.0,1.0,0.0,0.0,20.0,0.0,2.0,3.0,10.0,0.0,3.0,0.0,2.0,2.0,18.0,0.0,0.0,0.0,0.0,0.0,0.0,0.0,0.0,0.0,0.0,0.0,0.0,0.0,1.0,2.0,0.0,0.0,0.0,2.0,0.0,1.0,0.0,2.0,3.0,2.0,5.0,4.0,10.0,10.0,9.0,0.0,0.0,0.0,0.0,0.0,0.0,0.0,0.0,0.0,0.0,0.0,0.0,0.0,4.0,5.0,0.0,0.0,0.0,2.0,0.0,1.0,0.0,2.0,3.0,3.0,6.0,5.0,13.0,13.0,11.0
422,1.0,422.0,London_303,cons,151,453,1092.0,70.0,2.0,134541.0,1.036721823271364,754.0,78.0,2.0,76.0,145.0,18.0,127.0,72.0,150.0,171.0,11.0,75.0,3.0,20.0,3.0,20.0,16.0,88.0,134.0,215.0,172.0,3.0,0.0,3.0,0.0,0.0,0.0,0.0,0.0,0.0,30.0,0.0,8.0,1.0,13.0,0.0,7.0,0.0,1.0,2.0,28.0,0.0,0.0,0.0,0.0,0.0,0.0,0.0,0.0,0.0,0.0,0.0,0.0,0.0,0.0,1.0,0.0,0.0,0.0,3.0,0.0,2.0,0.0,5.0,7.0,6.0,5.0,3.0,9.0,17.0,9.0,0.0,0.0,0.0,0.0,0.0,0.0,0.0,0.0,0.0,0.0,0.0,0.0,0.0,0.0,1.0,0.0,0.0,0.0,3.0,0.0,2.0,0.0,6.0,8.0,8.0,6.0,4.0,12.0,19.0,12.0
423,1.0,423.0,London_303,cons,151,453,1092.0,70.0,2.0,137712.0,0.8398725260049105,761.0,80.0,1.0,79.0,138.0,9.0,129.0,90.0,152.0,166.0,10.0,80.0,5.0,18.0,1.0,21.0,18.0,91.0,142.0,202.0,172.0,2.0,0.0,2.0,0.0,0.0,0.0,0.0,0.0,0.0,32.0,0.0,4.0,3.0,19.0,0.0,0.0,2.0,4.0,0.0,32.0,0.0,0.0,0.0,0.0,0.0,0.0,0.0,0.0,0.0,0.0,0.0,0.0,0.0,0.0,1.0,0.0,0.0,0.0,2.0,2.0,0.0,2.0,3.0,7.0,6.0,5.0,1.0,18.0,11.0,7.0,0.0,0.0,0.0,0.0,0.0,0.0,0.0,0.0,0.0,0.0,0.0,0.0,0.0,0.0,1.0,0.0,0.0,0.0,3.0,2.0,0.0,3.0,3.0,7.0,6.0,6.0,2.0,27.0,12.0,8.0
424,1.0,424.0,London_303,cons,151,453,1092.0,70.0,2.0,131370.0,0.7952128327451646,747.0,91.0,0.0,91.0,169.0,0.0,169.0,92.0,153.0,174.0,16.0,66.0,5.0,21.0,1.0,17.0,17.0,94.0,138.0,204.0,164.0,6.0,3.0,3.0,0.0,0.0,0.0,0.0,0.0,0.0,35.0,0.0,14.0,2.0,10.0,0.0,5.0,1.0,3.0,0.0,35.0,0.0,0.0,0.0,0.0,0.0,0.0,0.0,0.0,0.0,0.0,0.0,0.0,0.0,0.0,0.0,0.0,0.0,0.0,2.0,3.0,7.0,2.0,4.0,10.0,5.0,6.0,5.0,14.0,18.0,9.0,0.0,0.0,0.0,0.0,0.0,0.0,0.0,0.0,0.0,0.0,0.0,0.0,0.0,0.0,0.0,0.0,0.0,0.0,2.0,4.0,7.0,2.0,4.0,13.0,6.0,8.0,6.0,18.0,27.0,11.0
425,1.0,425.0,London_303,cons,151,453,1092.0,70.0,2.0,125028.0,0.8440160090103745,733.0,18.0,0.0,18.0,28.0,0.0,28.0,117.0,152.0,173.0,18.0,70.0,1.0,20.0,1.0,18.0,15.0,95.0,146.0,197.0,165.0,1.0,0.0,1.0,0.0,0.0,0.0,0.0,0.0,0.0,2.0,0.0,0.0,0.0,0.0,0.0,0.0,0.0,2.0,0.0,2.0,0.0,0.0,0.0,0.0,0.0,0.0,0.0,0.0,0.0,0.0,0.0,0.0,0.0,0.0,0.0,0.0,0.0,0.0,1.0,0.0,0.0,0.0,0.0,0.0,3.0,1.0,1.0,3.0,3.0,3.0,0.0,0.0,0.0,0.0,0.0,0.0,0.0,0.0,0.0,0.0,0.0,0.0,0.0,0.0,0.0,0.0,0.0,0.0,1.0,0.0,0.0,0.0,0.0,0.0,4.0,1.0,3.0,4.0,4.0,3.0
426,1.0,426.0,London_303,cons,151,453,1092.0,70.0,2.0,158097.0,1.0443420801311731,806.0,105.0,0.0,105.0,173.0,0.0,173.0,26.0,154.0,175.0,15.0,67.0,2.0,21.0,1.0,18.0,16.0,96.0,150.0,191.0,167.0,2.0,1.0,0.0,0.0,0.0,0.0,0.0,0.0,1.0,55.0,0.0,20.0,3.0,23.0,2.0,2.0,0.0,5.0,0.0,55.0,0.0,0.0,0.0,0.0,0.0,0.0,0.0,0.0,0.0,0.0,0.0,0.0,0.0,0.0,0.0,0.0,0.0,0.0,2.0,2.0,2.0,1.0,2.0,3.0,3.0,1.0,6.0,13.0,12.0,13.0,0.0,0.0,0.0,0.0,0.0,0.0,0.0,0.0,0.0,0.0,0.0,0.0,0.0,0.0,0.0,0.0,0.0,0.0,3.0,2.0,3.0,1.0,2.0,4.0,3.0,2.0,8.0,18.0,13.0,15.0
427,1.0,427.0,London_303,cons,151,453,1092.0,70.0,2.0,150396.0,0.9550620340742171,789.0,149.0,0.0,149.0,253.0,0.0,253.0,91.0,150.0,157.0,23.0,83.0,4.0,21.0,1.0,14.0,16.0,91.0,146.0,200.0,175.0,6.0,2.0,4.0,0.0,0.0,0.0,0.0,0.0,0.0,84.0,0.0,40.0,2.0,28.0,2.0,3.0,0.0,9.0,0.0,84.0,0.0,0.0,0.0,0.0,0.0,0.0,0.0,0.0,0.0,0.0,0.0,0.0,0.0,0.0,0.0,0.0,0.0,0.0,2.0,2.0,0.0,1.0,5.0,5.0,4.0,2.0,10.0,18.0,18.0,10.0,0.0,0.0,0.0,0.0,0.0,0.0,0.0,0.0,0.0,0.0,0.0,0.0,0.0,0.0,0.0,0.0,0.0,0.0,2.0,2.0,0.0,2.0,5.0,6.0,4.0,2.0,11.0,22.0,27.0,13.0
428,1.0,428.0,London_303,cons,151,453,1092.0,70.0,2.0,110985.0,1.0985791790299118,702.0,29.0,2.0,27.0,63.0,17.0,46.0,130.0,148.0,175.0,11.0,77.0,5.0,24.0,1.0,12.0,18.0,98.0,149.0,188.0,177.0,0.0,0.0,0.0,0.0,0.0,0.0,0.0,0.0,0.0,4.0,0.0,1.0,0.0,0.0,0.0,3.0,0.0,0.0,2.0,2.0,0.0,0.0,0.0,0.0,0.0,0.0,0.0,0.0,0.0,0.0,0.0,0.0,0.0,0.0,0.0,0.0,0.0,0.0,1.0,0.0,1.0,0.0,0.0,4.0,4.0,3.0,3.0,6.0,8.0,7.0,0.0,0.0,0.0,0.0,0.0,0.0,0.0,0.0,0.0,0.0,0.0,0.0,0.0,0.0,0.0,0.0,0.0,0.0,2.0,0.0,1.0,0.0,0.0,6.0,8.0,4.0,6.0,13.0,8.0,9.0
429,1.0,429.0,London_303,cons,151,453,1092.0,70.0,2.0,134088.0,0.6956367627717555,753.0,65.0,0.0,65.0,108.0,0.0,108.0,48.0,156.0,167.0,13.0,74.0,6.0,21.0,2.0,14.0,21.0,105.0,153.0,174.0,183.0,9.0,2.0,5.0,0.0,1.0,0.0,0.0,0.0,1.0,34.0,1.0,16.0,1.0,10.0,0.0,3.0,1.0,2.0,0.0,34.0,0.0,0.0,0.0,0.0,0.0,0.0,0.0,0.0,0.0,0.0,0.0,0.0,0.0,0.0,0.0,0.0,0.0,0.0,1.0,1.0,0.0,0.0,1.0,5.0,0.0,2.0,2.0,6.0,14.0,6.0,0.0,0.0,0.0,0.0,0.0,0.0,0.0,0.0,0.0,0.0,0.0,0.0,0.0,0.0,0.0,0.0,0.0,0.0,1.0,1.0,0.0,0.0,1.0,7.0,0.0,3.0,2.0,7.0,19.0,6.0
430,1.0,430.0,London_303,cons,151,453,1092.0,70.0,2.0,144960.0,1.0282358336262405,777.0,9.0,0.0,9.0,16.0,0.0,16.0,67.0,148.0,171.0,18.0,71.0,9.0,21.0,1.0,14.0,20.0,102.0,153.0,178.0,180.0,4.0,0.0,3.0,0.0,0.0,0.0,0.0,0.0,1.0,2.0,0.0,0.0,0.0,1.0,0.0,0.0,0.0,1.0,0.0,2.0,0.0,0.0,0.0,0.0,0.0,0.0,0.0,0.0,0.0,0.0,0.0,0.0,0.0,0.0,0.0,0.0,0.0,0.0,1.0,1.0,0.0,0.0,0.0,3.0,0.0,0.0,4.0,3.0,0.0,2.0,0.0,0.0,0.0,0.0,0.0,0.0,0.0,0.0,0.0,0.0,0.0,0.0,0.0,0.0,0.0,0.0,0.0,0.0,1.0,1.0,0.0,0.0,0.0,3.0,0.0,0.0,5.0,6.0,0.0,2.0
431,1.0,431.0,London_303,cons,151,453,1092.0,70.0,2.0,181200.0,1.6350751328282058,857.0,161.0,1.0,160.0,287.0,8.0,279.0,17.0,150.0,173.0,18.0,66.0,9.0,22.0,2.0,13.0,19.0,100.0,155.0,179.0,176.0,5.0,0.0,5.0,0.0,0.0,0.0,0.0,0.0,0.0,106.0,0.0,31.0,7.0,47.0,1.0,12.0,2.0,6.0,0.0,106.0,0.0,0.0,0.0,0.0,0.0,0.0,0.0,0.0,0.0,0.0,0.0,0.0,1.0,0.0,0.0,0.0,0.0,0.0,1.0,3.0,4.0,1.0,5.0,3.0,6.0,2.0,2.0,22.0,10.0,11.0,0.0,0.0,0.0,0.0,0.0,0.0,0.0,0.0,0.0,0.0,0.0,0.0,5.0,0.0,0.0,0.0,0.0,0.0,1.0,3.0,4.0,1.0,5.0,3.0,8.0,4.0,4.0,30.0,17.0,13.0
432,1.0,432.0,London_303,cons,151,453,1092.0,70.0,2.0,136353.0,0.86493079084903,758.0,68.0,2.0,66.0,137.0,17.0,120.0,125.0,152.0,158.0,20.0,83.0,5.0,20.0,2.0,13.0,18.0,89.0,147.0,199.0,172.0,3.0,0.0,1.0,0.0,1.0,0.0,0.0,0.0,1.0,27.0,0.0,10.0,2.0,12.0,0.0,1.0,0.0,2.0,0.0,27.0,0.0,0.0,0.0,0.0,0.0,0.0,0.0,0.0,0.0,0.0,0.0,0.0,0.0,1.0,1.0,0.0,0.0,0.0,3.0,4.0,3.0,0.0,2.0,7.0,2.0,5.0,4.0,7.0,11.0,8.0,0.0,0.0,0.0,0.0,0.0,0.0,0.0,0.0,0.0,0.0,0.0,0.0,0.0,8.0,5.0,0.0,0.0,0.0,3.0,6.0,3.0,0.0,2.0,8.0,2.0,6.0,6.0,11.0,13.0,11.0
433,1.0,433.0,London_303,cons,151,453,1092.0,70.0,2.0,135447.0,0.842644012067467,756.0,102.0,2.0,100.0,195.0,18.0,177.0,95.0,155.0,162.0,15.0,70.0,7.0,30.0,2.0,12.0,17.0,94.0,143.0,199.0,166.0,6.0,4.0,2.0,0.0,0.0,0.0,0.0,0.0,0.0,50.0,1.0,13.0,0.0,22.0,3.0,4.0,2.0,5.0,2.0,48.0,0.0,0.0,0.0,0.0,0.0,0.0,0.0,0.0,0.0,0.0,0.0,0.0,0.0,1.0,0.0,0.0,0.0,0.0,5.0,1.0,4.0,1.0,6.0,5.0,2.0,5.0,5.0,13.0,20.0,14.0,0.0,0.0,0.0,0.0,0.0,0.0,0.0,0.0,0.0,0.0,0.0,0.0,0.0,5.0,0.0,0.0,0.0,0.0,6.0,2.0,5.0,1.0,6.0,6.0,3.0,5.0,8.0,16.0,28.0,17.0
434,1.0,434.0,London_303,cons,151,453,1092.0,70.0,2.0,130464.0,1.324593533296138,745.0,78.0,0.0,78.0,126.0,0.0,126.0,115.0,157.0,164.0,11.0,76.0,5.0,24.0,2.0,14.0,17.0,84.0,150.0,202.0,171.0,10.0,5.0,4.0,0.0,0.0,0.0,0.0,1.0,0.0,33.0,1.0,13.0,0.0,15.0,0.0,4.0,0.0,0.0,0.0,33.0,0.0,0.0,0.0,0.0,0.0,0.0,0.0,0.0,0.0,0.0,0.0,0.0,0.0,0.0,0.0,0.0,0.0,0.0,2.0,3.0,1.0,0.0,3.0,7.0,2.0,4.0,6.0,12.0,11.0,12.0,0.0,0.0,0.0,0.0,0.0,0.0,0.0,0.0,0.0,0.0,0.0,0.0,0.0,0.0,0.0,0.0,0.0,0.0,3.0,4.0,1.0,0.0,3.0,7.0,3.0,6.0,8.0,19.0,14.0,14.0
435,1.0,435.0,London_303,cons,151,453,1092.0,70.0,2.0,139071.0,0.7920876340940595,764.0,77.0,2.0,75.0,153.0,22.0,131.0,91.0,156.0,164.0,9.0,84.0,7.0,22.0,1.0,10.0,17.0,84.0,151.0,201.0,173.0,3.0,2.0,1.0,0.0,0.0,0.0,0.0,0.0,0.0,41.0,2.0,13.0,1.0,16.0,1.0,6.0,0.0,2.0,2.0,39.0,0.0,0.0,0.0,0.0,0.0,0.0,0.0,0.0,0.0,0.0,0.0,1.0,0.0,0.0,0.0,0.0,0.0,0.0,2.0,0.0,2.0,0.0,3.0,2.0,4.0,4.0,6.0,9.0,13.0,5.0,0.0,0.0,0.0,0.0,0.0,0.0,0.0,0.0,0.0,0.0,0.0,1.0,0.0,0.0,0.0,0.0,0.0,0.0,2.0,0.0,2.0,0.0,3.0,2.0,5.0,5.0,7.0,15.0,17.0,5.0
436,1.0,436.0,London_303,cons,151,453,1092.0,70.0,2.0,147678.0,1.0396328889764845,783.0,3.0,0.0,3.0,4.0,0.0,4.0,85.0,155.0,161.0,7.0,80.0,6.0,31.0,1.0,12.0,15.0,88.0,150.0,200.0,173.0,3.0,0.0,3.0,0.0,0.0,0.0,0.0,0.0,0.0,1.0,0.0,0.0,0.0,1.0,0.0,0.0,0.0,0.0,0.0,1.0,0.0,0.0,0.0,0.0,0.0,0.0,0.0,0.0,0.0,0.0,0.0,0.0,0.0,0.0,0.0,0.0,0.0,0.0,0.0,0.0,0.0,0.0,0.0,0.0,1.0,0.0,1.0,0.0,2.0,0.0,0.0,0.0,0.0,0.0,0.0,0.0,0.0,0.0,0.0,0.0,0.0,0.0,0.0,0.0,0.0,0.0,0.0,0.0,0.0,0.0,0.0,0.0,0.0,0.0,1.0,0.0,1.0,0.0,3.0,0.0
437,1.0,437.0,London_303,cons,151,453,1092.0,70.0,2.0,185730.0,1.1970741767436266,867.0,93.0,0.0,93.0,140.0,0.0,140.0,6.0,154.0,159.0,8.0,81.0,6.0,32.0,1.0,12.0,15.0,86.0,148.0,204.0,170.0,3.0,2.0,0.0,0.0,1.0,0.0,0.0,0.0,0.0,41.0,0.0,10.0,1.0,21.0,0.0,3.0,0.0,6.0,0.0,41.0,0.0,0.0,0.0,0.0,0.0,0.0,0.0,0.0,0.0,0.0,0.0,0.0,0.0,0.0,0.0,0.0,0.0,0.0,4.0,2.0,0.0,1.0,5.0,7.0,2.0,5.0,5.0,9.0,10.0,15.0,0.0,0.0,0.0,0.0,0.0,0.0,0.0,0.0,0.0,0.0,0.0,0.0,0.0,0.0,0.0,0.0,0.0,0.0,4.0,2.0,0.0,1.0,6.0,9.0,2.0,6.0,5.0,11.0,10.0,20.0
438,1.0,438.0,London_303,cons,151,453,1092.0,70.0,2.0,185277.0,1.240225745830685,866.0,108.0,2.0,106.0,195.0,19.0,176.0,88.0,157.0,157.0,11.0,80.0,6.0,30.0,1.0,11.0,16.0,84.0,152.0,201.0,175.0,4.0,0.0,4.0,0.0,0.0,0.0,0.0,0.0,0.0,64.0,2.0,24.0,4.0,28.0,0.0,4.0,0.0,2.0,2.0,62.0,0.0,0.0,0.0,0.0,0.0,0.0,0.0,0.0,0.0,0.0,0.0,1.0,1.0,0.0,1.0,0.0,0.0,0.0,3.0,4.0,1.0,0.0,2.0,6.0,1.0,3.0,4.0,13.0,12.0,7.0,0.0,0.0,0.0,0.0,0.0,0.0,0.0,0.0,0.0,0.0,0.0,2.0,2.0,0.0,1.0,0.0,0.0,0.0,3.0,5.0,1.0,0.0,2.0,8.0,1.0,6.0,4.0,21.0,14.0,7.0
439,1.0,439.0,London_303,cons,151,453,1092.0,70.0,2.0,179841.0,1.2207724112085998,854.0,125.0,2.0,123.0,220.0,17.0,203.0,91.0,156.0,150.0,7.0,84.0,9.0,34.0,2.0,11.0,15.0,80.0,158.0,200.0,172.0,3.0,1.0,2.0,0.0,0.0,0.0,0.0,0.0,0.0,75.0,0.0,31.0,3.0,30.0,0.0,7.0,0.0,4.0,2.0,73.0,0.0,0.0,0.0,0.0,0.0,0.0,0.0,0.0,0.0,0.0,0.0,0.0,0.0,1.0,1.0,0.0,0.0,0.0,1.0,2.0,1.0,1.0,6.0,6.0,2.0,5.0,3.0,12.0,12.0,11.0,0.0,0.0,0.0,0.0,0.0,0.0,0.0,0.0,0.0,0.0,0.0,0.0,0.0,4.0,4.0,0.0,0.0,0.0,1.0,2.0,1.0,1.0,7.0,6.0,3.0,7.0,4.0,15.0,14.0,11.0
440,1.0,440.0,London_303,cons,151,453,1092.0,70.0,2.0,167157.0,1.0294739799574018,826.0,126.0,0.0,126.0,219.0,0.0,219.0,107.0,149.0,150.0,11.0,96.0,4.0,32.0,1.0,10.0,16.0,86.0,146.0,205.0,181.0,2.0,2.0,0.0,0.0,0.0,0.0,0.0,0.0,0.0,71.0,1.0,26.0,2.0,31.0,0.0,8.0,0.0,3.0,0.0,71.0,0.0,0.0,0.0,0.0,0.0,0.0,0.0,0.0,0.0,0.0,0.0,0.0,0.0,0.0,0.0,0.0,0.0,0.0,2.0,1.0,1.0,0.0,5.0,7.0,8.0,2.0,8.0,13.0,15.0,12.0,0.0,0.0,0.0,0.0,0.0,0.0,0.0,0.0,0.0,0.0,0.0,0.0,0.0,0.0,0.0,0.0,0.0,0.0,2.0,1.0,1.0,0.0,5.0,7.0,8.0,2.0,10.0,18.0,17.0,16.0
441,1.0,441.0,London_303,cons,151,453,1092.0,70.0,2.0,145413.0,0.8253438640385866,778.0,91.0,0.0,91.0,163.0,0.0,163.0,102.0,150.0,154.0,8.0,100.0,4.0,25.0,2.0,10.0,16.0,77.0,153.0,207.0,186.0,5.0,5.0,0.0,0.0,0.0,0.0,0.0,0.0,0.0,55.0,1.0,16.0,8.0,19.0,2.0,6.0,1.0,2.0,0.0,55.0,0.0,0.0,0.0,0.0,0.0,0.0,0.0,0.0,0.0,0.0,0.0,0.0,0.0,0.0,0.0,0.0,0.0,0.0,2.0,2.0,4.0,1.0,4.0,4.0,2.0,1.0,5.0,13.0,10.0,10.0,0.0,0.0,0.0,0.0,0.0,0.0,0.0,0.0,0.0,0.0,0.0,0.0,0.0,0.0,0.0,0.0,0.0,0.0,3.0,2.0,4.0,1.0,4.0,5.0,2.0,3.0,6.0,16.0,13.0,10.0
442,1.0,442.0,London_303,cons,151,453,1092.0,70.0,2.0,150849.0,1.0546593968756497,790.0,67.0,0.0,67.0,118.0,0.0,118.0,82.0,152.0,162.0,8.0,80.0,4.0,34.0,1.0,12.0,14.0,80.0,152.0,207.0,194.0,7.0,2.0,4.0,0.0,0.0,0.0,1.0,0.0,0.0,32.0,0.0,8.0,2.0,16.0,1.0,3.0,0.0,2.0,0.0,32.0,0.0,0.0,0.0,0.0,0.0,0.0,0.0,0.0,0.0,0.0,0.0,0.0,0.0,0.0,0.0,0.0,0.0,0.0,0.0,4.0,4.0,0.0,0.0,3.0,4.0,3.0,4.0,14.0,9.0,8.0,0.0,0.0,0.0,0.0,0.0,0.0,0.0,0.0,0.0,0.0,0.0,0.0,0.0,0.0,0.0,0.0,0.0,0.0,0.0,5.0,5.0,0.0,0.0,3.0,4.0,6.0,5.0,19.0,15.0,8.0
443,1.0,443.0,London_303,cons,151,453,1092.0,70.0,2.0,163533.0,0.9324727710336447,818.0,54.0,2.0,52.0,107.0,19.0,88.0,75.0,152.0,153.0,10.0,88.0,4.0,31.0,1.0,14.0,15.0,82.0,156.0,200.0,195.0,4.0,2.0,2.0,0.0,0.0,0.0,0.0,0.0,0.0,26.0,0.0,13.0,1.0,11.0,0.0,1.0,0.0,0.0,2.0,24.0,0.0,0.0,0.0,0.0,0.0,0.0,0.0,0.0,0.0,0.0,0.0,1.0,0.0,0.0,1.0,0.0,0.0,0.0,0.0,4.0,0.0,0.0,1.0,3.0,3.0,4.0,3.0,5.0,9.0,5.0,0.0,0.0,0.0,0.0,0.0,0.0,0.0,0.0,0.0,0.0,0.0,1.0,0.0,0.0,1.0,0.0,0.0,0.0,0.0,5.0,0.0,0.0,1.0,4.0,4.0,6.0,3.0,5.0,9.0,7.0
444,1.0,444.0,London_303,cons,151,453,1092.0,70.0,2.0,174405.0,1.2171940370462835,842.0,127.0,2.0,125.0,243.0,18.0,225.0,65.0,150.0,162.0,16.0,77.0,4.0,29.0,1.0,14.0,14.0,78.0,151.0,210.0,190.0,3.0,0.0,3.0,0.0,0.0,0.0,0.0,0.0,0.0,86.0,0.0,31.0,7.0,33.0,2.0,9.0,0.0,4.0,2.0,84.0,0.0,0.0,0.0,0.0,0.0,0.0,0.0,0.0,0.0,1.0,0.0,1.0,0.0,1.0,0.0,0.0,0.0,0.0,1.0,1.0,2.0,1.0,2.0,7.0,4.0,1.0,5.0,9.0,19.0,7.0,0.0,0.0,0.0,0.0,0.0,0.0,0.0,0.0,0.0,1.0,0.0,1.0,0.0,2.0,0.0,0.0,0.0,0.0,1.0,1.0,2.0,1.0,2.0,8.0,5.0,1.0,7.0,13.0,27.0,9.0
445,1.0,445.0,London_303,cons,151,453,1092.0,70.0,2.0,161721.0,1.480045943055302,814.0,35.0,2.0,33.0,69.0,15.0,54.0,91.0,131.0,174.0,13.0,86.0,5.0,28.0,0.0,16.0,12.0,82.0,153.0,206.0,198.0,2.0,0.0,0.0,0.0,1.0,0.0,0.0,0.0,1.0,11.0,0.0,2.0,0.0,7.0,2.0,0.0,0.0,0.0,2.0,9.0,0.0,0.0,0.0,0.0,0.0,0.0,0.0,0.0,0.0,0.0,0.0,1.0,1.0,0.0,0.0,0.0,0.0,0.0,1.0,2.0,2.0,0.0,2.0,1.0,1.0,4.0,1.0,5.0,7.0,4.0,0.0,0.0,0.0,0.0,0.0,0.0,0.0,0.0,0.0,0.0,0.0,2.0,2.0,0.0,0.0,0.0,0.0,0.0,2.0,2.0,2.0,0.0,2.0,1.0,1.0,4.0,1.0,6.0,7.0,6.0
446,1.0,446.0,London_303,cons,151,453,1092.0,70.0,2.0,184824.0,1.1299328040331602,865.0,73.0,0.0,73.0,124.0,0.0,124.0,46.0,135.0,174.0,13.0,80.0,5.0,29.0,1.0,16.0,13.0,88.0,163.0,189.0,194.0,9.0,2.0,4.0,0.0,1.0,0.0,0.0,0.0,2.0,40.0,1.0,18.0,6.0,10.0,0.0,3.0,0.0,2.0,0.0,40.0,0.0,0.0,0.0,0.0,0.0,0.0,0.0,0.0,0.0,0.0,0.0,0.0,0.0,0.0,0.0,0.0,0.0,0.0,1.0,3.0,4.0,0.0,3.0,5.0,0.0,2.0,1.0,6.0,8.0,5.0,0.0,0.0,0.0,0.0,0.0,0.0,0.0,0.0,0.0,0.0,0.0,0.0,0.0,0.0,0.0,0.0,0.0,0.0,1.0,3.0,4.0,0.0,3.0,6.0,0.0,2.0,1.0,7.0,12.0,5.0
447,1.0,447.0,London_303,cons,151,453,1092.0,70.0,2.0,194337.0,1.428324359934777,886.0,124.0,1.0,123.0,237.0,10.0,227.0,67.0,138.0,167.0,9.0,88.0,5.0,30.0,1.0,15.0,13.0,81.0,165.0,194.0,196.0,6.0,2.0,4.0,0.0,0.0,0.0,0.0,0.0,0.0,94.0,0.0,44.0,12.0,25.0,0.0,7.0,1.0,5.0,1.0,93.0,0.0,0.0,0.0,0.0,0.0,0.0,0.0,0.0,0.0,0.0,0.0,0.0,0.0,0.0,1.0,0.0,0.0,0.0,0.0,2.0,2.0,0.0,1.0,4.0,3.0,1.0,5.0,9.0,12.0,6.0,0.0,0.0,0.0,0.0,0.0,0.0,0.0,0.0,0.0,0.0,0.0,0.0,0.0,0.0,1.0,0.0,0.0,0.0,0.0,2.0,3.0,0.0,1.0,5.0,3.0,1.0,6.0,10.0,16.0,6.0
448,1.0,448.0,London_303,cons,151,453,1092.0,70.0,2.0,171687.0,1.0958615699782968,836.0,123.0,2.0,121.0,232.0,18.0,214.0,81.0,130.0,173.0,10.0,88.0,5.0,30.0,1.0,16.0,13.0,82.0,173.0,185.0,195.0,2.0,0.0,1.0,0.0,0.0,0.0,1.0,0.0,0.0,77.0,0.0,31.0,3.0,35.0,0.0,3.0,1.0,4.0,1.0,76.0,0.0,0.0,0.0,0.0,0.0,0.0,0.0,0.0,0.0,0.0,0.0,0.0,0.0,2.0,1.0,0.0,0.0,0.0,3.0,1.0,0.0,2.0,4.0,3.0,3.0,4.0,4.0,11.0,13.0,12.0,0.0,0.0,0.0,0.0,0.0,0.0,0.0,0.0,0.0,0.0,0.0,0.0,0.0,7.0,4.0,0.0,0.0,0.0,3.0,1.0,0.0,2.0,4.0,4.0,4.0,5.0,4.0,16.0,13.0,15.0
449,1.0,449.0,London_303,cons,151,453,1092.0,70.0,2.0,159003.0,0.9624739680439234,808.0,150.0,3.0,147.0,277.0,24.0,253.0,109.0,134.0,179.0,9.0,81.0,4.0,33.0,1.0,12.0,12.0,79.0,156.0,206.0,193.0,5.0,0.0,5.0,0.0,0.0,0.0,0.0,0.0,0.0,90.0,0.0,25.0,5.0,40.0,3.0,9.0,1.0,7.0,2.0,88.0,0.0,0.0,0.0,0.0,0.0,0.0,0.0,0.0,0.0,0.0,0.0,0.0,0.0,1.0,0.0,0.0,0.0,0.0,5.0,1.0,1.0,2.0,3.0,4.0,7.0,3.0,10.0,19.0,17.0,14.0,0.0,0.0,0.0,0.0,0.0,0.0,0.0,0.0,0.0,0.0,0.0,0.0,0.0,1.0,0.0,0.0,0.0,0.0,5.0,1.0,1.0,2.0,3.0,4.0,9.0,4.0,15.0,23.0,21.0,17.0
450,1.0,450.0,London_303,cons,151,453,1092.0,70.0,2.0,133182.0,0.8113676910288632,751.0,51.0,0.0,51.0,96.0,0.0,96.0,122.0,134.0,183.0,12.0,79.0,1.0,31.0,1.0,12.0,13.0,80.0,165.0,195.0,194.0,7.0,1.0,5.0,0.0,1.0,0.0,0.0,0.0,0.0,21.0,0.0,9.0,1.0,8.0,2.0,1.0,0.0,0.0,0.0,21.0,0.0,0.0,0.0,0.0,0.0,0.0,0.0,0.0,0.0,0.0,0.0,0.0,0.0,0.0,0.0,0.0,0.0,0.0,2.0,5.0,2.0,0.0,2.0,1.0,2.0,2.0,6.0,3.0,14.0,7.0,0.0,0.0,0.0,0.0,0.0,0.0,0.0,0.0,0.0,0.0,0.0,0.0,0.0,0.0,0.0,0.0,0.0,0.0,2.0,6.0,2.0,0.0,2.0,1.0,2.0,2.0,7.0,6.0,19.0,8.0
451,1.0,451.0,London_303,cons,151,453,1092.0,70.0,2.0,152661.0,0.9011218352243304,794.0,80.0,0.0,80.0,141.0,0.0,141.0,73.0,132.0,177.0,17.0,75.0,4.0,31.0,1.0,16.0,12.0,79.0,179.0,183.0,199.0,0.0,0.0,0.0,0.0,0.0,0.0,0.0,0.0,0.0,39.0,0.0,13.0,2.0,17.0,0.0,3.0,1.0,3.0,0.0,39.0,0.0,0.0,0.0,0.0,0.0,0.0,0.0,0.0,0.0,0.0,0.0,0.0,0.0,0.0,0.0,0.0,0.0,0.0,4.0,7.0,5.0,2.0,2.0,4.0,2.0,3.0,4.0,13.0,11.0,11.0,0.0,0.0,0.0,0.0,0.0,0.0,0.0,0.0,0.0,0.0,0.0,0.0,0.0,0.0,0.0,0.0,0.0,0.0,5.0,9.0,5.0,4.0,2.0,4.0,3.0,4.0,5.0,21.0,14.0,15.0
452,1.0,452.0,London_303,cons,151,453,1092.0,70.0,2.0,163080.0,1.0449060867540538,817.0,44.0,0.0,44.0,69.0,0.0,69.0,82.0,137.0,180.0,14.0,69.0,7.0,31.0,0.0,15.0,13.0,82.0,168.0,190.0,205.0,8.0,4.0,3.0,0.0,1.0,0.0,0.0,0.0,0.0,17.0,0.0,4.0,1.0,10.0,0.0,0.0,1.0,1.0,0.0,17.0,0.0,0.0,0.0,0.0,0.0,0.0,0.0,0.0,0.0,0.0,0.0,0.0,0.0,0.0,0.0,0.0,0.0,0.0,2.0,0.0,5.0,2.0,1.0,3.0,3.0,3.0,8.0,6.0,7.0,5.0,0.0,0.0,0.0,0.0,0.0,0.0,0.0,0.0,0.0,0.0,0.0,0.0,0.0,0.0,0.0,0.0,0.0,0.0,2.0,0.0,5.0,2.0,1.0,4.0,3.0,4.0,9.0,8.0,8.0,5.0
453,1.0,453.0,London_303,cons,151,453,1092.0,70.0,2.0,176217.0,1.1891451282426715,846.0,117.0,2.0,115.0,214.0,18.0,196.0,55.0,136.0,174.0,19.0,66.0,8.0,34.0,0.0,16.0,12.0,83.0,171.0,187.0,212.0,2.0,1.0,0.0,0.0,0.0,0.0,0.0,0.0,1.0,79.0,0.0,27.0,9.0,36.0,1.0,5.0,0.0,1.0,2.0,77.0,0.0,0.0,0.0,0.0,0.0,0.0,0.0,0.0,0.0,0.0,0.0,0.0,0.0,0.0,0.0,0.0,0.0,0.0,4.0,0.0,3.0,0.0,0.0,4.0,1.0,2.0,5.0,16.0,12.0,12.0,0.0,0.0,0.0,0.0,0.0,0.0,0.0,0.0,0.0,0.0,0.0,0.0,0.0,0.0,0.0,0.0,0.0,0.0,4.0,0.0,3.0,0.0,0.0,5.0,1.0,2.0,6.0,19.0,14.0,13.0
454,1.0,454.0,London_303,cons,151,453,1092.0,70.0,2.0,154020.0,0.9264290980063379,797.0,16.0,0.0,16.0,30.0,0.0,30.0,85.0,139.0,183.0,19.0,69.0,2.0,29.0,0.0,12.0,11.0,80.0,164.0,198.0,220.0,0.0,0.0,0.0,0.0,0.0,0.0,0.0,0.0,0.0,4.0,0.0,0.0,0.0,4.0,0.0,0.0,0.0,0.0,0.0,4.0,0.0,0.0,0.0,0.0,0.0,0.0,0.0,0.0,0.0,0.0,0.0,0.0,0.0,0.0,0.0,0.0,0.0,0.0,1.0,1.0,0.0,0.0,0.0,4.0,0.0,3.0,1.0,4.0,3.0,4.0,0.0,0.0,0.0,0.0,0.0,0.0,0.0,0.0,0.0,0.0,0.0,0.0,0.0,0.0,0.0,0.0,0.0,0.0,1.0,2.0,0.0,0.0,0.0,5.0,0.0,6.0,2.0,8.0,3.0,4.0
455,1.0,455.0,London_303,cons,151,453,1092.0,70.0,2.0,188901.0,1.186668436974287,874.0,186.0,2.0,184.0,347.0,17.0,330.0,21.0,139.0,180.0,19.0,69.0,2.0,31.0,0.0,13.0,11.0,85.0,159.0,198.0,223.0,3.0,0.0,2.0,0.0,1.0,0.0,0.0,0.0,0.0,141.0,0.0,52.0,13.0,49.0,0.0,21.0,0.0,6.0,2.0,139.0,0.0,0.0,0.0,0.0,0.0,0.0,0.0,0.0,0.0,0.0,0.0,0.0,0.0,1.0,0.0,0.0,0.0,0.0,3.0,2.0,2.0,0.0,5.0,4.0,4.0,1.0,6.0,15.0,18.0,7.0,0.0,0.0,0.0,0.0,0.0,0.0,0.0,0.0,0.0,0.0,0.0,0.0,0.0,1.0,0.0,0.0,0.0,0.0,3.0,2.0,2.0,0.0,6.0,4.0,4.0,1.0,7.0,19.0,22.0,7.0
456,1.0,456.0,London_303,cons,151,453,1092.0,70.0,2.0,139524.0,0.8596200631000102,765.0,131.0,2.0,129.0,237.0,21.0,216.0,121.0,130.0,191.0,13.0,78.0,3.0,24.0,0.0,14.0,15.0,80.0,179.0,179.0,229.0,4.0,3.0,0.0,0.0,0.0,0.0,0.0,0.0,1.0,77.0,0.0,31.0,5.0,26.0,2.0,10.0,0.0,3.0,2.0,75.0,0.0,0.0,0.0,0.0,0.0,0.0,0.0,0.0,0.0,0.0,0.0,0.0,1.0,0.0,1.0,0.0,0.0,0.0,0.0,1.0,1.0,1.0,3.0,5.0,1.0,1.0,3.0,17.0,13.0,8.0,0.0,0.0,0.0,0.0,0.0,0.0,0.0,0.0,0.0,0.0,0.0,0.0,1.0,0.0,1.0,0.0,0.0,0.0,0.0,1.0,1.0,2.0,4.0,5.0,2.0,1.0,3.0,19.0,19.0,9.0
457,1.0,457.0,London_303,cons,151,453,1092.0,70.0,2.0,110985.0,0.6256420179270208,702.0,45.0,2.0,43.0,90.0,17.0,73.0,102.0,119.0,201.0,11.0,76.0,4.0,28.0,0.0,14.0,16.0,75.0,187.0,175.0,239.0,1.0,0.0,1.0,0.0,0.0,0.0,0.0,0.0,0.0,16.0,0.0,1.0,1.0,11.0,0.0,3.0,0.0,0.0,1.0,15.0,0.0,0.0,0.0,0.0,0.0,0.0,0.0,0.0,0.0,0.0,0.0,0.0,0.0,0.0,1.0,0.0,0.0,0.0,3.0,5.0,1.0,1.0,1.0,5.0,2.0,5.0,5.0,8.0,5.0,6.0,0.0,0.0,0.0,0.0,0.0,0.0,0.0,0.0,0.0,0.0,0.0,0.0,0.0,0.0,7.0,0.0,0.0,0.0,4.0,6.0,1.0,1.0,1.0,5.0,2.0,8.0,7.0,12.0,6.0,6.0
458,1.0,458.0,London_303,cons,151,453,1092.0,70.0,2.0,121857.0,1.5169791663065553,726.0,77.0,0.0,77.0,143.0,0.0,143.0,61.0,128.0,199.0,17.0,58.0,7.0,28.0,0.0,16.0,15.0,81.0,179.0,178.0,231.0,3.0,2.0,1.0,0.0,0.0,0.0,0.0,0.0,0.0,43.0,0.0,15.0,1.0,19.0,0.0,5.0,0.0,3.0,0.0,43.0,0.0,0.0,0.0,0.0,0.0,0.0,0.0,0.0,0.0,0.0,0.0,0.0,0.0,0.0,0.0,0.0,0.0,0.0,0.0,2.0,2.0,0.0,6.0,3.0,0.0,3.0,1.0,8.0,7.0,11.0,0.0,0.0,0.0,0.0,0.0,0.0,0.0,0.0,0.0,0.0,0.0,0.0,0.0,0.0,0.0,0.0,0.0,0.0,0.0,2.0,2.0,0.0,6.0,4.0,0.0,5.0,1.0,11.0,18.0,13.0
459,1.0,459.0,London_303,cons,151,453,1092.0,70.0,2.0,116874.0,0.5683559207245708,715.0,66.0,0.0,66.0,122.0,0.0,122.0,78.0,125.0,193.0,16.0,67.0,7.0,28.0,1.0,16.0,16.0,78.0,180.0,179.0,236.0,4.0,1.0,2.0,0.0,1.0,0.0,0.0,0.0,0.0,38.0,0.0,9.0,2.0,21.0,0.0,5.0,1.0,0.0,0.0,38.0,0.0,0.0,0.0,0.0,0.0,0.0,0.0,0.0,0.0,0.0,0.0,0.0,0.0,0.0,0.0,0.0,0.0,0.0,3.0,5.0,2.0,0.0,4.0,9.0,3.0,3.0,3.0,6.0,4.0,8.0,0.0,0.0,0.0,0.0,0.0,0.0,0.0,0.0,0.0,0.0,0.0,0.0,0.0,0.0,0.0,0.0,0.0,0.0,4.0,6.0,3.0,0.0,4.0,9.0,3.0,3.0,4.0,9.0,4.0,10.0
460,1.0,460.0,London_303,cons,151,453,1092.0,70.0,2.0,120498.0,0.7103121583350003,723.0,47.0,0.0,47.0,79.0,0.0,79.0,69.0,125.0,195.0,21.0,57.0,8.0,30.0,1.0,16.0,15.0,71.0,184.0,183.0,238.0,1.0,0.0,1.0,0.0,0.0,0.0,0.0,0.0,0.0,22.0,0.0,7.0,2.0,8.0,0.0,1.0,0.0,4.0,0.0,22.0,0.0,0.0,0.0,0.0,0.0,0.0,0.0,0.0,0.0,0.0,0.0,0.0,0.0,0.0,0.0,0.0,0.0,0.0,2.0,3.0,1.0,0.0,2.0,4.0,1.0,3.0,7.0,9.0,7.0,7.0,0.0,0.0,0.0,0.0,0.0,0.0,0.0,0.0,0.0,0.0,0.0,0.0,0.0,0.0,0.0,0.0,0.0,0.0,2.0,5.0,1.0,0.0,2.0,5.0,1.0,4.0,8.0,13.0,9.0,8.0
461,1.0,461.0,London_303,cons,151,453,1092.0,70.0,2.0,130011.0,0.771700575016439,744.0,21.0,0.0,21.0,36.0,0.0,36.0,49.0,125.0,202.0,19.0,56.0,6.0,29.0,1.0,15.0,15.0,69.0,191.0,178.0,238.0,6.0,0.0,4.0,0.0,2.0,0.0,0.0,0.0,0.0,9.0,0.0,1.0,0.0,7.0,0.0,1.0,0.0,0.0,0.0,9.0,0.0,0.0,0.0,0.0,0.0,0.0,0.0,0.0,0.0,0.0,0.0,0.0,0.0,0.0,0.0,0.0,0.0,0.0,0.0,0.0,3.0,0.0,0.0,4.0,3.0,1.0,1.0,0.0,2.0,1.0,0.0,0.0,0.0,0.0,0.0,0.0,0.0,0.0,0.0,0.0,0.0,0.0,0.0,0.0,0.0,0.0,0.0,0.0,0.0,0.0,3.0,0.0,0.0,5.0,4.0,1.0,1.0,0.0,4.0,1.0
462,1.0,462.0,London_303,cons,151,453,1092.0,70.0,2.0,162174.0,1.0119990692473948,815.0,84.0,1.0,83.0,159.0,9.0,150.0,28.0,129.0,197.0,18.0,57.0,7.0,28.0,2.0,15.0,15.0,71.0,194.0,173.0,231.0,7.0,2.0,3.0,0.0,1.0,0.0,1.0,0.0,0.0,53.0,0.0,12.0,2.0,31.0,0.0,4.0,2.0,2.0,1.0,52.0,0.0,0.0,0.0,0.0,0.0,0.0,0.0,0.0,0.0,0.0,0.0,0.0,0.0,0.0,0.0,0.0,0.0,0.0,4.0,1.0,1.0,2.0,5.0,5.0,2.0,1.0,5.0,8.0,11.0,5.0,0.0,0.0,0.0,0.0,0.0,0.0,0.0,0.0,0.0,0.0,0.0,0.0,0.0,0.0,0.0,0.0,0.0,0.0,4.0,1.0,1.0,2.0,6.0,6.0,2.0,1.0,7.0,12.0,13.0,5.0
463,1.0,463.0,London_303,cons,151,453,1092.0,70.0,2.0,168516.0,1.1442661629989743,829.0,152.0,2.0,150.0,273.0,19.0,254.0,75.0,130.0,197.0,15.0,61.0,5.0,28.0,2.0,15.0,18.0,74.0,189.0,172.0,233.0,6.0,4.0,1.0,0.0,1.0,0.0,0.0,0.0,0.0,101.0,0.0,33.0,2.0,46.0,1.0,10.0,2.0,7.0,2.0,99.0,0.0,0.0,0.0,0.0,0.0,0.0,0.0,0.0,1.0,0.0,0.0,0.0,0.0,1.0,1.0,0.0,0.0,0.0,1.0,2.0,2.0,1.0,4.0,7.0,5.0,1.0,7.0,12.0,11.0,11.0,0.0,0.0,0.0,0.0,0.0,0.0,0.0,0.0,1.0,0.0,0.0,0.0,0.0,3.0,2.0,0.0,0.0,0.0,1.0,2.0,2.0,1.0,5.0,9.0,8.0,2.0,10.0,14.0,14.0,13.0
464,1.0,464.0,London_303,cons,151,453,1092.0,70.0,2.0,136806.0,0.8662832058034837,759.0,92.0,2.0,90.0,174.0,18.0,156.0,107.0,123.0,199.0,13.0,75.0,0.0,26.0,1.0,16.0,18.0,75.0,195.0,165.0,231.0,6.0,2.0,3.0,0.0,0.0,0.0,0.0,0.0,1.0,43.0,0.0,15.0,3.0,21.0,0.0,3.0,0.0,1.0,2.0,41.0,0.0,0.0,0.0,0.0,0.0,0.0,0.0,0.0,0.0,0.0,0.0,0.0,0.0,0.0,1.0,0.0,0.0,0.0,6.0,4.0,3.0,1.0,6.0,3.0,5.0,2.0,5.0,15.0,13.0,11.0,0.0,0.0,0.0,0.0,0.0,0.0,0.0,0.0,0.0,0.0,0.0,0.0,0.0,0.0,1.0,0.0,0.0,0.0,6.0,4.0,3.0,1.0,6.0,4.0,7.0,2.0,6.0,19.0,17.0,12.0
465,1.0,465.0,London_303,cons,151,453,1092.0,70.0,2.0,134541.0,0.809825531207025,754.0,28.0,1.0,27.0,56.0,9.0,47.0,100.0,129.0,192.0,15.0,75.0,2.0,23.0,1.0,16.0,17.0,64.0,185.0,187.0,227.0,0.0,0.0,0.0,0.0,0.0,0.0,0.0,0.0,0.0,7.0,0.0,3.0,0.0,3.0,0.0,0.0,0.0,1.0,0.0,7.0,0.0,0.0,0.0,0.0,0.0,0.0,0.0,0.0,0.0,0.0,0.0,0.0,0.0,0.0,1.0,0.0,0.0,0.0,1.0,1.0,0.0,0.0,1.0,4.0,3.0,2.0,1.0,4.0,5.0,7.0,0.0,0.0,0.0,0.0,0.0,0.0,0.0,0.0,0.0,0.0,0.0,0.0,0.0,0.0,5.0,0.0,0.0,0.0,1.0,1.0,0.0,0.0,1.0,7.0,4.0,2.0,1.0,6.0,7.0,10.0
466,1.0,466.0,London_303,cons,151,453,1092.0,70.0,2.0,167610.0,0.9406293909996748,827.0,54.0,0.0,54.0,81.0,0.0,81.0,42.0,136.0,196.0,14.0,61.0,2.0,25.0,2.0,17.0,15.0,65.0,189.0,184.0,224.0,7.0,1.0,5.0,0.0,0.0,0.0,1.0,0.0,0.0,22.0,0.0,6.0,1.0,11.0,0.0,0.0,0.0,4.0,0.0,22.0,0.0,0.0,0.0,0.0,0.0,0.0,0.0,0.0,0.0,0.0,0.0,0.0,0.0,0.0,0.0,0.0,0.0,0.0,1.0,3.0,7.0,0.0,1.0,5.0,2.0,4.0,3.0,4.0,11.0,7.0,0.0,0.0,0.0,0.0,0.0,0.0,0.0,0.0,0.0,0.0,0.0,0.0,0.0,0.0,0.0,0.0,0.0,0.0,1.0,3.0,7.0,0.0,1.0,7.0,2.0,4.0,3.0,7.0,13.0,7.0
467,1.0,467.0,London_303,cons,151,453,1092.0,70.0,2.0,185730.0,1.0661973087117076,867.0,77.0,0.0,77.0,139.0,0.0,139.0,58.0,135.0,193.0,15.0,62.0,2.0,26.0,2.0,18.0,17.0,72.0,188.0,176.0,220.0,10.0,4.0,4.0,0.0,1.0,0.0,1.0,0.0,0.0,48.0,0.0,24.0,0.0,18.0,1.0,1.0,0.0,4.0,0.0,48.0,0.0,0.0,0.0,0.0,0.0,0.0,0.0,0.0,0.0,0.0,0.0,0.0,0.0,0.0,0.0,0.0,0.0,0.0,0.0,6.0,3.0,0.0,4.0,4.0,0.0,0.0,6.0,8.0,11.0,9.0,0.0,0.0,0.0,0.0,0.0,0.0,0.0,0.0,0.0,0.0,0.0,0.0,0.0,0.0,0.0,0.0,0.0,0.0,0.0,6.0,4.0,0.0,5.0,5.0,0.0,0.0,7.0,9.0,14.0,13.0
468,1.0,468.0,London_303,cons,151,453,1092.0,70.0,2.0,200679.0,1.313018234912306,900.0,106.0,0.0,106.0,172.0,0.0,172.0,77.0,126.0,202.0,14.0,63.0,4.0,26.0,3.0,15.0,16.0,75.0,186.0,176.0,221.0,9.0,4.0,4.0,0.0,0.0,0.0,1.0,0.0,0.0,60.0,0.0,18.0,4.0,27.0,4.0,4.0,0.0,3.0,0.0,60.0,0.0,0.0,0.0,0.0,0.0,0.0,0.0,0.0,0.0,0.0,0.0,0.0,0.0,0.0,0.0,0.0,0.0,0.0,1.0,6.0,7.0,1.0,2.0,3.0,3.0,6.0,4.0,16.0,11.0,14.0,0.0,0.0,0.0,0.0,0.0,0.0,0.0,0.0,0.0,0.0,0.0,0.0,0.0,0.0,0.0,0.0,0.0,0.0,1.0,7.0,7.0,1.0,2.0,4.0,4.0,6.0,4.0,17.0,11.0,17.0
469,1.0,469.0,London_303,cons,151,453,1092.0,70.0,2.0,187542.0,1.2117044138722122,871.0,151.0,0.0,151.0,258.0,0.0,258.0,94.0,126.0,198.0,12.0,70.0,4.0,24.0,3.0,16.0,20.0,67.0,187.0,179.0,223.0,11.0,3.0,5.0,0.0,1.0,0.0,2.0,0.0,0.0,103.0,0.0,46.0,1.0,41.0,0.0,9.0,1.0,5.0,0.0,103.0,0.0,0.0,0.0,0.0,0.0,0.0,0.0,0.0,0.0,0.0,0.0,0.0,0.0,0.0,0.0,0.0,0.0,0.0,4.0,3.0,3.0,1.0,2.0,4.0,2.0,4.0,4.0,13.0,15.0,9.0,0.0,0.0,0.0,0.0,0.0,0.0,0.0,0.0,0.0,0.0,0.0,0.0,0.0,0.0,0.0,0.0,0.0,0.0,4.0,5.0,3.0,2.0,2.0,5.0,2.0,4.0,6.0,18.0,16.0,10.0
470,1.0,470.0,London_303,cons,151,453,1092.0,70.0,2.0,150396.0,0.9427905082702637,789.0,141.0,2.0,139.0,253.0,17.0,236.0,109.0,118.0,204.0,13.0,72.0,4.0,21.0,3.0,18.0,20.0,72.0,187.0,174.0,219.0,4.0,0.0,3.0,0.0,0.0,0.0,0.0,0.0,1.0,85.0,0.0,32.0,4.0,41.0,1.0,6.0,0.0,1.0,2.0,83.0,0.0,0.0,0.0,0.0,0.0,0.0,0.0,0.0,0.0,0.0,0.0,0.0,0.0,0.0,0.0,0.0,0.0,0.0,1.0,1.0,4.0,0.0,5.0,7.0,2.0,5.0,3.0,15.0,13.0,13.0,0.0,0.0,0.0,0.0,0.0,0.0,0.0,0.0,0.0,0.0,0.0,0.0,0.0,0.0,0.0,0.0,0.0,0.0,1.0,1.0,4.0,0.0,5.0,10.0,2.0,6.0,4.0,21.0,18.0,20.0
471,1.0,471.0,London_303,cons,151,453,1092.0,70.0,2.0,111891.0,0.7404211917892098,704.0,63.0,0.0,63.0,94.0,0.0,94.0,118.0,112.0,219.0,15.0,68.0,1.0,18.0,3.0,17.0,22.0,67.0,192.0,172.0,227.0,0.0,0.0,0.0,0.0,0.0,0.0,0.0,0.0,0.0,14.0,0.0,7.0,1.0,5.0,0.0,1.0,0.0,0.0,0.0,14.0,0.0,0.0,0.0,0.0,0.0,0.0,0.0,0.0,0.0,0.0,0.0,0.0,0.0,0.0,0.0,0.0,0.0,0.0,2.0,8.0,1.0,1.0,3.0,4.0,5.0,1.0,5.0,14.0,13.0,9.0,0.0,0.0,0.0,0.0,0.0,0.0,0.0,0.0,0.0,0.0,0.0,0.0,0.0,0.0,0.0,0.0,0.0,0.0,2.0,8.0,1.0,1.0,4.0,4.0,6.0,1.0,5.0,17.0,15.0,14.0
472,1.0,472.0,London_303,cons,151,453,1092.0,70.0,2.0,107814.0,0.7717721443623304,695.0,35.0,0.0,35.0,56.0,0.0,56.0,74.0,113.0,222.0,9.0,65.0,3.0,22.0,2.0,17.0,25.0,75.0,205.0,148.0,235.0,2.0,0.0,1.0,0.0,0.0,0.0,1.0,0.0,0.0,14.0,0.0,3.0,0.0,6.0,2.0,0.0,2.0,1.0,0.0,14.0,0.0,0.0,0.0,0.0,0.0,0.0,0.0,0.0,0.0,0.0,0.0,0.0,0.0,0.0,0.0,0.0,0.0,0.0,1.0,5.0,1.0,0.0,1.0,1.0,4.0,4.0,2.0,4.0,4.0,7.0,0.0,0.0,0.0,0.0,0.0,0.0,0.0,0.0,0.0,0.0,0.0,0.0,0.0,0.0,0.0,0.0,0.0,0.0,1.0,5.0,2.0,0.0,1.0,1.0,4.0,4.0,4.0,5.0,5.0,8.0
473,1.0,473.0,London_303,cons,151,453,1092.0,70.0,2.0,126387.0,1.2878646180033684,736.0,55.0,1.0,54.0,93.0,8.0,85.0,36.0,117.0,220.0,10.0,60.0,3.0,24.0,2.0,17.0,26.0,74.0,203.0,150.0,239.0,3.0,2.0,0.0,0.0,1.0,0.0,0.0,0.0,0.0,34.0,0.0,10.0,2.0,19.0,1.0,0.0,1.0,1.0,0.0,34.0,0.0,0.0,0.0,0.0,0.0,0.0,0.0,0.0,0.0,0.0,0.0,0.0,1.0,0.0,0.0,0.0,0.0,0.0,4.0,0.0,1.0,1.0,1.0,0.0,0.0,2.0,4.0,3.0,1.0,3.0,0.0,0.0,0.0,0.0,0.0,0.0,0.0,0.0,0.0,0.0,0.0,0.0,5.0,0.0,0.0,0.0,0.0,0.0,4.0,0.0,1.0,1.0,1.0,0.0,0.0,2.0,5.0,3.0,1.0,3.0
474,1.0,474.0,London_303,cons,151,453,1092.0,70.0,2.0,140883.0,0.8849442559294403,768.0,147.0,2.0,145.0,264.0,17.0,247.0,44.0,112.0,213.0,9.0,70.0,2.0,28.0,0.0,19.0,26.0,76.0,193.0,158.0,236.0,7.0,1.0,5.0,0.0,1.0,0.0,0.0,0.0,0.0,91.0,0.0,32.0,6.0,49.0,1.0,1.0,0.0,2.0,1.0,90.0,0.0,0.0,0.0,0.0,0.0,0.0,0.0,0.0,0.0,0.0,0.0,0.0,0.0,1.0,0.0,0.0,0.0,0.0,3.0,3.0,4.0,1.0,5.0,2.0,1.0,5.0,5.0,14.0,12.0,7.0,0.0,0.0,0.0,0.0,0.0,0.0,0.0,0.0,0.0,0.0,0.0,0.0,0.0,1.0,0.0,0.0,0.0,0.0,3.0,4.0,5.0,1.0,5.0,2.0,1.0,5.0,5.0,16.0,14.0,8.0
475,1.0,475.0,London_303,cons,151,453,1092.0,70.0,2.0,101019.0,0.5471926657482982,680.0,17.0,2.0,15.0,42.0,18.0,24.0,124.0,102.0,204.0,9.0,77.0,8.0,33.0,0.0,20.0,22.0,84.0,169.0,178.0,238.0,6.0,2.0,2.0,0.0,1.0,0.0,0.0,0.0,1.0,2.0,0.0,1.0,0.0,0.0,0.0,0.0,0.0,1.0,1.0,1.0,0.0,0.0,0.0,0.0,0.0,0.0,0.0,0.0,0.0,0.0,0.0,0.0,0.0,1.0,0.0,0.0,0.0,0.0,3.0,2.0,1.0,0.0,0.0,2.0,1.0,1.0,3.0,3.0,3.0,2.0,0.0,0.0,0.0,0.0,0.0,0.0,0.0,0.0,0.0,0.0,0.0,0.0,0.0,5.0,0.0,0.0,0.0,0.0,3.0,2.0,2.0,0.0,0.0,3.0,1.0,2.0,4.0,7.0,3.0,2.0
476,1.0,476.0,London_303,cons,151,453,1092.0,70.0,2.0,132276.0,0.8887982168234885,749.0,53.0,0.0,53.0,97.0,0.0,97.0,44.0,105.0,203.0,10.0,83.0,6.0,27.0,1.0,18.0,17.0,77.0,173.0,186.0,233.0,7.0,2.0,4.0,0.0,0.0,0.0,1.0,0.0,0.0,22.0,0.0,9.0,4.0,5.0,0.0,2.0,0.0,2.0,0.0,22.0,0.0,0.0,0.0,0.0,0.0,0.0,0.0,0.0,0.0,0.0,0.0,0.0,0.0,0.0,0.0,0.0,0.0,0.0,3.0,4.0,3.0,1.0,5.0,6.0,8.0,1.0,7.0,5.0,13.0,8.0,0.0,0.0,0.0,0.0,0.0,0.0,0.0,0.0,0.0,0.0,0.0,0.0,0.0,0.0,0.0,0.0,0.0,0.0,4.0,4.0,3.0,1.0,5.0,7.0,10.0,2.0,7.0,7.0,17.0,9.0
477,1.0,477.0,London_303,cons,151,453,1092.0,70.0,2.0,146319.0,1.1696091429330409,780.0,59.0,2.0,57.0,118.0,22.0,96.0,72.0,110.0,202.0,6.0,83.0,7.0,24.0,2.0,19.0,21.0,81.0,171.0,180.0,238.0,6.0,1.0,3.0,0.0,1.0,0.0,0.0,0.0,1.0,37.0,0.0,14.0,3.0,16.0,0.0,3.0,0.0,1.0,1.0,36.0,0.0,0.0,0.0,0.0,0.0,0.0,0.0,0.0,0.0,0.0,0.0,0.0,0.0,0.0,0.0,0.0,0.0,0.0,2.0,1.0,3.0,0.0,5.0,3.0,1.0,0.0,5.0,3.0,11.0,6.0,0.0,0.0,0.0,0.0,0.0,0.0,0.0,0.0,0.0,0.0,0.0,0.0,0.0,0.0,0.0,0.0,0.0,0.0,2.0,2.0,3.0,0.0,5.0,3.0,1.0,0.0,6.0,3.0,14.0,6.0
478,1.0,478.0,London_303,cons,151,453,1092.0,70.0,2.0,160815.0,0.9906629901379347,812.0,44.0,0.0,44.0,80.0,0.0,80.0,60.0,109.0,193.0,7.0,89.0,10.0,24.0,2.0,19.0,19.0,82.0,171.0,181.0,225.0,5.0,1.0,2.0,0.0,0.0,0.0,1.0,0.0,1.0,21.0,0.0,8.0,3.0,8.0,0.0,2.0,0.0,0.0,0.0,21.0,0.0,0.0,0.0,0.0,0.0,0.0,0.0,0.0,0.0,0.0,0.0,0.0,0.0,0.0,0.0,0.0,0.0,0.0,0.0,1.0,3.0,0.0,3.0,4.0,2.0,2.0,3.0,4.0,10.0,1.0,0.0,0.0,0.0,0.0,0.0,0.0,0.0,0.0,0.0,0.0,0.0,0.0,0.0,0.0,0.0,0.0,0.0,0.0,0.0,1.0,3.0,0.0,3.0,4.0,3.0,3.0,3.0,4.0,14.0,1.0
479,1.0,479.0,London_303,cons,151,453,1092.0,70.0,2.0,191619.0,1.4837784497067332,880.0,115.0,0.0,115.0,197.0,0.0,197.0,52.0,109.0,190.0,7.0,91.0,11.0,24.0,2.0,19.0,21.0,82.0,172.0,178.0,227.0,8.0,1.0,6.0,0.0,0.0,0.0,0.0,0.0,1.0,63.0,1.0,22.0,6.0,27.0,0.0,2.0,1.0,4.0,0.0,63.0,0.0,0.0,0.0,0.0,0.0,0.0,0.0,0.0,0.0,0.0,0.0,0.0,0.0,0.0,0.0,0.0,0.0,0.0,5.0,8.0,3.0,1.0,4.0,4.0,5.0,3.0,6.0,14.0,13.0,5.0,0.0,0.0,0.0,0.0,0.0,0.0,0.0,0.0,0.0,0.0,0.0,0.0,0.0,0.0,0.0,0.0,0.0,0.0,5.0,9.0,3.0,1.0,4.0,5.0,7.0,4.0,8.0,17.0,22.0,8.0
480,1.0,480.0,London_303,cons,151,453,1092.0,70.0,2.0,184371.0,1.3413821528665721,864.0,139.0,2.0,137.0,250.0,19.0,231.0,109.0,105.0,189.0,5.0,94.0,14.0,25.0,2.0,19.0,21.0,86.0,159.0,187.0,223.0,3.0,1.0,1.0,0.0,1.0,0.0,0.0,0.0,0.0,75.0,0.0,33.0,6.0,25.0,0.0,8.0,0.0,3.0,2.0,73.0,0.0,0.0,0.0,0.0,0.0,0.0,0.0,0.0,0.0,0.0,0.0,0.0,1.0,0.0,1.0,0.0,0.0,0.0,4.0,0.0,0.0,0.0,10.0,7.0,6.0,5.0,8.0,12.0,17.0,10.0,0.0,0.0,0.0,0.0,0.0,0.0,0.0,0.0,0.0,0.0,0.0,0.0,2.0,0.0,1.0,0.0,0.0,0.0,5.0,0.0,0.0,0.0,10.0,9.0,9.0,8.0,10.0,13.0,19.0,11.0
481,1.0,481.0,London_303,cons,151,453,1092.0,70.0,2.0,153567.0,0.9995327740907669,796.0,41.0,2.0,39.0,85.0,17.0,68.0,125.0,115.0,178.0,7.0,95.0,8.0,23.0,4.0,23.0,19.0,94.0,156.0,184.0,213.0,4.0,0.0,3.0,0.0,0.0,0.0,0.0,0.0,1.0,12.0,0.0,2.0,4.0,3.0,0.0,2.0,0.0,1.0,2.0,10.0,0.0,0.0,0.0,0.0,0.0,0.0,0.0,0.0,0.0,0.0,0.0,1.0,0.0,1.0,1.0,0.0,0.0,0.0,2.0,3.0,0.0,2.0,0.0,8.0,2.0,3.0,5.0,6.0,7.0,7.0,0.0,0.0,0.0,0.0,0.0,0.0,0.0,0.0,0.0,0.0,0.0,2.0,0.0,5.0,3.0,0.0,0.0,0.0,2.0,3.0,0.0,2.0,0.0,13.0,2.0,3.0,8.0,6.0,8.0,9.0
482,1.0,482.0,London_303,cons,151,453,1092.0,70.0,2.0,175311.0,1.156963299959898,844.0,138.0,0.0,138.0,230.0,0.0,230.0,67.0,121.0,171.0,9.0,100.0,5.0,23.0,4.0,20.0,16.0,100.0,156.0,181.0,204.0,1.0,0.0,1.0,0.0,0.0,0.0,0.0,0.0,0.0,75.0,1.0,32.0,10.0,22.0,2.0,7.0,0.0,1.0,0.0,75.0,0.0,0.0,0.0,0.0,0.0,0.0,0.0,0.0,0.0,0.0,0.0,0.0,0.0,0.0,0.0,0.0,0.0,0.0,5.0,1.0,2.0,3.0,6.0,9.0,5.0,3.0,6.0,11.0,19.0,10.0,0.0,0.0,0.0,0.0,0.0,0.0,0.0,0.0,0.0,0.0,0.0,0.0,0.0,0.0,0.0,0.0,0.0,0.0,6.0,1.0,2.0,3.0,6.0,11.0,7.0,7.0,8.0,15.0,27.0,12.0
483,1.0,483.0,London_303,cons,151,453,1092.0,70.0,2.0,145866.0,1.0259783710353076,779.0,33.0,0.0,33.0,55.0,0.0,55.0,107.0,129.0,173.0,13.0,93.0,6.0,14.0,4.0,21.0,18.0,94.0,153.0,188.0,201.0,7.0,1.0,5.0,0.0,1.0,0.0,0.0,0.0,0.0,10.0,0.0,2.0,0.0,4.0,1.0,2.0,0.0,1.0,0.0,10.0,0.0,0.0,0.0,0.0,0.0,0.0,0.0,0.0,0.0,0.0,0.0,0.0,0.0,0.0,0.0,0.0,0.0,0.0,2.0,0.0,0.0,0.0,3.0,5.0,1.0,0.0,2.0,5.0,5.0,7.0,0.0,0.0,0.0,0.0,0.0,0.0,0.0,0.0,0.0,0.0,0.0,0.0,0.0,0.0,0.0,0.0,0.0,0.0,2.0,0.0,0.0,0.0,3.0,7.0,1.0,0.0,3.0,5.0,7.0,7.0
484,1.0,484.0,London_303,cons,151,453,1092.0,70.0,2.0,172140.0,1.1609344622120261,837.0,118.0,0.0,118.0,205.0,0.0,205.0,47.0,128.0,170.0,12.0,94.0,6.0,17.0,4.0,22.0,19.0,97.0,155.0,182.0,195.0,11.0,3.0,7.0,0.0,1.0,0.0,0.0,0.0,0.0,61.0,1.0,22.0,4.0,25.0,1.0,7.0,0.0,1.0,0.0,61.0,0.0,0.0,0.0,0.0,0.0,0.0,0.0,0.0,0.0,0.0,0.0,0.0,0.0,0.0,0.0,0.0,0.0,0.0,4.0,3.0,0.0,0.0,2.0,8.0,2.0,4.0,2.0,19.0,14.0,11.0,0.0,0.0,0.0,0.0,0.0,0.0,0.0,0.0,0.0,0.0,0.0,0.0,0.0,0.0,0.0,0.0,0.0,0.0,6.0,3.0,0.0,0.0,2.0,11.0,4.0,4.0,2.0,23.0,20.0,13.0
485,1.0,485.0,London_303,cons,151,453,1092.0,70.0,2.0,154473.0,0.9709572540596128,798.0,92.0,2.0,90.0,178.0,19.0,159.0,119.0,113.0,176.0,14.0,95.0,9.0,20.0,4.0,22.0,19.0,96.0,169.0,169.0,195.0,4.0,0.0,3.0,0.0,0.0,0.0,0.0,0.0,1.0,44.0,1.0,10.0,0.0,24.0,2.0,7.0,0.0,0.0,2.0,42.0,0.0,0.0,0.0,0.0,0.0,0.0,0.0,0.0,0.0,0.0,0.0,0.0,0.0,0.0,1.0,0.0,0.0,0.0,1.0,5.0,2.0,0.0,3.0,3.0,4.0,5.0,3.0,12.0,17.0,10.0,0.0,0.0,0.0,0.0,0.0,0.0,0.0,0.0,0.0,0.0,0.0,0.0,0.0,0.0,2.0,0.0,0.0,0.0,1.0,6.0,2.0,0.0,3.0,4.0,4.0,7.0,4.0,20.0,20.0,14.0
486,1.0,486.0,London_303,cons,151,453,1092.0,70.0,2.0,151755.0,0.9377340800128877,792.0,98.0,2.0,96.0,183.0,18.0,165.0,113.0,113.0,182.0,14.0,88.0,8.0,21.0,5.0,22.0,22.0,97.0,171.0,163.0,198.0,6.0,0.0,6.0,0.0,0.0,0.0,0.0,0.0,0.0,48.0,1.0,13.0,4.0,17.0,1.0,9.0,1.0,2.0,2.0,46.0,0.0,0.0,0.0,0.0,0.0,0.0,0.0,0.0,0.0,0.0,0.0,1.0,0.0,1.0,1.0,0.0,0.0,0.0,0.0,2.0,3.0,0.0,2.0,5.0,7.0,2.0,6.0,11.0,14.0,13.0,0.0,0.0,0.0,0.0,0.0,0.0,0.0,0.0,0.0,0.0,0.0,1.0,0.0,3.0,2.0,0.0,0.0,0.0,0.0,2.0,3.0,0.0,2.0,5.0,7.0,2.0,6.0,13.0,14.0,14.0
487,1.0,487.0,London_303,cons,151,453,1092.0,70.0,2.0,154020.0,0.9966744729317725,797.0,79.0,2.0,77.0,140.0,15.0,125.0,92.0,115.0,191.0,7.0,90.0,8.0,21.0,2.0,19.0,22.0,92.0,174.0,165.0,199.0,1.0,0.0,1.0,0.0,0.0,0.0,0.0,0.0,0.0,34.0,0.0,8.0,3.0,20.0,1.0,2.0,0.0,0.0,2.0,32.0,0.0,0.0,0.0,0.0,0.0,0.0,0.0,0.0,0.0,0.0,0.0,0.0,1.0,0.0,1.0,0.0,0.0,0.0,1.0,3.0,3.0,0.0,4.0,7.0,7.0,1.0,3.0,7.0,8.0,12.0,0.0,0.0,0.0,0.0,0.0,0.0,0.0,0.0,0.0,0.0,0.0,0.0,2.0,0.0,2.0,0.0,0.0,0.0,1.0,5.0,3.0,0.0,4.0,7.0,8.0,1.0,3.0,9.0,11.0,15.0
488,1.0,488.0,London_303,cons,151,453,1092.0,70.0,2.0,159909.0,1.0097541152499616,810.0,42.0,0.0,42.0,72.0,0.0,72.0,80.0,116.0,187.0,10.0,89.0,8.0,22.0,3.0,18.0,21.0,90.0,169.0,173.0,198.0,8.0,2.0,5.0,0.0,1.0,0.0,0.0,0.0,0.0,10.0,0.0,1.0,0.0,6.0,0.0,2.0,0.0,1.0,0.0,10.0,0.0,0.0,0.0,0.0,0.0,0.0,0.0,0.0,0.0,0.0,0.0,0.0,0.0,0.0,0.0,0.0,0.0,0.0,1.0,1.0,1.0,0.0,1.0,2.0,2.0,6.0,2.0,9.0,10.0,8.0,0.0,0.0,0.0,0.0,0.0,0.0,0.0,0.0,0.0,0.0,0.0,0.0,0.0,0.0,0.0,0.0,0.0,0.0,1.0,1.0,1.0,0.0,1.0,2.0,2.0,7.0,4.0,15.0,13.0,12.0
489,1.0,489.0,London_303,cons,151,453,1092.0,70.0,2.0,186636.0,1.2564568729139864,869.0,126.0,1.0,125.0,228.0,10.0,218.0,66.0,115.0,181.0,10.0,93.0,9.0,23.0,3.0,19.0,22.0,93.0,166.0,172.0,199.0,2.0,0.0,1.0,0.0,1.0,0.0,0.0,0.0,0.0,70.0,0.0,23.0,3.0,38.0,0.0,6.0,0.0,0.0,1.0,69.0,0.0,0.0,0.0,0.0,0.0,0.0,0.0,0.0,0.0,0.0,0.0,0.0,0.0,1.0,1.0,0.0,0.0,0.0,1.0,3.0,2.0,0.0,4.0,8.0,4.0,1.0,8.0,14.0,15.0,16.0,0.0,0.0,0.0,0.0,0.0,0.0,0.0,0.0,0.0,0.0,0.0,0.0,0.0,3.0,2.0,0.0,0.0,0.0,1.0,3.0,2.0,0.0,4.0,9.0,4.0,1.0,9.0,18.0,20.0,21.0
490,1.0,490.0,London_303,cons,151,453,1092.0,70.0,2.0,164892.0,1.094780309125781,821.0,104.0,2.0,102.0,199.0,18.0,181.0,112.0,114.0,171.0,10.0,98.0,7.0,28.0,3.0,22.0,23.0,91.0,170.0,169.0,202.0,15.0,6.0,5.0,0.0,2.0,0.0,2.0,0.0,0.0,50.0,0.0,17.0,6.0,15.0,1.0,7.0,1.0,3.0,1.0,49.0,0.0,0.0,0.0,0.0,0.0,0.0,0.0,0.0,0.0,0.0,0.0,0.0,0.0,1.0,1.0,0.0,0.0,0.0,3.0,2.0,2.0,0.0,4.0,7.0,6.0,2.0,5.0,14.0,18.0,16.0,0.0,0.0,0.0,0.0,0.0,0.0,0.0,0.0,0.0,0.0,0.0,0.0,0.0,7.0,4.0,0.0,0.0,0.0,4.0,4.0,2.0,0.0,5.0,7.0,6.0,2.0,6.0,19.0,23.0,23.0
491,1.0,491.0,London_303,cons,151,453,1092.0,70.0,2.0,150396.0,1.0288708619773388,789.0,84.0,3.0,81.0,174.0,24.0,150.0,135.0,119.0,173.0,8.0,89.0,7.0,30.0,4.0,23.0,22.0,97.0,159.0,175.0,198.0,11.0,1.0,8.0,0.0,0.0,0.0,0.0,0.0,2.0,44.0,0.0,17.0,4.0,18.0,3.0,1.0,0.0,1.0,3.0,41.0,0.0,0.0,0.0,0.0,0.0,0.0,0.0,0.0,0.0,0.0,0.0,0.0,0.0,1.0,1.0,0.0,0.0,0.0,3.0,6.0,4.0,1.0,4.0,4.0,3.0,5.0,6.0,12.0,14.0,6.0,0.0,0.0,0.0,0.0,0.0,0.0,0.0,0.0,0.0,0.0,0.0,0.0,0.0,1.0,1.0,0.0,0.0,0.0,4.0,8.0,5.0,1.0,4.0,4.0,3.0,8.0,6.0,16.0,16.0,7.0
492,1.0,492.0,London_303,cons,151,453,1092.0,70.0,2.0,151302.0,0.9571494068950415,791.0,19.0,0.0,19.0,39.0,0.0,39.0,99.0,128.0,171.0,5.0,84.0,8.0,34.0,5.0,18.0,21.0,91.0,157.0,184.0,194.0,3.0,0.0,1.0,0.0,2.0,0.0,0.0,0.0,0.0,3.0,0.0,0.0,0.0,2.0,0.0,1.0,0.0,0.0,0.0,3.0,0.0,0.0,0.0,0.0,0.0,0.0,0.0,0.0,0.0,0.0,0.0,0.0,0.0,0.0,0.0,0.0,0.0,0.0,0.0,1.0,1.0,0.0,0.0,3.0,2.0,4.0,2.0,3.0,3.0,5.0,0.0,0.0,0.0,0.0,0.0,0.0,0.0,0.0,0.0,0.0,0.0,0.0,0.0,0.0,0.0,0.0,0.0,0.0,0.0,1.0,1.0,0.0,0.0,6.0,2.0,6.0,2.0,3.0,7.0,9.0
493,1.0,493.0,London_303,cons,151,453,1092.0,70.0,2.0,183918.0,1.2442971728742123,863.0,183.0,0.0,183.0,308.0,0.0,308.0,37.0,131.0,170.0,5.0,86.0,9.0,27.0,5.0,20.0,21.0,95.0,160.0,177.0,195.0,7.0,3.0,2.0,0.0,1.0,0.0,0.0,0.0,1.0,125.0,0.0,49.0,11.0,51.0,3.0,8.0,0.0,3.0,0.0,125.0,0.0,0.0,0.0,0.0,0.0,0.0,0.0,0.0,0.0,0.0,0.0,0.0,0.0,0.0,0.0,0.0,0.0,0.0,2.0,2.0,3.0,0.0,6.0,1.0,6.0,4.0,4.0,15.0,14.0,11.0,0.0,0.0,0.0,0.0,0.0,0.0,0.0,0.0,0.0,0.0,0.0,0.0,0.0,0.0,0.0,0.0,0.0,0.0,2.0,2.0,3.0,0.0,6.0,3.0,6.0,5.0,6.0,22.0,16.0,12.0
494,1.0,494.0,London_303,cons,151,453,1092.0,70.0,2.0,136806.0,0.9660086701624095,759.0,108.0,0.0,108.0,182.0,0.0,182.0,116.0,122.0,181.0,9.0,81.0,12.0,26.0,5.0,17.0,22.0,93.0,153.0,185.0,201.0,5.0,1.0,4.0,0.0,0.0,0.0,0.0,0.0,0.0,61.0,1.0,15.0,6.0,28.0,0.0,9.0,0.0,2.0,0.0,61.0,0.0,0.0,0.0,0.0,0.0,0.0,0.0,0.0,0.0,0.0,0.0,0.0,0.0,0.0,0.0,0.0,0.0,0.0,2.0,3.0,1.0,1.0,5.0,4.0,3.0,1.0,2.0,12.0,14.0,14.0,0.0,0.0,0.0,0.0,0.0,0.0,0.0,0.0,0.0,0.0,0.0,0.0,0.0,0.0,0.0,0.0,0.0,0.0,2.0,3.0,1.0,1.0,5.0,4.0,3.0,1.0,2.0,18.0,17.0,15.0
495,1.0,495.0,London_303,cons,151,453,1092.0,70.0,2.0,116421.0,0.7627127636224031,714.0,54.0,2.0,52.0,109.0,18.0,91.0,92.0,131.0,172.0,10.0,74.0,13.0,29.0,4.0,20.0,25.0,84.0,158.0,186.0,205.0,1.0,1.0,0.0,0.0,0.0,0.0,0.0,0.0,0.0,25.0,0.0,10.0,0.0,7.0,0.0,6.0,0.0,2.0,2.0,23.0,0.0,0.0,0.0,0.0,0.0,0.0,0.0,0.0,0.0,0.0,0.0,0.0,0.0,0.0,0.0,0.0,0.0,0.0,0.0,3.0,2.0,1.0,2.0,5.0,1.0,4.0,4.0,6.0,4.0,8.0,0.0,0.0,0.0,0.0,0.0,0.0,0.0,0.0,0.0,0.0,0.0,0.0,0.0,0.0,0.0,0.0,0.0,0.0,0.0,3.0,2.0,1.0,2.0,8.0,2.0,4.0,5.0,8.0,6.0,10.0
496,1.0,496.0,London_303,cons,151,453,1092.0,70.0,2.0,120498.0,0.7769843027926981,723.0,29.0,0.0,29.0,48.0,0.0,48.0,64.0,134.0,174.0,13.0,74.0,10.0,25.0,4.0,19.0,26.0,89.0,163.0,175.0,207.0,0.0,0.0,0.0,0.0,0.0,0.0,0.0,0.0,0.0,11.0,0.0,7.0,0.0,2.0,0.0,1.0,0.0,1.0,0.0,11.0,0.0,0.0,0.0,0.0,0.0,0.0,0.0,0.0,0.0,0.0,0.0,0.0,0.0,0.0,0.0,0.0,0.0,0.0,0.0,2.0,3.0,0.0,2.0,3.0,3.0,0.0,2.0,5.0,1.0,5.0,0.0,0.0,0.0,0.0,0.0,0.0,0.0,0.0,0.0,0.0,0.0,0.0,0.0,0.0,0.0,0.0,0.0,0.0,0.0,2.0,3.0,0.0,2.0,3.0,3.0,0.0,2.0,5.0,1.0,6.0
497,1.0,497.0,London_303,cons,151,453,1092.0,70.0,2.0,146319.0,0.9761934690177441,780.0,67.0,2.0,65.0,125.0,17.0,108.0,30.0,136.0,172.0,15.0,70.0,11.0,24.0,4.0,21.0,26.0,91.0,170.0,166.0,212.0,3.0,0.0,3.0,0.0,0.0,0.0,0.0,0.0,0.0,39.0,0.0,13.0,3.0,14.0,0.0,6.0,0.0,3.0,2.0,37.0,0.0,0.0,0.0,0.0,0.0,0.0,0.0,0.0,0.0,1.0,0.0,0.0,0.0,0.0,0.0,0.0,0.0,0.0,0.0,0.0,0.0,1.0,2.0,1.0,3.0,4.0,4.0,4.0,6.0,11.0,0.0,0.0,0.0,0.0,0.0,0.0,0.0,0.0,0.0,2.0,0.0,0.0,0.0,0.0,0.0,0.0,0.0,0.0,0.0,0.0,0.0,1.0,2.0,1.0,3.0,5.0,4.0,4.0,7.0,13.0
498,1.0,498.0,London_303,cons,151,453,1092.0,70.0,2.0,161268.0,1.000417497009039,813.0,93.0,2.0,91.0,176.0,21.0,155.0,54.0,141.0,174.0,10.0,72.0,11.0,18.0,4.0,23.0,26.0,86.0,173.0,168.0,216.0,8.0,3.0,3.0,0.0,1.0,0.0,0.0,0.0,1.0,62.0,0.0,17.0,7.0,31.0,1.0,4.0,0.0,2.0,2.0,60.0,0.0,0.0,0.0,0.0,0.0,0.0,0.0,0.0,0.0,0.0,0.0,0.0,0.0,0.0,0.0,0.0,0.0,0.0,5.0,1.0,2.0,1.0,3.0,3.0,4.0,5.0,4.0,11.0,6.0,9.0,0.0,0.0,0.0,0.0,0.0,0.0,0.0,0.0,0.0,0.0,0.0,0.0,0.0,0.0,0.0,0.0,0.0,0.0,5.0,1.0,3.0,1.0,3.0,3.0,4.0,7.0,4.0,15.0,8.0,9.0
499,1.0,499.0,London_303,cons,151,453,1092.0,70.0,2.0,178935.0,1.186031311750412,852.0,112.0,2.0,110.0,196.0,17.0,179.0,64.0,135.0,183.0,11.0,72.0,7.0,21.0,2.0,22.0,24.0,91.0,168.0,170.0,215.0,2.0,0.0,2.0,0.0,0.0,0.0,0.0,0.0,0.0,53.0,1.0,10.0,5.0,25.0,2.0,4.0,1.0,5.0,1.0,52.0,0.0,0.0,0.0,0.0,0.0,0.0,0.0,0.0,0.0,0.0,0.0,0.0,0.0,0.0,1.0,0.0,0.0,0.0,4.0,2.0,2.0,1.0,4.0,5.0,5.0,5.0,4.0,11.0,18.0,14.0,0.0,0.0,0.0,0.0,0.0,0.0,0.0,0.0,0.0,0.0,0.0,0.0,0.0,0.0,4.0,0.0,0.0,0.0,5.0,2.0,3.0,1.0,4.0,6.0,6.0,5.0,5.0,13.0,22.0,19.0
500,1.0,500.0,London_303,cons,151,453,1092.0,70.0,2.0,178935.0,1.1192503003403544,852.0,95.0,0.0,95.0,168.0,0.0,168.0,105.0,139.0,175.0,11.0,68.0,11.0,24.0,2.0,23.0,26.0,97.0,160.0,170.0,210.0,5.0,0.0,5.0,0.0,0.0,0.0,0.0,0.0,0.0,52.0,0.0,21.0,4.0,23.0,0.0,2.0,1.0,1.0,0.0,52.0,0.0,0.0,0.0,0.0,0.0,0.0,0.0,0.0,0.0,0.0,0.0,0.0,0.0,0.0,0.0,0.0,0.0,0.0,0.0,2.0,1.0,0.0,1.0,8.0,0.0,2.0,5.0,10.0,13.0,3.0,0.0,0.0,0.0,0.0,0.0,0.0,0.0,0.0,0.0,0.0,0.0,0.0,0.0,0.0,0.0,0.0,0.0,0.0,0.0,2.0,1.0,0.0,1.0,9.0,0.0,2.0,7.0,12.0,17.0,3.0
501,1.0,501.0,London_303,cons,151,453,1092.0,70.0,2.0,184371.0,1.1006832788698375,864.0,7.0,0.0,7.0,9.0,0.0,9.0,79.0,135.0,178.0,10.0,71.0,9.0,23.0,3.0,24.0,26.0,90.0,164.0,173.0,213.0,3.0,0.0,1.0,0.0,0.0,0.0,1.0,0.0,1.0,0.0,0.0,0.0,0.0,0.0,0.0,0.0,0.0,0.0,0.0,0.0,0.0,0.0,0.0,0.0,0.0,0.0,0.0,0.0,0.0,0.0,0.0,0.0,0.0,0.0,0.0,0.0,0.0,0.0,1.0,0.0,0.0,0.0,2.0,1.0,0.0,0.0,2.0,1.0,2.0,2.0,0.0,0.0,0.0,0.0,0.0,0.0,0.0,0.0,0.0,0.0,0.0,0.0,0.0,0.0,0.0,0.0,0.0,0.0,1.0,0.0,0.0,0.0,2.0,1.0,0.0,0.0,4.0,1.0,2.0,2.0
502,1.0,502.0,London_303,cons,151,453,1092.0,70.0,2.0,237825.0,1.6198489959351718,982.0,144.0,0.0,144.0,266.0,0.0,266.0,12.0,136.0,180.0,8.0,72.0,8.0,22.0,4.0,23.0,25.0,89.0,168.0,171.0,211.0,6.0,0.0,5.0,0.0,1.0,0.0,0.0,0.0,0.0,102.0,1.0,29.0,9.0,48.0,2.0,10.0,2.0,1.0,0.0,102.0,0.0,0.0,0.0,0.0,0.0,0.0,0.0,0.0,0.0,0.0,0.0,0.0,0.0,0.0,0.0,0.0,0.0,0.0,5.0,3.0,3.0,0.0,3.0,4.0,4.0,0.0,3.0,10.0,8.0,10.0,0.0,0.0,0.0,0.0,0.0,0.0,0.0,0.0,0.0,0.0,0.0,0.0,0.0,0.0,0.0,0.0,0.0,0.0,5.0,5.0,4.0,0.0,4.0,5.0,5.0,0.0,3.0,13.0,10.0,13.0
503,1.0,503.0,London_303,cons,151,453,1092.0,70.0,2.0,209286.0,1.207560468930751,919.0,64.0,0.0,64.0,115.0,0.0,115.0,104.0,127.0,181.0,10.0,79.0,8.0,23.0,3.0,22.0,26.0,95.0,178.0,154.0,215.0,5.0,0.0,1.0,0.0,2.0,0.0,1.0,0.0,1.0,34.0,0.0,12.0,3.0,12.0,1.0,4.0,1.0,1.0,0.0,34.0,0.0,0.0,0.0,0.0,0.0,0.0,0.0,0.0,0.0,0.0,0.0,0.0,0.0,0.0,0.0,0.0,0.0,0.0,4.0,0.0,3.0,2.0,2.0,4.0,7.0,1.0,1.0,8.0,8.0,8.0,0.0,0.0,0.0,0.0,0.0,0.0,0.0,0.0,0.0,0.0,0.0,0.0,0.0,0.0,0.0,0.0,0.0,0.0,4.0,0.0,4.0,3.0,2.0,6.0,10.0,1.0,1.0,11.0,10.0,10.0
504,1.0,504.0,London_303,cons,151,453,1092.0,70.0,2.0,219705.0,1.6848733769729733,942.0,192.0,1.0,191.0,353.0,9.0,344.0,64.0,136.0,179.0,12.0,73.0,3.0,24.0,3.0,23.0,25.0,97.0,188.0,143.0,212.0,5.0,1.0,1.0,0.0,3.0,0.0,0.0,0.0,0.0,142.0,0.0,53.0,11.0,67.0,0.0,10.0,1.0,0.0,1.0,141.0,0.0,0.0,0.0,0.0,0.0,0.0,0.0,0.0,0.0,0.0,0.0,0.0,1.0,0.0,0.0,0.0,0.0,0.0,0.0,3.0,3.0,0.0,1.0,1.0,4.0,3.0,2.0,23.0,7.0,14.0,0.0,0.0,0.0,0.0,0.0,0.0,0.0,0.0,0.0,0.0,0.0,0.0,1.0,0.0,0.0,0.0,0.0,0.0,0.0,3.0,4.0,0.0,1.0,1.0,5.0,5.0,2.0,38.0,9.0,16.0
505,1.0,505.0,London_303,cons,151,453,1092.0,70.0,2.0,165798.0,1.4213612009771168,823.0,209.0,2.0,207.0,364.0,19.0,345.0,111.0,117.0,188.0,10.0,85.0,5.0,20.0,3.0,25.0,24.0,92.0,178.0,159.0,218.0,4.0,1.0,2.0,0.0,1.0,0.0,0.0,0.0,0.0,137.0,0.0,46.0,8.0,58.0,3.0,18.0,1.0,3.0,2.0,135.0,0.0,0.0,0.0,0.0,0.0,0.0,0.0,0.0,0.0,0.0,0.0,0.0,0.0,1.0,2.0,0.0,0.0,0.0,4.0,1.0,2.0,0.0,6.0,5.0,3.0,3.0,2.0,20.0,21.0,17.0,0.0,0.0,0.0,0.0,0.0,0.0,0.0,0.0,0.0,0.0,0.0,0.0,0.0,2.0,2.0,0.0,0.0,0.0,5.0,1.0,2.0,0.0,6.0,7.0,3.0,3.0,3.0,32.0,26.0,26.0
506,1.0,506.0,London_303,cons,151,453,1092.0,70.0,2.0,98754.0,0.5503203901462257,675.0,71.0,2.0,69.0,136.0,18.0,118.0,139.0,112.0,209.0,9.0,73.0,6.0,23.0,3.0,18.0,22.0,90.0,185.0,156.0,222.0,3.0,1.0,1.0,0.0,1.0,0.0,0.0,0.0,0.0,28.0,0.0,6.0,0.0,10.0,1.0,8.0,2.0,1.0,2.0,26.0,0.0,0.0,0.0,0.0,0.0,0.0,0.0,0.0,1.0,0.0,0.0,0.0,0.0,0.0,1.0,0.0,0.0,0.0,2.0,2.0,1.0,0.0,3.0,4.0,1.0,5.0,4.0,11.0,6.0,11.0,0.0,0.0,0.0,0.0,0.0,0.0,0.0,0.0,1.0,0.0,0.0,0.0,0.0,0.0,2.0,0.0,0.0,0.0,3.0,2.0,1.0,0.0,5.0,5.0,1.0,5.0,5.0,15.0,7.0,13.0
507,1.0,507.0,London_303,cons,151,453,1092.0,70.0,2.0,94224.0,0.45623935479670763,665.0,94.0,1.0,93.0,162.0,9.0,153.0,91.0,116.0,200.0,7.0,82.0,4.0,20.0,3.0,21.0,23.0,91.0,184.0,155.0,224.0,2.0,0.0,2.0,0.0,0.0,0.0,0.0,0.0,0.0,45.0,1.0,12.0,1.0,25.0,0.0,1.0,1.0,4.0,0.0,45.0,0.0,0.0,0.0,0.0,0.0,0.0,0.0,0.0,0.0,0.0,0.0,0.0,0.0,0.0,1.0,0.0,0.0,0.0,2.0,4.0,4.0,0.0,3.0,3.0,3.0,6.0,3.0,11.0,9.0,10.0,0.0,0.0,0.0,0.0,0.0,0.0,0.0,0.0,0.0,0.0,0.0,0.0,0.0,0.0,3.0,0.0,0.0,0.0,2.0,6.0,4.0,0.0,3.0,3.0,4.0,6.0,5.0,17.0,12.0,13.0
508,1.0,508.0,London_303,cons,151,453,1092.0,70.0,2.0,83805.0,0.4407227709889412,642.0,15.0,0.0,15.0,28.0,0.0,28.0,95.0,118.0,195.0,10.0,76.0,5.0,25.0,4.0,20.0,24.0,86.0,180.0,163.0,218.0,4.0,0.0,3.0,0.0,0.0,0.0,0.0,0.0,1.0,0.0,0.0,0.0,0.0,0.0,0.0,0.0,0.0,0.0,0.0,0.0,0.0,0.0,0.0,0.0,0.0,0.0,0.0,0.0,0.0,0.0,0.0,0.0,0.0,0.0,0.0,0.0,0.0,0.0,1.0,1.0,2.0,0.0,2.0,1.0,2.0,2.0,2.0,0.0,3.0,3.0,0.0,0.0,0.0,0.0,0.0,0.0,0.0,0.0,0.0,0.0,0.0,0.0,0.0,0.0,0.0,0.0,0.0,0.0,1.0,1.0,3.0,0.0,2.0,1.0,2.0,3.0,2.0,0.0,5.0,4.0
509,1.0,509.0,London_303,cons,151,453,1092.0,70.0,2.0,107814.0,0.5803156369365752,695.0,0.0,0.0,0.0,0.0,0.0,0.0,33.0,127.0,189.0,6.0,79.0,3.0,25.0,5.0,19.0,24.0,91.0,179.0,159.0,221.0,4.0,0.0,2.0,0.0,1.0,0.0,0.0,0.0,1.0,0.0,0.0,0.0,0.0,0.0,0.0,0.0,0.0,0.0,0.0,0.0,0.0,0.0,0.0,0.0,0.0,0.0,0.0,0.0,0.0,0.0,0.0,0.0,0.0,0.0,0.0,0.0,0.0,0.0,0.0,0.0,0.0,0.0,0.0,0.0,0.0,0.0,0.0,0.0,0.0,0.0,0.0,0.0,0.0,0.0,0.0,0.0,0.0,0.0,0.0,0.0,0.0,0.0,0.0,0.0,0.0,0.0,0.0,0.0,0.0,0.0,0.0,0.0,0.0,0.0,0.0,0.0,0.0,0.0,0.0,0.0
510,1.0,510.0,London_303,cons,151,453,1092.0,70.0,2.0,135447.0,0.7227397640235722,756.0,7.0,0.0,7.0,11.0,0.0,11.0,4.0,128.0,189.0,6.0,78.0,3.0,26.0,5.0,18.0,24.0,89.0,180.0,160.0,218.0,5.0,1.0,4.0,0.0,0.0,0.0,0.0,0.0,0.0,1.0,0.0,0.0,0.0,0.0,0.0,1.0,0.0,0.0,0.0,1.0,0.0,0.0,0.0,0.0,0.0,0.0,0.0,0.0,0.0,0.0,0.0,0.0,0.0,0.0,0.0,0.0,0.0,0.0,0.0,1.0,0.0,0.0,0.0,4.0,0.0,0.0,1.0,1.0,3.0,2.0,0.0,0.0,0.0,0.0,0.0,0.0,0.0,0.0,0.0,0.0,0.0,0.0,0.0,0.0,0.0,0.0,0.0,0.0,0.0,1.0,0.0,0.0,0.0,4.0,0.0,0.0,1.0,1.0,4.0,3.0
511,1.0,511.0,London_303,cons,151,453,1092.0,70.0,2.0,163080.0,0.970700301695615,817.0,96.0,0.0,96.0,159.0,0.0,159.0,15.0,126.0,188.0,7.0,81.0,4.0,24.0,5.0,18.0,24.0,85.0,180.0,164.0,216.0,4.0,1.0,0.0,0.0,0.0,0.0,0.0,0.0,3.0,52.0,2.0,15.0,10.0,18.0,0.0,6.0,0.0,1.0,0.0,52.0,0.0,0.0,0.0,0.0,0.0,0.0,0.0,0.0,0.0,0.0,0.0,0.0,0.0,0.0,0.0,0.0,0.0,0.0,3.0,2.0,5.0,1.0,2.0,7.0,2.0,2.0,5.0,16.0,9.0,12.0,0.0,0.0,0.0,0.0,0.0,0.0,0.0,0.0,0.0,0.0,0.0,0.0,0.0,0.0,0.0,0.0,0.0,0.0,5.0,4.0,5.0,2.0,2.0,8.0,2.0,2.0,5.0,23.0,12.0,13.0
512,1.0,512.0,London_303,cons,151,453,1092.0,70.0,2.0,144960.0,0.8141317400150001,777.0,156.0,2.0,154.0,276.0,17.0,259.0,87.0,121.0,188.0,4.0,81.0,6.0,31.0,6.0,16.0,25.0,83.0,177.0,168.0,228.0,3.0,1.0,1.0,0.0,1.0,0.0,0.0,0.0,0.0,99.0,1.0,33.0,8.0,41.0,1.0,10.0,1.0,4.0,2.0,97.0,0.0,0.0,0.0,0.0,0.0,0.0,0.0,0.0,0.0,0.0,0.0,0.0,0.0,0.0,0.0,0.0,0.0,0.0,4.0,3.0,5.0,2.0,5.0,2.0,3.0,1.0,5.0,18.0,17.0,8.0,0.0,0.0,0.0,0.0,0.0,0.0,0.0,0.0,0.0,0.0,0.0,0.0,0.0,0.0,0.0,0.0,0.0,0.0,4.0,3.0,5.0,3.0,5.0,3.0,4.0,1.0,5.0,22.0,24.0,12.0
513,1.0,513.0,London_303,cons,151,453,1092.0,70.0,2.0,100113.0,0.5249544372782111,678.0,29.0,0.0,29.0,46.0,0.0,46.0,115.0,109.0,194.0,11.0,90.0,2.0,28.0,4.0,15.0,24.0,80.0,173.0,176.0,236.0,3.0,2.0,1.0,0.0,0.0,0.0,0.0,0.0,0.0,5.0,0.0,3.0,0.0,1.0,0.0,0.0,1.0,0.0,0.0,5.0,0.0,0.0,0.0,0.0,0.0,0.0,0.0,0.0,0.0,0.0,0.0,0.0,0.0,0.0,0.0,0.0,0.0,0.0,0.0,4.0,4.0,0.0,1.0,5.0,3.0,2.0,3.0,1.0,11.0,3.0,0.0,0.0,0.0,0.0,0.0,0.0,0.0,0.0,0.0,0.0,0.0,0.0,0.0,0.0,0.0,0.0,0.0,0.0,0.0,7.0,4.0,0.0,1.0,8.0,4.0,2.0,5.0,1.0,12.0,4.0
514,1.0,514.0,London_303,cons,151,453,1092.0,70.0,2.0,124575.0,0.8265215698629618,732.0,90.0,0.0,90.0,150.0,0.0,150.0,44.0,108.0,191.0,12.0,86.0,4.0,31.0,5.0,16.0,26.0,91.0,173.0,163.0,238.0,5.0,0.0,3.0,0.0,1.0,0.0,0.0,0.0,1.0,48.0,0.0,15.0,1.0,26.0,0.0,3.0,1.0,2.0,0.0,48.0,0.0,0.0,0.0,0.0,0.0,0.0,0.0,0.0,0.0,0.0,0.0,0.0,0.0,0.0,0.0,0.0,0.0,0.0,1.0,1.0,1.0,1.0,3.0,6.0,2.0,4.0,5.0,12.0,9.0,10.0,0.0,0.0,0.0,0.0,0.0,0.0,0.0,0.0,0.0,0.0,0.0,0.0,0.0,0.0,0.0,0.0,0.0,0.0,2.0,1.0,1.0,1.0,3.0,9.0,2.0,5.0,10.0,16.0,11.0,11.0
515,1.0,515.0,London_303,cons,151,453,1092.0,70.0,2.0,118233.0,0.6899089412763715,718.0,37.0,1.0,36.0,65.0,8.0,57.0,87.0,108.0,183.0,13.0,92.0,4.0,29.0,5.0,19.0,25.0,86.0,181.0,161.0,241.0,2.0,1.0,1.0,0.0,0.0,0.0,0.0,0.0,0.0,11.0,0.0,3.0,1.0,5.0,0.0,1.0,0.0,1.0,0.0,11.0,0.0,0.0,0.0,0.0,0.0,0.0,0.0,0.0,0.0,0.0,0.0,0.0,1.0,0.0,0.0,0.0,0.0,0.0,2.0,1.0,2.0,0.0,2.0,3.0,1.0,2.0,3.0,4.0,9.0,6.0,0.0,0.0,0.0,0.0,0.0,0.0,0.0,0.0,0.0,0.0,0.0,0.0,7.0,0.0,0.0,0.0,0.0,0.0,2.0,1.0,2.0,0.0,2.0,4.0,2.0,2.0,5.0,5.0,11.0,8.0
516,1.0,516.0,London_303,cons,151,453,1092.0,70.0,2.0,142695.0,0.7880574082955718,772.0,43.0,2.0,41.0,84.0,17.0,67.0,52.0,111.0,178.0,17.0,88.0,4.0,32.0,5.0,18.0,25.0,91.0,173.0,164.0,234.0,3.0,0.0,3.0,0.0,0.0,0.0,0.0,0.0,0.0,15.0,0.0,1.0,0.0,12.0,1.0,0.0,1.0,0.0,1.0,14.0,0.0,0.0,0.0,0.0,0.0,0.0,0.0,0.0,0.0,0.0,0.0,0.0,0.0,1.0,2.0,0.0,0.0,0.0,0.0,2.0,1.0,0.0,4.0,5.0,2.0,1.0,3.0,6.0,9.0,6.0,0.0,0.0,0.0,0.0,0.0,0.0,0.0,0.0,0.0,0.0,0.0,0.0,0.0,5.0,4.0,0.0,0.0,0.0,0.0,2.0,1.0,0.0,4.0,7.0,2.0,1.0,3.0,7.0,10.0,6.0
517,1.0,517.0,London_303,cons,151,453,1092.0,70.0,2.0,164439.0,1.0256377318874002,820.0,149.0,2.0,147.0,280.0,18.0,262.0,62.0,115.0,186.0,15.0,71.0,5.0,40.0,3.0,18.0,17.0,97.0,168.0,171.0,221.0,5.0,1.0,4.0,0.0,0.0,0.0,0.0,0.0,0.0,97.0,0.0,27.0,17.0,41.0,3.0,6.0,1.0,2.0,1.0,96.0,0.0,0.0,0.0,0.0,0.0,0.0,0.0,0.0,0.0,0.0,0.0,0.0,0.0,1.0,0.0,0.0,0.0,0.0,2.0,1.0,3.0,1.0,3.0,5.0,2.0,0.0,3.0,12.0,14.0,7.0,0.0,0.0,0.0,0.0,0.0,0.0,0.0,0.0,0.0,0.0,0.0,0.0,0.0,7.0,0.0,0.0,0.0,0.0,2.0,1.0,3.0,1.0,3.0,6.0,2.0,0.0,4.0,13.0,15.0,7.0
518,1.0,518.0,London_303,cons,151,453,1092.0,70.0,2.0,139524.0,0.9746040478348732,765.0,31.0,0.0,31.0,54.0,0.0,54.0,118.0,111.0,186.0,11.0,87.0,7.0,28.0,4.0,19.0,18.0,81.0,171.0,183.0,221.0,2.0,2.0,0.0,0.0,0.0,0.0,0.0,0.0,0.0,5.0,0.0,0.0,0.0,2.0,0.0,1.0,0.0,2.0,0.0,5.0,0.0,0.0,0.0,0.0,0.0,0.0,0.0,0.0,0.0,0.0,0.0,0.0,0.0,0.0,0.0,0.0,0.0,0.0,1.0,0.0,2.0,2.0,0.0,1.0,5.0,3.0,4.0,5.0,5.0,7.0,0.0,0.0,0.0,0.0,0.0,0.0,0.0,0.0,0.0,0.0,0.0,0.0,0.0,0.0,0.0,0.0,0.0,0.0,1.0,0.0,2.0,2.0,0.0,1.0,7.0,3.0,6.0,7.0,8.0,7.0
519,1.0,519.0,London_303,cons,151,453,1092.0,70.0,2.0,164439.0,0.9020234812051058,820.0,65.0,2.0,63.0,124.0,22.0,102.0,48.0,111.0,184.0,11.0,90.0,9.0,27.0,3.0,18.0,20.0,83.0,175.0,175.0,222.0,9.0,2.0,4.0,0.0,1.0,0.0,1.0,0.0,1.0,24.0,1.0,6.0,1.0,14.0,0.0,1.0,0.0,1.0,1.0,23.0,0.0,0.0,0.0,0.0,0.0,0.0,0.0,0.0,0.0,0.0,0.0,0.0,0.0,0.0,0.0,0.0,0.0,0.0,0.0,1.0,3.0,1.0,1.0,4.0,2.0,1.0,2.0,15.0,8.0,6.0,0.0,0.0,0.0,0.0,0.0,0.0,0.0,0.0,0.0,0.0,0.0,0.0,0.0,0.0,0.0,0.0,0.0,0.0,0.0,1.0,3.0,1.0,1.0,6.0,2.0,1.0,2.0,18.0,9.0,6.0
520,1.0,520.0,London_303,cons,151,453,1092.0,70.0,2.0,169422.0,1.003731514327228,831.0,133.0,0.0,133.0,231.0,0.0,231.0,92.0,108.0,184.0,13.0,81.0,11.0,34.0,3.0,19.0,22.0,91.0,160.0,180.0,224.0,7.0,0.0,6.0,0.0,1.0,0.0,0.0,0.0,0.0,82.0,1.0,24.0,7.0,43.0,1.0,3.0,1.0,2.0,0.0,82.0,0.0,0.0,0.0,0.0,0.0,0.0,0.0,0.0,0.0,0.0,0.0,0.0,0.0,0.0,0.0,0.0,0.0,0.0,1.0,1.0,3.0,0.0,5.0,6.0,2.0,1.0,3.0,16.0,12.0,10.0,0.0,0.0,0.0,0.0,0.0,0.0,0.0,0.0,0.0,0.0,0.0,0.0,0.0,0.0,0.0,0.0,0.0,0.0,1.0,1.0,3.0,0.0,5.0,6.0,3.0,1.0,5.0,19.0,13.0,11.0
521,1.0,521.0,London_303,cons,151,453,1092.0,70.0,2.0,144960.0,1.0397317330352962,777.0,23.0,0.0,23.0,37.0,0.0,37.0,114.0,112.0,171.0,16.0,89.0,14.0,30.0,3.0,18.0,21.0,81.0,164.0,187.0,219.0,7.0,2.0,3.0,0.0,1.0,0.0,0.0,0.0,1.0,6.0,0.0,0.0,2.0,3.0,0.0,0.0,0.0,1.0,0.0,6.0,0.0,0.0,0.0,0.0,0.0,0.0,0.0,0.0,0.0,0.0,0.0,0.0,0.0,0.0,0.0,0.0,0.0,0.0,1.0,1.0,0.0,0.0,1.0,4.0,0.0,8.0,3.0,6.0,1.0,4.0,0.0,0.0,0.0,0.0,0.0,0.0,0.0,0.0,0.0,0.0,0.0,0.0,0.0,0.0,0.0,0.0,0.0,0.0,1.0,1.0,0.0,0.0,1.0,5.0,0.0,8.0,3.0,8.0,2.0,5.0
522,1.0,522.0,London_303,cons,151,453,1092.0,70.0,2.0,173952.0,1.0363011439330876,841.0,146.0,2.0,144.0,259.0,19.0,240.0,35.0,112.0,172.0,14.0,89.0,17.0,29.0,3.0,17.0,20.0,86.0,160.0,187.0,218.0,2.0,1.0,1.0,0.0,0.0,0.0,0.0,0.0,0.0,88.0,4.0,23.0,8.0,35.0,0.0,11.0,0.0,7.0,2.0,86.0,0.0,0.0,0.0,0.0,0.0,0.0,0.0,0.0,0.0,0.0,0.0,0.0,1.0,0.0,2.0,0.0,0.0,0.0,2.0,4.0,4.0,1.0,3.0,7.0,3.0,7.0,2.0,12.0,15.0,14.0,0.0,0.0,0.0,0.0,0.0,0.0,0.0,0.0,0.0,0.0,0.0,0.0,1.0,0.0,2.0,0.0,0.0,0.0,2.0,6.0,6.0,1.0,3.0,8.0,6.0,8.0,2.0,19.0,18.0,16.0
523,1.0,523.0,London_303,cons,151,453,1092.0,70.0,2.0,147225.0,0.9070600429549813,782.0,91.0,2.0,89.0,161.0,17.0,144.0,120.0,106.0,170.0,22.0,89.0,19.0,29.0,3.0,15.0,19.0,98.0,149.0,187.0,219.0,5.0,1.0,4.0,0.0,0.0,0.0,0.0,0.0,0.0,40.0,0.0,11.0,2.0,22.0,0.0,5.0,0.0,0.0,2.0,38.0,0.0,0.0,0.0,0.0,0.0,0.0,0.0,0.0,0.0,0.0,0.0,0.0,0.0,1.0,1.0,0.0,0.0,0.0,2.0,6.0,1.0,0.0,6.0,6.0,6.0,3.0,5.0,10.0,12.0,13.0,0.0,0.0,0.0,0.0,0.0,0.0,0.0,0.0,0.0,0.0,0.0,0.0,0.0,5.0,1.0,0.0,0.0,0.0,2.0,6.0,1.0,0.0,6.0,8.0,8.0,3.0,8.0,11.0,16.0,14.0
524,1.0,524.0,London_303,cons,151,453,1092.0,70.0,2.0,140430.0,0.944139305036515,767.0,114.0,0.0,114.0,191.0,0.0,191.0,100.0,117.0,168.0,20.0,82.0,17.0,29.0,4.0,16.0,17.0,94.0,152.0,190.0,211.0,4.0,1.0,0.0,0.0,2.0,0.0,0.0,0.0,1.0,61.0,2.0,22.0,0.0,29.0,1.0,4.0,0.0,3.0,0.0,61.0,0.0,0.0,0.0,0.0,0.0,0.0,0.0,0.0,0.0,0.0,0.0,0.0,0.0,0.0,0.0,0.0,0.0,0.0,1.0,2.0,0.0,0.0,4.0,6.0,0.0,10.0,7.0,7.0,14.0,7.0,0.0,0.0,0.0,0.0,0.0,0.0,0.0,0.0,0.0,0.0,0.0,0.0,0.0,0.0,0.0,0.0,0.0,0.0,1.0,2.0,0.0,0.0,4.0,8.0,0.0,10.0,9.0,12.0,18.0,7.0
525,1.0,525.0,London_303,cons,151,453,1092.0,70.0,2.0,123669.0,0.7066178065724671,730.0,26.0,0.0,26.0,45.0,0.0,45.0,97.0,116.0,176.0,12.0,88.0,15.0,29.0,2.0,15.0,21.0,88.0,146.0,198.0,220.0,11.0,5.0,4.0,0.0,1.0,0.0,0.0,0.0,1.0,11.0,0.0,5.0,1.0,2.0,0.0,1.0,0.0,2.0,0.0,11.0,0.0,0.0,0.0,0.0,0.0,0.0,0.0,0.0,0.0,0.0,0.0,0.0,0.0,0.0,0.0,0.0,0.0,0.0,0.0,3.0,3.0,0.0,3.0,0.0,1.0,0.0,2.0,4.0,3.0,3.0,0.0,0.0,0.0,0.0,0.0,0.0,0.0,0.0,0.0,0.0,0.0,0.0,0.0,0.0,0.0,0.0,0.0,0.0,0.0,4.0,3.0,0.0,3.0,0.0,1.0,0.0,2.0,4.0,5.0,4.0
526,1.0,526.0,London_303,cons,151,453,1092.0,70.0,2.0,151755.0,0.9259935840964317,792.0,8.0,0.0,8.0,15.0,0.0,15.0,41.0,119.0,185.0,9.0,80.0,15.0,29.0,2.0,14.0,21.0,88.0,151.0,193.0,218.0,10.0,1.0,8.0,0.0,0.0,0.0,1.0,0.0,0.0,3.0,0.0,0.0,0.0,1.0,0.0,2.0,0.0,0.0,0.0,3.0,0.0,0.0,0.0,0.0,0.0,0.0,0.0,0.0,0.0,0.0,0.0,0.0,0.0,0.0,0.0,0.0,0.0,0.0,1.0,1.0,0.0,1.0,0.0,2.0,0.0,1.0,0.0,1.0,1.0,1.0,0.0,0.0,0.0,0.0,0.0,0.0,0.0,0.0,0.0,0.0,0.0,0.0,0.0,0.0,0.0,0.0,0.0,0.0,1.0,1.0,0.0,2.0,0.0,4.0,0.0,1.0,0.0,2.0,2.0,1.0
527,1.0,527.0,London_303,cons,151,453,1092.0,70.0,2.0,198414.0,1.3187556522898376,895.0,154.0,2.0,152.0,303.0,19.0,284.0,20.0,121.0,184.0,7.0,84.0,15.0,26.0,2.0,14.0,20.0,88.0,155.0,190.0,213.0,6.0,1.0,4.0,0.0,1.0,0.0,0.0,0.0,0.0,103.0,1.0,23.0,8.0,54.0,0.0,9.0,2.0,6.0,2.0,101.0,0.0,0.0,0.0,0.0,0.0,0.0,0.0,0.0,0.0,0.0,0.0,0.0,0.0,0.0,1.0,0.0,0.0,0.0,2.0,3.0,0.0,1.0,6.0,2.0,5.0,3.0,5.0,18.0,14.0,11.0,0.0,0.0,0.0,0.0,0.0,0.0,0.0,0.0,0.0,0.0,0.0,0.0,0.0,0.0,1.0,0.0,0.0,0.0,2.0,4.0,0.0,1.0,6.0,3.0,5.0,3.0,8.0,24.0,21.0,12.0
528,1.0,528.0,London_303,cons,151,453,1092.0,70.0,2.0,168969.0,0.9962423578836024,830.0,94.0,2.0,92.0,180.0,18.0,162.0,118.0,111.0,185.0,11.0,92.0,13.0,27.0,2.0,12.0,19.0,82.0,145.0,207.0,217.0,6.0,2.0,4.0,0.0,0.0,0.0,0.0,0.0,0.0,56.0,3.0,20.0,2.0,22.0,1.0,4.0,1.0,3.0,2.0,54.0,0.0,0.0,0.0,0.0,0.0,0.0,0.0,0.0,0.0,0.0,0.0,0.0,0.0,1.0,1.0,0.0,0.0,0.0,3.0,1.0,3.0,0.0,3.0,6.0,5.0,4.0,2.0,9.0,11.0,7.0,0.0,0.0,0.0,0.0,0.0,0.0,0.0,0.0,0.0,0.0,0.0,0.0,0.0,2.0,2.0,0.0,0.0,0.0,4.0,1.0,4.0,0.0,3.0,6.0,9.0,4.0,2.0,13.0,14.0,9.0
529,1.0,529.0,London_303,cons,151,453,1092.0,70.0,2.0,169875.0,0.9971902929246426,832.0,139.0,2.0,137.0,263.0,15.0,248.0,89.0,114.0,176.0,13.0,98.0,11.0,27.0,2.0,12.0,18.0,77.0,147.0,211.0,219.0,3.0,1.0,2.0,0.0,0.0,0.0,0.0,0.0,0.0,88.0,0.0,36.0,6.0,34.0,1.0,7.0,0.0,4.0,2.0,86.0,0.0,0.0,0.0,0.0,0.0,0.0,0.0,0.0,0.0,0.0,0.0,0.0,1.0,0.0,0.0,0.0,0.0,0.0,1.0,4.0,3.0,0.0,5.0,9.0,4.0,5.0,3.0,19.0,17.0,13.0,0.0,0.0,0.0,0.0,0.0,0.0,0.0,0.0,0.0,0.0,0.0,0.0,2.0,0.0,0.0,0.0,0.0,0.0,1.0,4.0,3.0,0.0,5.0,10.0,5.0,7.0,3.0,24.0,23.0,15.0
530,1.0,530.0,London_303,cons,151,453,1092.0,70.0,2.0,149037.0,0.8737782337702811,786.0,49.0,0.0,49.0,85.0,0.0,85.0,109.0,129.0,170.0,9.0,84.0,16.0,27.0,2.0,16.0,18.0,78.0,151.0,206.0,221.0,4.0,2.0,2.0,0.0,0.0,0.0,0.0,0.0,0.0,23.0,0.0,14.0,2.0,6.0,0.0,0.0,1.0,0.0,0.0,23.0,0.0,0.0,0.0,0.0,0.0,0.0,0.0,0.0,0.0,0.0,0.0,0.0,0.0,0.0,0.0,0.0,0.0,0.0,0.0,2.0,4.0,0.0,2.0,3.0,2.0,1.0,2.0,5.0,13.0,3.0,0.0,0.0,0.0,0.0,0.0,0.0,0.0,0.0,0.0,0.0,0.0,0.0,0.0,0.0,0.0,0.0,0.0,0.0,0.0,2.0,4.0,0.0,2.0,4.0,3.0,1.0,3.0,7.0,18.0,3.0
531,1.0,531.0,London_303,cons,151,453,1092.0,70.0,2.0,168063.0,1.185733082704246,828.0,98.0,1.0,97.0,171.0,10.0,161.0,58.0,128.0,164.0,12.0,83.0,19.0,30.0,1.0,16.0,18.0,85.0,142.0,208.0,223.0,3.0,1.0,0.0,0.0,0.0,0.0,0.0,0.0,2.0,63.0,0.0,27.0,9.0,21.0,1.0,3.0,1.0,1.0,1.0,62.0,0.0,0.0,0.0,0.0,0.0,0.0,0.0,0.0,0.0,0.0,0.0,0.0,0.0,1.0,1.0,0.0,0.0,0.0,1.0,3.0,1.0,0.0,1.0,1.0,2.0,3.0,5.0,7.0,11.0,7.0,0.0,0.0,0.0,0.0,0.0,0.0,0.0,0.0,0.0,0.0,0.0,0.0,0.0,5.0,3.0,0.0,0.0,0.0,2.0,4.0,1.0,0.0,1.0,1.0,2.0,4.0,6.0,8.0,15.0,9.0
532,1.0,532.0,London_303,cons,151,453,1092.0,70.0,2.0,158097.0,1.0423610373400152,806.0,73.0,2.0,71.0,138.0,18.0,120.0,72.0,128.0,175.0,7.0,88.0,16.0,24.0,3.0,12.0,18.0,85.0,142.0,208.0,225.0,6.0,0.0,4.0,0.0,0.0,0.0,1.0,0.0,1.0,32.0,0.0,4.0,3.0,14.0,0.0,10.0,0.0,1.0,1.0,31.0,0.0,0.0,0.0,0.0,0.0,0.0,0.0,0.0,0.0,0.0,0.0,0.0,0.0,2.0,2.0,0.0,0.0,0.0,1.0,2.0,3.0,1.0,0.0,3.0,7.0,4.0,3.0,13.0,9.0,16.0,0.0,0.0,0.0,0.0,0.0,0.0,0.0,0.0,0.0,0.0,0.0,0.0,0.0,9.0,7.0,0.0,0.0,0.0,1.0,2.0,4.0,1.0,0.0,3.0,8.0,5.0,4.0,16.0,14.0,21.0
533,1.0,533.0,London_303,cons,151,453,1092.0,70.0,2.0,160362.0,1.051550978794694,811.0,134.0,3.0,131.0,256.0,24.0,232.0,92.0,135.0,174.0,12.0,78.0,11.0,30.0,1.0,12.0,13.0,87.0,128.0,225.0,210.0,4.0,0.0,3.0,0.0,0.0,0.0,0.0,0.0,1.0,88.0,0.0,37.0,1.0,42.0,0.0,5.0,0.0,3.0,3.0,85.0,0.0,0.0,0.0,0.0,0.0,0.0,0.0,0.0,0.0,0.0,0.0,0.0,0.0,1.0,2.0,0.0,0.0,0.0,0.0,2.0,2.0,2.0,5.0,7.0,3.0,2.0,5.0,12.0,15.0,17.0,0.0,0.0,0.0,0.0,0.0,0.0,0.0,0.0,0.0,0.0,0.0,0.0,0.0,2.0,3.0,0.0,0.0,0.0,0.0,4.0,2.0,3.0,6.0,9.0,3.0,2.0,6.0,16.0,23.0,20.0
534,1.0,534.0,London_303,cons,151,453,1092.0,70.0,2.0,139524.0,0.859530889429152,765.0,2.0,0.0,2.0,4.0,0.0,4.0,104.0,139.0,182.0,9.0,77.0,7.0,26.0,3.0,10.0,14.0,82.0,129.0,228.0,206.0,10.0,2.0,7.0,0.0,1.0,0.0,0.0,0.0,0.0,0.0,0.0,0.0,0.0,0.0,0.0,0.0,0.0,0.0,0.0,0.0,0.0,0.0,0.0,0.0,0.0,0.0,0.0,0.0,0.0,0.0,0.0,0.0,0.0,0.0,0.0,0.0,0.0,0.0,0.0,2.0,1.0,0.0,0.0,0.0,1.0,0.0,0.0,0.0,2.0,1.0,0.0,0.0,0.0,0.0,0.0,0.0,0.0,0.0,0.0,0.0,0.0,0.0,0.0,0.0,0.0,0.0,0.0,0.0,0.0,3.0,1.0,0.0,0.0,0.0,2.0,0.0,0.0,0.0,4.0,1.0
535,1.0,535.0,London_303,cons,151,453,1092.0,70.0,2.0,178935.0,1.0926203541457653,852.0,132.0,0.0,132.0,225.0,0.0,225.0,14.0,137.0,179.0,10.0,79.0,8.0,27.0,3.0,10.0,14.0,84.0,130.0,225.0,201.0,5.0,0.0,4.0,0.0,1.0,0.0,0.0,0.0,0.0,70.0,2.0,22.0,6.0,34.0,0.0,5.0,0.0,1.0,0.0,70.0,0.0,0.0,0.0,0.0,0.0,0.0,0.0,0.0,0.0,0.0,0.0,0.0,0.0,0.0,0.0,0.0,0.0,0.0,1.0,0.0,0.0,0.0,6.0,6.0,2.0,7.0,10.0,9.0,19.0,13.0,0.0,0.0,0.0,0.0,0.0,0.0,0.0,0.0,0.0,0.0,0.0,0.0,0.0,0.0,0.0,0.0,0.0,0.0,1.0,0.0,0.0,0.0,6.0,7.0,2.0,8.0,15.0,10.0,24.0,17.0
536,1.0,536.0,London_303,cons,151,453,1092.0,70.0,2.0,156738.0,1.2784306518733501,803.0,85.0,0.0,85.0,154.0,0.0,154.0,111.0,146.0,166.0,7.0,87.0,5.0,26.0,3.0,13.0,15.0,84.0,131.0,223.0,204.0,1.0,0.0,1.0,0.0,0.0,0.0,0.0,0.0,0.0,48.0,0.0,17.0,5.0,22.0,0.0,2.0,0.0,2.0,0.0,48.0,0.0,0.0,0.0,0.0,0.0,0.0,0.0,0.0,0.0,0.0,0.0,0.0,0.0,0.0,0.0,0.0,0.0,0.0,2.0,4.0,2.0,1.0,6.0,6.0,6.0,5.0,3.0,8.0,10.0,4.0,0.0,0.0,0.0,0.0,0.0,0.0,0.0,0.0,0.0,0.0,0.0,0.0,0.0,0.0,0.0,0.0,0.0,0.0,3.0,5.0,2.0,1.0,6.0,8.0,7.0,6.0,4.0,10.0,13.0,4.0
537,1.0,537.0,London_303,cons,151,453,1092.0,70.0,2.0,165798.0,0.983317859005183,823.0,140.0,2.0,138.0,251.0,18.0,233.0,79.0,144.0,171.0,7.0,87.0,2.0,25.0,4.0,13.0,17.0,89.0,134.0,213.0,213.0,7.0,3.0,2.0,0.0,2.0,0.0,0.0,0.0,0.0,83.0,1.0,27.0,3.0,36.0,1.0,10.0,2.0,3.0,2.0,81.0,0.0,0.0,0.0,0.0,0.0,0.0,0.0,0.0,0.0,0.0,0.0,0.0,0.0,0.0,0.0,0.0,0.0,0.0,0.0,2.0,3.0,0.0,8.0,6.0,3.0,2.0,5.0,13.0,22.0,11.0,0.0,0.0,0.0,0.0,0.0,0.0,0.0,0.0,0.0,0.0,0.0,0.0,0.0,0.0,0.0,0.0,0.0,0.0,0.0,2.0,3.0,0.0,8.0,9.0,3.0,2.0,6.0,18.0,27.0,12.0
538,1.0,538.0,London_303,cons,151,453,1092.0,70.0,2.0,130917.0,0.7740885959938169,746.0,19.0,0.0,19.0,31.0,0.0,31.0,115.0,125.0,187.0,12.0,89.0,2.0,23.0,3.0,12.0,15.0,89.0,135.0,214.0,213.0,5.0,0.0,3.0,0.0,2.0,0.0,0.0,0.0,0.0,3.0,0.0,0.0,1.0,1.0,0.0,0.0,0.0,1.0,0.0,3.0,0.0,0.0,0.0,0.0,0.0,0.0,0.0,0.0,0.0,0.0,0.0,0.0,0.0,0.0,0.0,0.0,0.0,0.0,2.0,1.0,0.0,0.0,0.0,3.0,0.0,3.0,3.0,3.0,7.0,1.0,0.0,0.0,0.0,0.0,0.0,0.0,0.0,0.0,0.0,0.0,0.0,0.0,0.0,0.0,0.0,0.0,0.0,0.0,2.0,1.0,0.0,0.0,0.0,3.0,0.0,4.0,5.0,3.0,9.0,2.0
539,1.0,539.0,London_303,cons,151,453,1092.0,70.0,2.0,164892.0,1.267504763789475,821.0,102.0,2.0,100.0,192.0,17.0,175.0,31.0,123.0,194.0,6.0,85.0,5.0,25.0,3.0,12.0,16.0,92.0,133.0,212.0,211.0,7.0,0.0,3.0,0.0,2.0,0.0,1.0,0.0,1.0,47.0,0.0,19.0,0.0,18.0,0.0,7.0,0.0,3.0,2.0,45.0,0.0,0.0,0.0,0.0,0.0,0.0,0.0,0.0,0.0,1.0,0.0,0.0,0.0,1.0,0.0,0.0,0.0,0.0,4.0,2.0,3.0,0.0,4.0,7.0,6.0,6.0,3.0,10.0,17.0,16.0,0.0,0.0,0.0,0.0,0.0,0.0,0.0,0.0,0.0,1.0,0.0,0.0,0.0,1.0,0.0,0.0,0.0,0.0,4.0,2.0,3.0,0.0,4.0,9.0,7.0,6.0,4.0,12.0,19.0,18.0
540,1.0,540.0,London_303,cons,151,453,1092.0,70.0,2.0,163533.0,0.9431266351602972,818.0,71.0,2.0,69.0,136.0,21.0,115.0,112.0,127.0,183.0,8.0,90.0,1.0,25.0,3.0,16.0,17.0,93.0,145.0,198.0,209.0,6.0,3.0,2.0,0.0,0.0,0.0,1.0,0.0,0.0,38.0,0.0,19.0,1.0,14.0,1.0,2.0,0.0,1.0,2.0,36.0,0.0,0.0,0.0,0.0,0.0,0.0,0.0,0.0,0.0,0.0,0.0,0.0,1.0,0.0,1.0,0.0,0.0,0.0,0.0,1.0,6.0,2.0,1.0,5.0,3.0,4.0,3.0,9.0,12.0,11.0,0.0,0.0,0.0,0.0,0.0,0.0,0.0,0.0,0.0,0.0,0.0,0.0,3.0,0.0,2.0,0.0,0.0,0.0,0.0,1.0,7.0,2.0,1.0,7.0,3.0,4.0,4.0,10.0,15.0,13.0
541,1.0,541.0,London_303,cons,151,453,1092.0,70.0,2.0,172593.0,1.044161206111312,838.0,80.0,2.0,78.0,154.0,17.0,137.0,74.0,133.0,177.0,11.0,87.0,2.0,22.0,3.0,18.0,21.0,91.0,137.0,204.0,215.0,7.0,0.0,4.0,0.0,1.0,0.0,0.0,0.0,2.0,50.0,0.0,15.0,4.0,25.0,2.0,3.0,1.0,0.0,1.0,49.0,0.0,0.0,0.0,0.0,0.0,0.0,0.0,0.0,1.0,0.0,0.0,0.0,0.0,0.0,1.0,0.0,0.0,0.0,0.0,1.0,1.0,0.0,2.0,1.0,2.0,1.0,2.0,14.0,8.0,6.0,0.0,0.0,0.0,0.0,0.0,0.0,0.0,0.0,1.0,0.0,0.0,0.0,0.0,0.0,5.0,0.0,0.0,0.0,0.0,1.0,1.0,0.0,2.0,1.0,3.0,1.0,2.0,19.0,9.0,8.0
542,1.0,542.0,London_303,cons,151,453,1092.0,70.0,2.0,168969.0,1.1987343612127006,830.0,106.0,0.0,106.0,175.0,0.0,175.0,74.0,135.0,179.0,15.0,74.0,6.0,23.0,3.0,18.0,16.0,98.0,139.0,200.0,201.0,3.0,0.0,2.0,0.0,0.0,0.0,1.0,0.0,0.0,49.0,1.0,19.0,1.0,23.0,1.0,4.0,0.0,0.0,0.0,49.0,0.0,0.0,0.0,0.0,0.0,0.0,0.0,0.0,0.0,0.0,0.0,0.0,0.0,0.0,0.0,0.0,0.0,0.0,1.0,2.0,6.0,1.0,3.0,10.0,1.0,1.0,5.0,9.0,12.0,8.0,0.0,0.0,0.0,0.0,0.0,0.0,0.0,0.0,0.0,0.0,0.0,0.0,0.0,0.0,0.0,0.0,0.0,0.0,1.0,2.0,6.0,1.0,3.0,13.0,1.0,1.0,6.0,13.0,15.0,8.0
543,1.0,543.0,London_303,cons,151,453,1092.0,70.0,2.0,158550.0,0.9290507310070097,807.0,110.0,0.0,110.0,178.0,0.0,178.0,100.0,129.0,177.0,12.0,86.0,6.0,28.0,3.0,12.0,16.0,92.0,141.0,204.0,212.0,2.0,0.0,2.0,0.0,0.0,0.0,0.0,0.0,0.0,58.0,0.0,14.0,2.0,33.0,0.0,8.0,0.0,1.0,0.0,58.0,0.0,0.0,0.0,0.0,0.0,0.0,0.0,0.0,0.0,0.0,0.0,0.0,0.0,0.0,0.0,0.0,0.0,0.0,2.0,4.0,0.0,0.0,3.0,4.0,4.0,3.0,6.0,16.0,11.0,11.0,0.0,0.0,0.0,0.0,0.0,0.0,0.0,0.0,0.0,0.0,0.0,0.0,0.0,0.0,0.0,0.0,0.0,0.0,2.0,6.0,0.0,0.0,3.0,5.0,4.0,4.0,7.0,18.0,11.0,13.0
544,1.0,544.0,London_303,cons,151,453,1092.0,70.0,2.0,155379.0,0.9284135927446187,800.0,90.0,0.0,90.0,146.0,0.0,146.0,86.0,134.0,178.0,7.0,82.0,4.0,33.0,3.0,12.0,15.0,96.0,144.0,198.0,220.0,0.0,0.0,0.0,0.0,0.0,0.0,0.0,0.0,0.0,44.0,1.0,16.0,4.0,15.0,2.0,4.0,0.0,2.0,0.0,44.0,0.0,0.0,0.0,0.0,0.0,0.0,0.0,0.0,0.0,0.0,0.0,0.0,0.0,0.0,0.0,0.0,0.0,0.0,0.0,6.0,1.0,1.0,3.0,4.0,5.0,1.0,2.0,9.0,9.0,11.0,0.0,0.0,0.0,0.0,0.0,0.0,0.0,0.0,0.0,0.0,0.0,0.0,0.0,0.0,0.0,0.0,0.0,0.0,0.0,8.0,1.0,1.0,3.0,4.0,6.0,2.0,2.0,11.0,10.0,13.0
545,1.0,545.0,London_303,cons,151,453,1092.0,70.0,2.0,154926.0,0.8535876320675015,799.0,43.0,0.0,43.0,73.0,0.0,73.0,76.0,138.0,173.0,2.0,93.0,3.0,29.0,2.0,13.0,16.0,96.0,143.0,198.0,221.0,0.0,0.0,0.0,0.0,0.0,0.0,0.0,0.0,0.0,22.0,0.0,5.0,2.0,7.0,0.0,5.0,1.0,2.0,0.0,22.0,0.0,0.0,0.0,0.0,0.0,0.0,0.0,0.0,0.0,0.0,0.0,0.0,0.0,0.0,0.0,0.0,0.0,0.0,0.0,3.0,2.0,1.0,2.0,0.0,1.0,4.0,1.0,6.0,6.0,7.0,0.0,0.0,0.0,0.0,0.0,0.0,0.0,0.0,0.0,0.0,0.0,0.0,0.0,0.0,0.0,0.0,0.0,0.0,0.0,4.0,3.0,2.0,2.0,0.0,1.0,5.0,1.0,10.0,6.0,8.0
546,1.0,546.0,London_303,cons,151,453,1092.0,70.0,2.0,170781.0,1.1336783561855555,834.0,126.0,1.0,125.0,221.0,9.0,212.0,37.0,141.0,176.0,2.0,90.0,4.0,27.0,1.0,12.0,17.0,99.0,146.0,191.0,224.0,7.0,0.0,5.0,0.0,2.0,0.0,0.0,0.0,0.0,81.0,0.0,27.0,11.0,35.0,1.0,3.0,2.0,2.0,1.0,80.0,0.0,0.0,0.0,0.0,0.0,0.0,0.0,0.0,0.0,0.0,0.0,0.0,0.0,0.0,0.0,0.0,0.0,0.0,1.0,3.0,2.0,0.0,3.0,4.0,2.0,4.0,5.0,12.0,14.0,14.0,0.0,0.0,0.0,0.0,0.0,0.0,0.0,0.0,0.0,0.0,0.0,0.0,0.0,0.0,0.0,0.0,0.0,0.0,1.0,3.0,2.0,0.0,4.0,4.0,2.0,4.0,7.0,18.0,17.0,18.0
547,1.0,547.0,London_303,cons,151,453,1092.0,70.0,2.0,153567.0,0.8971128449775279,796.0,41.0,2.0,39.0,84.0,19.0,65.0,94.0,135.0,182.0,8.0,91.0,6.0,24.0,1.0,6.0,15.0,98.0,152.0,188.0,224.0,7.0,0.0,5.0,0.0,2.0,0.0,0.0,0.0,0.0,21.0,0.0,4.0,0.0,10.0,0.0,5.0,1.0,1.0,2.0,19.0,0.0,0.0,0.0,0.0,0.0,0.0,0.0,0.0,0.0,0.0,0.0,0.0,0.0,1.0,2.0,0.0,0.0,0.0,0.0,0.0,1.0,1.0,0.0,4.0,1.0,4.0,1.0,5.0,2.0,3.0,0.0,0.0,0.0,0.0,0.0,0.0,0.0,0.0,0.0,0.0,0.0,0.0,0.0,3.0,7.0,0.0,0.0,0.0,0.0,0.0,1.0,1.0,0.0,5.0,1.0,4.0,1.0,8.0,3.0,3.0
548,1.0,548.0,London_303,cons,151,453,1092.0,70.0,2.0,174405.0,1.0920385587960482,842.0,107.0,2.0,105.0,207.0,18.0,189.0,55.0,137.0,189.0,9.0,87.0,6.0,19.0,0.0,6.0,14.0,95.0,150.0,194.0,211.0,3.0,1.0,2.0,0.0,0.0,0.0,0.0,0.0,0.0,74.0,1.0,25.0,1.0,34.0,0.0,10.0,0.0,3.0,2.0,72.0,0.0,0.0,0.0,0.0,0.0,0.0,0.0,0.0,0.0,0.0,0.0,0.0,0.0,0.0,2.0,0.0,0.0,0.0,0.0,4.0,2.0,1.0,2.0,3.0,2.0,3.0,4.0,13.0,8.0,8.0,0.0,0.0,0.0,0.0,0.0,0.0,0.0,0.0,0.0,0.0,0.0,0.0,0.0,0.0,2.0,0.0,0.0,0.0,0.0,4.0,2.0,1.0,2.0,4.0,2.0,4.0,4.0,18.0,10.0,11.0
549,1.0,549.0,London_303,cons,151,453,1092.0,70.0,2.0,169875.0,1.0206087562255561,832.0,116.0,1.0,115.0,200.0,9.0,191.0,74.0,137.0,183.0,12.0,83.0,4.0,26.0,0.0,8.0,15.0,98.0,146.0,194.0,216.0,6.0,2.0,2.0,0.0,1.0,0.0,0.0,0.0,1.0,64.0,0.0,24.0,3.0,29.0,1.0,5.0,0.0,2.0,1.0,63.0,0.0,0.0,0.0,0.0,0.0,0.0,0.0,0.0,0.0,0.0,0.0,0.0,0.0,0.0,1.0,0.0,0.0,0.0,1.0,2.0,2.0,0.0,3.0,10.0,3.0,4.0,7.0,14.0,10.0,11.0,0.0,0.0,0.0,0.0,0.0,0.0,0.0,0.0,0.0,0.0,0.0,0.0,0.0,0.0,5.0,0.0,0.0,0.0,1.0,2.0,2.0,0.0,3.0,13.0,4.0,7.0,8.0,23.0,12.0,14.0
550,1.0,550.0,London_303,cons,151,453,1092.0,70.0,2.0,154926.0,0.9071809146553278,799.0,125.0,0.0,125.0,228.0,0.0,228.0,106.0,142.0,192.0,7.0,67.0,7.0,28.0,0.0,10.0,18.0,96.0,142.0,197.0,217.0,2.0,0.0,2.0,0.0,0.0,0.0,0.0,0.0,0.0,78.0,0.0,21.0,16.0,27.0,1.0,8.0,2.0,3.0,0.0,78.0,0.0,0.0,0.0,0.0,0.0,0.0,0.0,0.0,0.0,0.0,0.0,0.0,0.0,0.0,0.0,0.0,0.0,0.0,2.0,2.0,0.0,0.0,4.0,6.0,2.0,2.0,5.0,10.0,10.0,7.0,0.0,0.0,0.0,0.0,0.0,0.0,0.0,0.0,0.0,0.0,0.0,0.0,0.0,0.0,0.0,0.0,0.0,0.0,2.0,3.0,0.0,0.0,4.0,7.0,2.0,2.0,6.0,16.0,14.0,9.0
551,1.0,551.0,London_303,cons,151,453,1092.0,70.0,2.0,137259.0,0.7305789715610445,760.0,36.0,0.0,36.0,61.0,0.0,61.0,89.0,131.0,195.0,6.0,74.0,10.0,27.0,0.0,10.0,21.0,88.0,149.0,195.0,219.0,5.0,0.0,2.0,0.0,2.0,0.0,1.0,0.0,0.0,9.0,0.0,3.0,0.0,6.0,0.0,0.0,0.0,0.0,0.0,9.0,0.0,0.0,0.0,0.0,0.0,0.0,0.0,0.0,0.0,0.0,0.0,0.0,0.0,0.0,0.0,0.0,0.0,0.0,2.0,3.0,1.0,0.0,2.0,5.0,3.0,2.0,2.0,7.0,6.0,7.0,0.0,0.0,0.0,0.0,0.0,0.0,0.0,0.0,0.0,0.0,0.0,0.0,0.0,0.0,0.0,0.0,0.0,0.0,2.0,3.0,1.0,0.0,3.0,6.0,5.0,2.0,3.0,9.0,7.0,9.0
552,1.0,552.0,London_303,cons,151,453,1092.0,70.0,2.0,162627.0,1.0029389522969723,816.0,31.0,0.0,31.0,54.0,0.0,54.0,52.0,140.0,181.0,7.0,74.0,11.0,30.0,0.0,10.0,22.0,90.0,155.0,186.0,221.0,11.0,3.0,8.0,0.0,0.0,0.0,0.0,0.0,0.0,15.0,0.0,7.0,0.0,7.0,0.0,0.0,0.0,1.0,0.0,15.0,0.0,0.0,0.0,0.0,0.0,0.0,0.0,0.0,0.0,0.0,0.0,0.0,0.0,0.0,0.0,0.0,0.0,0.0,2.0,1.0,0.0,0.0,2.0,3.0,0.0,0.0,3.0,6.0,3.0,5.0,0.0,0.0,0.0,0.0,0.0,0.0,0.0,0.0,0.0,0.0,0.0,0.0,0.0,0.0,0.0,0.0,0.0,0.0,2.0,1.0,0.0,0.0,2.0,3.0,0.0,0.0,4.0,10.0,4.0,6.0
553,1.0,553.0,London_303,cons,151,453,1092.0,70.0,2.0,189354.0,1.145312445703894,875.0,100.0,0.0,100.0,176.0,0.0,176.0,41.0,146.0,182.0,10.0,68.0,8.0,28.0,1.0,10.0,21.0,90.0,147.0,195.0,215.0,2.0,0.0,2.0,0.0,0.0,0.0,0.0,0.0,0.0,59.0,0.0,22.0,2.0,27.0,0.0,5.0,0.0,3.0,0.0,59.0,0.0,0.0,0.0,0.0,0.0,0.0,0.0,0.0,0.0,0.0,0.0,0.0,0.0,0.0,0.0,0.0,0.0,0.0,1.0,0.0,1.0,1.0,2.0,6.0,4.0,4.0,5.0,9.0,13.0,7.0,0.0,0.0,0.0,0.0,0.0,0.0,0.0,0.0,0.0,0.0,0.0,0.0,0.0,0.0,0.0,0.0,0.0,0.0,1.0,0.0,2.0,1.0,2.0,8.0,5.0,5.0,7.0,14.0,16.0,8.0
554,1.0,554.0,London_303,cons,151,453,1092.0,70.0,2.0,174858.0,1.1325927884317935,843.0,178.0,2.0,176.0,311.0,17.0,294.0,80.0,141.0,184.0,8.0,73.0,10.0,23.0,2.0,12.0,22.0,93.0,150.0,188.0,215.0,10.0,0.0,8.0,0.0,1.0,0.0,1.0,0.0,0.0,122.0,1.0,48.0,6.0,49.0,0.0,12.0,3.0,3.0,2.0,120.0,0.0,0.0,0.0,0.0,0.0,0.0,0.0,0.0,0.0,0.0,0.0,0.0,0.0,1.0,0.0,0.0,0.0,0.0,2.0,4.0,2.0,0.0,3.0,5.0,5.0,6.0,8.0,11.0,12.0,8.0,0.0,0.0,0.0,0.0,0.0,0.0,0.0,0.0,0.0,0.0,0.0,0.0,0.0,2.0,0.0,0.0,0.0,0.0,2.0,5.0,2.0,0.0,3.0,5.0,8.0,6.0,11.0,14.0,14.0,8.0
555,1.0,555.0,London_303,cons,151,453,1092.0,70.0,2.0,122310.0,0.6556967543438077,727.0,3.0,0.0,3.0,4.0,0.0,4.0,127.0,129.0,192.0,9.0,79.0,6.0,24.0,2.0,12.0,24.0,89.0,146.0,194.0,207.0,8.0,2.0,5.0,0.0,1.0,0.0,0.0,0.0,0.0,0.0,0.0,0.0,0.0,0.0,0.0,0.0,0.0,0.0,0.0,0.0,0.0,0.0,0.0,0.0,0.0,0.0,0.0,0.0,0.0,0.0,0.0,0.0,0.0,0.0,0.0,0.0,0.0,0.0,0.0,0.0,1.0,0.0,0.0,0.0,0.0,0.0,0.0,1.0,0.0,1.0,0.0,0.0,0.0,0.0,0.0,0.0,0.0,0.0,0.0,0.0,0.0,0.0,0.0,0.0,0.0,0.0,0.0,0.0,0.0,0.0,1.0,0.0,0.0,0.0,0.0,0.0,0.0,2.0,0.0,1.0
556,1.0,556.0,London_303,cons,151,453,1092.0,70.0,2.0,149943.0,0.9045726708136499,788.0,159.0,0.0,159.0,262.0,0.0,262.0,12.0,128.0,189.0,10.0,81.0,6.0,25.0,2.0,12.0,22.0,90.0,144.0,197.0,202.0,2.0,1.0,1.0,0.0,0.0,0.0,0.0,0.0,0.0,89.0,1.0,33.0,4.0,33.0,3.0,10.0,0.0,5.0,0.0,89.0,0.0,0.0,0.0,0.0,0.0,0.0,0.0,0.0,0.0,0.0,0.0,0.0,0.0,0.0,0.0,0.0,0.0,0.0,0.0,0.0,4.0,0.0,6.0,9.0,5.0,5.0,6.0,20.0,23.0,17.0,0.0,0.0,0.0,0.0,0.0,0.0,0.0,0.0,0.0,0.0,0.0,0.0,0.0,0.0,0.0,0.0,0.0,0.0,0.0,0.0,5.0,0.0,7.0,11.0,7.0,9.0,8.0,29.0,25.0,20.0
557,1.0,557.0,London_303,cons,151,453,1092.0,70.0,2.0,108720.0,0.612817500717938,697.0,111.0,1.0,110.0,185.0,8.0,177.0,130.0,112.0,194.0,10.0,93.0,7.0,28.0,0.0,9.0,25.0,87.0,146.0,195.0,213.0,9.0,2.0,5.0,0.0,2.0,0.0,0.0,0.0,0.0,56.0,0.0,32.0,1.0,17.0,0.0,4.0,0.0,2.0,0.0,56.0,0.0,0.0,0.0,0.0,0.0,0.0,0.0,0.0,0.0,0.0,0.0,0.0,1.0,0.0,0.0,0.0,0.0,0.0,0.0,3.0,1.0,1.0,3.0,5.0,2.0,4.0,6.0,9.0,14.0,6.0,0.0,0.0,0.0,0.0,0.0,0.0,0.0,0.0,0.0,0.0,0.0,0.0,6.0,0.0,0.0,0.0,0.0,0.0,0.0,5.0,1.0,2.0,3.0,7.0,2.0,5.0,6.0,12.0,16.0,7.0
558,1.0,558.0,London_303,cons,151,453,1092.0,70.0,2.0,87882.0,0.4560458119958639,651.0,55.0,2.0,53.0,104.0,17.0,87.0,110.0,112.0,176.0,20.0,92.0,8.0,38.0,0.0,7.0,28.0,82.0,149.0,194.0,207.0,1.0,0.0,1.0,0.0,0.0,0.0,0.0,0.0,0.0,19.0,0.0,6.0,0.0,11.0,0.0,0.0,0.0,2.0,1.0,18.0,0.0,0.0,0.0,0.0,0.0,0.0,0.0,0.0,0.0,0.0,0.0,0.0,0.0,1.0,2.0,0.0,0.0,0.0,0.0,3.0,6.0,0.0,1.0,4.0,5.0,2.0,6.0,5.0,11.0,9.0,0.0,0.0,0.0,0.0,0.0,0.0,0.0,0.0,0.0,0.0,0.0,0.0,0.0,7.0,6.0,0.0,0.0,0.0,0.0,3.0,7.0,0.0,1.0,5.0,5.0,2.0,7.0,9.0,14.0,11.0
559,1.0,559.0,London_303,cons,151,453,1092.0,70.0,2.0,84711.0,0.48074625665321946,644.0,2.0,2.0,0.0,18.0,18.0,0.0,80.0,109.0,170.0,25.0,93.0,9.0,38.0,0.0,9.0,19.0,83.0,144.0,207.0,203.0,9.0,2.0,6.0,0.0,1.0,0.0,0.0,0.0,0.0,1.0,0.0,1.0,0.0,0.0,0.0,0.0,0.0,0.0,1.0,0.0,0.0,0.0,0.0,0.0,0.0,0.0,0.0,0.0,0.0,0.0,0.0,1.0,0.0,1.0,0.0,0.0,0.0,0.0,0.0,0.0,0.0,0.0,0.0,0.0,0.0,0.0,0.0,0.0,0.0,0.0,0.0,0.0,0.0,0.0,0.0,0.0,0.0,0.0,0.0,0.0,0.0,2.0,0.0,6.0,0.0,0.0,0.0,0.0,0.0,0.0,0.0,0.0,0.0,0.0,0.0,0.0,0.0,0.0,0.0,0.0
560,1.0,560.0,London_303,cons,151,453,1092.0,70.0,2.0,123669.0,0.7873702691867948,730.0,116.0,0.0,116.0,194.0,0.0,194.0,24.0,111.0,167.0,27.0,99.0,9.0,30.0,0.0,10.0,16.0,76.0,151.0,210.0,192.0,3.0,2.0,1.0,0.0,0.0,0.0,0.0,0.0,0.0,56.0,0.0,19.0,2.0,30.0,1.0,4.0,0.0,0.0,0.0,56.0,0.0,0.0,0.0,0.0,0.0,0.0,0.0,0.0,0.0,0.0,0.0,0.0,0.0,0.0,0.0,0.0,0.0,0.0,2.0,2.0,1.0,1.0,1.0,9.0,4.0,2.0,3.0,10.0,14.0,6.0,0.0,0.0,0.0,0.0,0.0,0.0,0.0,0.0,0.0,0.0,0.0,0.0,0.0,0.0,0.0,0.0,0.0,0.0,2.0,3.0,1.0,2.0,1.0,12.0,6.0,3.0,5.0,13.0,20.0,8.0
561,1.0,561.0,London_303,cons,151,453,1092.0,70.0,2.0,115515.0,0.7272941833361983,712.0,9.0,2.0,7.0,33.0,22.0,11.0,115.0,123.0,176.0,10.0,93.0,9.0,29.0,1.0,12.0,18.0,85.0,157.0,193.0,204.0,1.0,0.0,1.0,0.0,0.0,0.0,0.0,0.0,0.0,2.0,0.0,2.0,0.0,0.0,0.0,0.0,0.0,0.0,2.0,0.0,0.0,0.0,0.0,0.0,0.0,0.0,0.0,0.0,0.0,0.0,0.0,1.0,0.0,0.0,0.0,0.0,0.0,0.0,1.0,0.0,2.0,0.0,3.0,0.0,1.0,1.0,0.0,1.0,0.0,2.0,0.0,0.0,0.0,0.0,0.0,0.0,0.0,0.0,0.0,0.0,0.0,1.0,0.0,0.0,0.0,0.0,0.0,0.0,1.0,0.0,2.0,0.0,4.0,0.0,1.0,1.0,0.0,2.0,0.0,2.0
562,1.0,562.0,London_303,cons,151,453,1092.0,70.0,2.0,167610.0,0.9066350269131362,827.0,10.0,0.0,10.0,20.0,0.0,20.0,25.0,123.0,170.0,12.0,93.0,10.0,31.0,1.0,13.0,18.0,84.0,153.0,198.0,205.0,9.0,1.0,7.0,0.0,1.0,0.0,0.0,0.0,0.0,3.0,0.0,2.0,0.0,0.0,0.0,1.0,0.0,0.0,0.0,3.0,0.0,0.0,0.0,0.0,0.0,0.0,0.0,0.0,0.0,0.0,0.0,0.0,0.0,0.0,0.0,0.0,0.0,0.0,1.0,1.0,0.0,0.0,1.0,2.0,1.0,0.0,4.0,3.0,2.0,2.0,0.0,0.0,0.0,0.0,0.0,0.0,0.0,0.0,0.0,0.0,0.0,0.0,0.0,0.0,0.0,0.0,0.0,0.0,1.0,1.0,0.0,0.0,1.0,3.0,1.0,0.0,4.0,5.0,3.0,3.0
563,1.0,563.0,London_303,cons,151,453,1092.0,70.0,2.0,213363.0,1.289782497100532,928.0,134.0,0.0,134.0,215.0,0.0,215.0,25.0,124.0,170.0,9.0,94.0,10.0,31.0,1.0,14.0,17.0,85.0,157.0,194.0,200.0,2.0,0.0,1.0,0.0,0.0,0.0,1.0,0.0,0.0,72.0,1.0,20.0,8.0,34.0,0.0,6.0,1.0,2.0,0.0,72.0,0.0,0.0,0.0,0.0,0.0,0.0,0.0,0.0,0.0,0.0,0.0,0.0,0.0,0.0,0.0,0.0,0.0,0.0,1.0,4.0,1.0,0.0,3.0,2.0,3.0,5.0,2.0,12.0,15.0,12.0,0.0,0.0,0.0,0.0,0.0,0.0,0.0,0.0,0.0,0.0,0.0,0.0,0.0,0.0,0.0,0.0,0.0,0.0,1.0,4.0,1.0,0.0,3.0,2.0,3.0,6.0,2.0,14.0,18.0,15.0
564,1.0,564.0,London_303,cons,151,453,1092.0,70.0,2.0,197961.0,1.1856805067509413,894.0,133.0,2.0,131.0,247.0,19.0,228.0,109.0,121.0,183.0,9.0,84.0,8.0,30.0,2.0,16.0,19.0,80.0,158.0,196.0,202.0,7.0,1.0,5.0,0.0,1.0,0.0,0.0,0.0,0.0,74.0,0.0,13.0,7.0,42.0,1.0,8.0,1.0,2.0,2.0,72.0,0.0,0.0,0.0,0.0,0.0,0.0,0.0,0.0,0.0,0.0,0.0,0.0,0.0,0.0,2.0,0.0,0.0,0.0,4.0,4.0,2.0,0.0,2.0,8.0,1.0,1.0,12.0,16.0,17.0,14.0,0.0,0.0,0.0,0.0,0.0,0.0,0.0,0.0,0.0,0.0,0.0,0.0,0.0,0.0,5.0,0.0,0.0,0.0,4.0,4.0,2.0,0.0,2.0,12.0,1.0,1.0,15.0,23.0,25.0,16.0
565,1.0,565.0,London_303,cons,151,453,1092.0,70.0,2.0,182106.0,1.08848425000906,859.0,18.0,2.0,16.0,43.0,17.0,26.0,122.0,109.0,185.0,13.0,92.0,7.0,31.0,1.0,15.0,22.0,79.0,165.0,187.0,202.0,2.0,0.0,1.0,0.0,1.0,0.0,0.0,0.0,0.0,7.0,0.0,3.0,0.0,1.0,0.0,3.0,0.0,0.0,2.0,5.0,0.0,0.0,0.0,0.0,0.0,0.0,0.0,0.0,0.0,0.0,0.0,0.0,0.0,1.0,2.0,0.0,0.0,0.0,0.0,1.0,0.0,0.0,0.0,0.0,4.0,2.0,2.0,2.0,2.0,4.0,0.0,0.0,0.0,0.0,0.0,0.0,0.0,0.0,0.0,0.0,0.0,0.0,0.0,5.0,8.0,0.0,0.0,0.0,0.0,2.0,0.0,0.0,0.0,0.0,4.0,2.0,2.0,3.0,2.0,4.0
566,1.0,566.0,London_303,cons,151,453,1092.0,70.0,2.0,218346.0,1.512069839052856,939.0,185.0,0.0,185.0,307.0,0.0,307.0,32.0,112.0,184.0,16.0,93.0,6.0,26.0,1.0,15.0,20.0,84.0,159.0,190.0,198.0,3.0,0.0,2.0,0.0,1.0,0.0,0.0,0.0,0.0,119.0,3.0,33.0,10.0,56.0,1.0,14.0,0.0,2.0,0.0,119.0,0.0,0.0,0.0,0.0,0.0,0.0,0.0,0.0,0.0,0.0,0.0,0.0,0.0,0.0,0.0,0.0,0.0,0.0,4.0,2.0,1.0,1.0,8.0,6.0,0.0,4.0,9.0,15.0,15.0,6.0,0.0,0.0,0.0,0.0,0.0,0.0,0.0,0.0,0.0,0.0,0.0,0.0,0.0,0.0,0.0,0.0,0.0,0.0,4.0,2.0,1.0,2.0,8.0,6.0,0.0,5.0,10.0,19.0,20.0,8.0
567,1.0,567.0,London_303,cons,151,453,1092.0,70.0,2.0,169422.0,1.0779408169910312,831.0,121.0,0.0,121.0,192.0,0.0,192.0,127.0,112.0,189.0,11.0,89.0,8.0,29.0,2.0,13.0,22.0,86.0,153.0,192.0,208.0,3.0,0.0,3.0,0.0,0.0,0.0,0.0,0.0,0.0,57.0,0.0,9.0,8.0,36.0,0.0,2.0,0.0,2.0,0.0,57.0,0.0,0.0,0.0,0.0,0.0,0.0,0.0,0.0,0.0,0.0,0.0,0.0,0.0,0.0,0.0,0.0,0.0,0.0,2.0,6.0,1.0,1.0,3.0,4.0,3.0,5.0,6.0,14.0,17.0,12.0,0.0,0.0,0.0,0.0,0.0,0.0,0.0,0.0,0.0,0.0,0.0,0.0,0.0,0.0,0.0,0.0,0.0,0.0,2.0,6.0,1.0,2.0,3.0,4.0,3.0,6.0,10.0,18.0,21.0,13.0
568,1.0,568.0,London_303,cons,151,453,1092.0,70.0,2.0,152661.0,0.8553524501621723,794.0,126.0,0.0,126.0,220.0,0.0,220.0,108.0,109.0,183.0,8.0,99.0,9.0,27.0,4.0,14.0,24.0,84.0,154.0,191.0,219.0,6.0,0.0,6.0,0.0,0.0,0.0,0.0,0.0,0.0,67.0,0.0,26.0,9.0,20.0,1.0,8.0,1.0,2.0,0.0,67.0,0.0,0.0,0.0,0.0,0.0,0.0,0.0,0.0,0.0,0.0,0.0,0.0,0.0,0.0,0.0,0.0,0.0,0.0,4.0,3.0,3.0,1.0,6.0,6.0,1.0,2.0,6.0,10.0,20.0,17.0,0.0,0.0,0.0,0.0,0.0,0.0,0.0,0.0,0.0,0.0,0.0,0.0,0.0,0.0,0.0,0.0,0.0,0.0,4.0,6.0,5.0,1.0,6.0,6.0,2.0,2.0,8.0,13.0,24.0,21.0
569,1.0,569.0,London_303,cons,151,453,1092.0,70.0,2.0,132729.0,0.7230688990093768,750.0,80.0,2.0,78.0,153.0,19.0,134.0,113.0,110.0,175.0,9.0,95.0,14.0,31.0,4.0,15.0,25.0,88.0,139.0,201.0,230.0,1.0,0.0,1.0,0.0,0.0,0.0,0.0,0.0,0.0,40.0,2.0,14.0,2.0,18.0,0.0,4.0,0.0,0.0,2.0,38.0,0.0,0.0,0.0,0.0,0.0,0.0,0.0,0.0,0.0,0.0,0.0,0.0,0.0,0.0,1.0,0.0,0.0,0.0,0.0,0.0,2.0,0.0,5.0,2.0,6.0,3.0,4.0,10.0,13.0,9.0,0.0,0.0,0.0,0.0,0.0,0.0,0.0,0.0,0.0,0.0,0.0,0.0,0.0,0.0,3.0,0.0,0.0,0.0,0.0,0.0,3.0,0.0,6.0,3.0,8.0,3.0,5.0,12.0,16.0,11.0
570,1.0,570.0,London_303,cons,151,453,1092.0,70.0,2.0,130917.0,0.7249491349793971,746.0,36.0,2.0,34.0,78.0,18.0,60.0,90.0,118.0,184.0,4.0,89.0,10.0,29.0,4.0,15.0,23.0,102.0,134.0,194.0,226.0,8.0,3.0,4.0,0.0,1.0,0.0,0.0,0.0,0.0,15.0,0.0,1.0,2.0,10.0,1.0,1.0,0.0,0.0,2.0,13.0,0.0,0.0,0.0,0.0,0.0,0.0,0.0,0.0,0.0,1.0,0.0,1.0,0.0,1.0,0.0,0.0,0.0,0.0,1.0,1.0,3.0,0.0,1.0,4.0,0.0,6.0,1.0,3.0,3.0,7.0,0.0,0.0,0.0,0.0,0.0,0.0,0.0,0.0,0.0,1.0,0.0,1.0,0.0,7.0,0.0,0.0,0.0,0.0,1.0,1.0,4.0,0.0,1.0,4.0,0.0,6.0,1.0,4.0,4.0,9.0
571,1.0,571.0,London_303,cons,151,453,1092.0,70.0,2.0,150849.0,0.9407385382801294,790.0,91.0,2.0,89.0,166.0,15.0,151.0,56.0,120.0,185.0,9.0,84.0,10.0,25.0,4.0,16.0,21.0,102.0,124.0,206.0,222.0,5.0,1.0,3.0,0.0,0.0,0.0,1.0,0.0,0.0,53.0,1.0,17.0,3.0,29.0,1.0,1.0,0.0,1.0,2.0,51.0,0.0,0.0,0.0,0.0,0.0,0.0,0.0,0.0,0.0,0.0,0.0,1.0,1.0,0.0,0.0,0.0,0.0,0.0,2.0,0.0,0.0,2.0,2.0,4.0,1.0,1.0,5.0,12.0,8.0,11.0,0.0,0.0,0.0,0.0,0.0,0.0,0.0,0.0,0.0,0.0,0.0,2.0,2.0,0.0,0.0,0.0,0.0,0.0,2.0,0.0,0.0,4.0,2.0,4.0,1.0,1.0,5.0,15.0,11.0,11.0
572,1.0,572.0,London_303,cons,151,453,1092.0,70.0,2.0,149490.0,0.7958394610323012,787.0,2.0,0.0,2.0,4.0,0.0,4.0,77.0,119.0,179.0,8.0,89.0,12.0,23.0,5.0,18.0,20.0,97.0,147.0,189.0,225.0,12.0,2.0,3.0,0.0,7.0,0.0,0.0,0.0,0.0,0.0,0.0,0.0,0.0,0.0,0.0,0.0,0.0,0.0,0.0,0.0,0.0,0.0,0.0,0.0,0.0,0.0,0.0,0.0,0.0,0.0,0.0,0.0,0.0,0.0,0.0,0.0,0.0,0.0,0.0,0.0,0.0,0.0,0.0,0.0,0.0,0.0,1.0,0.0,0.0,0.0,0.0,0.0,0.0,0.0,0.0,0.0,0.0,0.0,0.0,0.0,0.0,0.0,0.0,0.0,0.0,0.0,0.0,0.0,0.0,0.0,0.0,0.0,0.0,0.0,0.0,0.0,1.0,0.0,0.0,0.0
573,1.0,573.0,London_303,cons,151,453,1092.0,70.0,2.0,189354.0,1.2175507280044258,875.0,136.0,1.0,135.0,249.0,10.0,239.0,16.0,120.0,180.0,9.0,86.0,12.0,23.0,5.0,18.0,20.0,91.0,148.0,194.0,217.0,2.0,0.0,2.0,0.0,0.0,0.0,0.0,0.0,0.0,91.0,3.0,28.0,7.0,35.0,0.0,10.0,3.0,5.0,1.0,90.0,0.0,0.0,0.0,0.0,0.0,0.0,0.0,0.0,0.0,0.0,0.0,0.0,0.0,1.0,1.0,0.0,0.0,0.0,1.0,3.0,4.0,0.0,5.0,5.0,0.0,3.0,4.0,14.0,6.0,15.0,0.0,0.0,0.0,0.0,0.0,0.0,0.0,0.0,0.0,0.0,0.0,0.0,0.0,6.0,3.0,0.0,0.0,0.0,1.0,3.0,4.0,0.0,5.0,6.0,0.0,3.0,5.0,17.0,9.0,16.0
574,1.0,574.0,London_303,cons,151,453,1092.0,70.0,2.0,167157.0,1.0668935347348452,826.0,149.0,2.0,147.0,258.0,18.0,240.0,102.0,119.0,187.0,13.0,80.0,8.0,23.0,6.0,17.0,22.0,92.0,144.0,195.0,213.0,5.0,2.0,3.0,0.0,0.0,0.0,0.0,0.0,0.0,84.0,0.0,26.0,6.0,41.0,1.0,5.0,1.0,4.0,1.0,83.0,0.0,0.0,0.0,0.0,0.0,0.0,0.0,0.0,0.0,0.0,0.0,0.0,0.0,2.0,2.0,0.0,0.0,0.0,1.0,1.0,3.0,1.0,6.0,9.0,5.0,5.0,7.0,10.0,16.0,15.0,0.0,0.0,0.0,0.0,0.0,0.0,0.0,0.0,0.0,0.0,0.0,0.0,0.0,6.0,3.0,0.0,0.0,0.0,1.0,1.0,3.0,1.0,6.0,11.0,5.0,6.0,7.0,13.0,20.0,15.0
575,1.0,575.0,London_303,cons,151,453,1092.0,70.0,2.0,129558.0,0.8680576938204467,743.0,114.0,3.0,111.0,205.0,24.0,181.0,125.0,116.0,187.0,13.0,91.0,10.0,16.0,5.0,15.0,20.0,90.0,147.0,196.0,213.0,1.0,0.0,0.0,0.0,1.0,0.0,0.0,0.0,0.0,70.0,1.0,21.0,5.0,33.0,0.0,7.0,0.0,3.0,3.0,67.0,0.0,0.0,0.0,0.0,0.0,0.0,0.0,0.0,0.0,0.0,0.0,1.0,0.0,1.0,2.0,0.0,0.0,0.0,3.0,5.0,0.0,2.0,4.0,3.0,5.0,1.0,4.0,6.0,11.0,9.0,0.0,0.0,0.0,0.0,0.0,0.0,0.0,0.0,0.0,0.0,0.0,2.0,0.0,1.0,3.0,0.0,0.0,0.0,3.0,6.0,0.0,3.0,4.0,4.0,6.0,1.0,6.0,9.0,13.0,11.0
576,1.0,576.0,London_303,cons,151,453,1092.0,70.0,2.0,118233.0,0.7292994279414415,718.0,17.0,0.0,17.0,29.0,0.0,29.0,99.0,127.0,182.0,9.0,92.0,10.0,14.0,2.0,17.0,21.0,91.0,138.0,203.0,218.0,3.0,0.0,3.0,0.0,0.0,0.0,0.0,0.0,0.0,1.0,0.0,0.0,0.0,0.0,0.0,0.0,1.0,0.0,0.0,1.0,0.0,0.0,0.0,0.0,0.0,0.0,0.0,0.0,0.0,0.0,0.0,0.0,0.0,0.0,0.0,0.0,0.0,0.0,1.0,2.0,4.0,1.0,0.0,8.0,1.0,0.0,2.0,4.0,3.0,3.0,0.0,0.0,0.0,0.0,0.0,0.0,0.0,0.0,0.0,0.0,0.0,0.0,0.0,0.0,0.0,0.0,0.0,0.0,2.0,2.0,5.0,1.0,0.0,12.0,1.0,0.0,2.0,5.0,4.0,3.0
577,1.0,577.0,London_303,cons,151,453,1092.0,70.0,2.0,152208.0,1.0151144717819989,793.0,96.0,0.0,96.0,166.0,0.0,166.0,32.0,128.0,182.0,8.0,88.0,10.0,18.0,2.0,17.0,21.0,94.0,144.0,194.0,216.0,4.0,0.0,3.0,0.0,0.0,0.0,1.0,0.0,0.0,54.0,0.0,20.0,4.0,18.0,0.0,9.0,0.0,3.0,0.0,54.0,0.0,0.0,0.0,0.0,0.0,0.0,0.0,0.0,0.0,0.0,0.0,0.0,0.0,0.0,0.0,0.0,0.0,0.0,0.0,1.0,4.0,1.0,0.0,4.0,1.0,1.0,4.0,14.0,12.0,7.0,0.0,0.0,0.0,0.0,0.0,0.0,0.0,0.0,0.0,0.0,0.0,0.0,0.0,0.0,0.0,0.0,0.0,0.0,0.0,1.0,5.0,1.0,0.0,4.0,1.0,1.0,4.0,23.0,17.0,10.0
578,1.0,578.0,London_303,cons,151,453,1092.0,70.0,2.0,146772.0,0.7706737001426518,781.0,11.0,0.0,11.0,17.0,0.0,17.0,84.0,134.0,178.0,4.0,78.0,11.0,27.0,2.0,19.0,20.0,88.0,141.0,204.0,214.0,6.0,2.0,3.0,0.0,0.0,0.0,1.0,0.0,0.0,2.0,0.0,0.0,1.0,1.0,0.0,0.0,0.0,0.0,0.0,2.0,0.0,0.0,0.0,0.0,0.0,0.0,0.0,0.0,0.0,0.0,0.0,0.0,0.0,0.0,0.0,0.0,0.0,0.0,1.0,0.0,0.0,1.0,0.0,1.0,1.0,2.0,1.0,2.0,0.0,4.0,0.0,0.0,0.0,0.0,0.0,0.0,0.0,0.0,0.0,0.0,0.0,0.0,0.0,0.0,0.0,0.0,0.0,0.0,1.0,0.0,0.0,2.0,0.0,1.0,1.0,2.0,2.0,3.0,0.0,6.0
579,1.0,579.0,London_303,cons,151,453,1092.0,70.0,2.0,190260.0,1.2969612870365381,877.0,83.0,2.0,81.0,167.0,18.0,149.0,20.0,134.0,181.0,4.0,75.0,11.0,28.0,2.0,18.0,20.0,85.0,144.0,204.0,215.0,6.0,2.0,3.0,0.0,1.0,0.0,0.0,0.0,0.0,46.0,0.0,13.0,4.0,23.0,0.0,6.0,0.0,0.0,2.0,44.0,0.0,0.0,0.0,0.0,0.0,0.0,0.0,0.0,0.0,0.0,0.0,1.0,0.0,0.0,0.0,0.0,0.0,0.0,0.0,2.0,1.0,0.0,2.0,5.0,2.0,1.0,6.0,12.0,6.0,8.0,0.0,0.0,0.0,0.0,0.0,0.0,0.0,0.0,0.0,0.0,0.0,1.0,0.0,0.0,0.0,0.0,0.0,0.0,0.0,3.0,1.0,0.0,2.0,7.0,3.0,1.0,7.0,13.0,11.0,8.0
580,1.0,580.0,London_303,cons,151,453,1092.0,70.0,2.0,193431.0,1.4049593447707593,884.0,126.0,0.0,126.0,217.0,0.0,217.0,85.0,134.0,183.0,6.0,76.0,12.0,21.0,2.0,19.0,20.0,85.0,146.0,202.0,212.0,3.0,1.0,2.0,0.0,0.0,0.0,0.0,0.0,0.0,75.0,0.0,28.0,6.0,32.0,0.0,5.0,0.0,4.0,0.0,75.0,0.0,0.0,0.0,0.0,0.0,0.0,0.0,0.0,0.0,0.0,0.0,0.0,0.0,0.0,0.0,0.0,0.0,0.0,1.0,0.0,2.0,4.0,4.0,9.0,3.0,5.0,4.0,11.0,15.0,13.0,0.0,0.0,0.0,0.0,0.0,0.0,0.0,0.0,0.0,0.0,0.0,0.0,0.0,0.0,0.0,0.0,0.0,0.0,1.0,0.0,3.0,6.0,4.0,9.0,3.0,5.0,5.0,15.0,19.0,15.0
581,1.0,581.0,London_303,cons,151,453,1092.0,70.0,2.0,172140.0,1.1302571780979633,837.0,87.0,2.0,85.0,169.0,17.0,152.0,104.0,124.0,187.0,12.0,77.0,9.0,23.0,1.0,20.0,21.0,88.0,150.0,194.0,211.0,9.0,5.0,3.0,0.0,1.0,0.0,0.0,0.0,0.0,51.0,0.0,11.0,5.0,27.0,0.0,8.0,0.0,0.0,2.0,49.0,0.0,0.0,0.0,0.0,0.0,0.0,0.0,0.0,0.0,0.0,0.0,0.0,0.0,0.0,0.0,0.0,0.0,0.0,1.0,3.0,1.0,1.0,3.0,6.0,2.0,4.0,7.0,12.0,9.0,4.0,0.0,0.0,0.0,0.0,0.0,0.0,0.0,0.0,0.0,0.0,0.0,0.0,0.0,0.0,0.0,0.0,0.0,0.0,1.0,7.0,1.0,1.0,3.0,7.0,2.0,4.0,8.0,14.0,13.0,5.0
582,1.0,582.0,London_303,cons,151,453,1092.0,70.0,2.0,173046.0,1.0205613081343472,839.0,139.0,2.0,137.0,255.0,21.0,234.0,83.0,122.0,180.0,16.0,86.0,9.0,23.0,1.0,16.0,21.0,85.0,150.0,197.0,209.0,1.0,1.0,0.0,0.0,0.0,0.0,0.0,0.0,0.0,80.0,0.0,32.0,10.0,29.0,1.0,6.0,0.0,2.0,2.0,78.0,0.0,0.0,0.0,0.0,0.0,0.0,0.0,0.0,0.0,0.0,0.0,0.0,1.0,0.0,1.0,0.0,0.0,0.0,1.0,3.0,4.0,0.0,4.0,5.0,1.0,2.0,5.0,11.0,20.0,11.0,0.0,0.0,0.0,0.0,0.0,0.0,0.0,0.0,0.0,0.0,0.0,0.0,3.0,0.0,1.0,0.0,0.0,0.0,1.0,3.0,4.0,0.0,5.0,7.0,1.0,2.0,5.0,15.0,26.0,14.0
583,1.0,583.0,London_303,cons,151,453,1092.0,70.0,2.0,149490.0,0.8746831072494388,787.0,89.0,2.0,87.0,165.0,17.0,148.0,119.0,110.0,199.0,10.0,85.0,8.0,20.0,1.0,20.0,23.0,75.0,162.0,193.0,225.0,3.0,1.0,0.0,0.0,1.0,0.0,0.0,0.0,1.0,44.0,0.0,14.0,3.0,23.0,0.0,2.0,0.0,2.0,1.0,43.0,0.0,0.0,0.0,0.0,0.0,0.0,0.0,0.0,0.0,0.0,0.0,0.0,0.0,0.0,1.0,0.0,0.0,0.0,4.0,1.0,1.0,0.0,0.0,5.0,1.0,2.0,3.0,13.0,9.0,5.0,0.0,0.0,0.0,0.0,0.0,0.0,0.0,0.0,0.0,0.0,0.0,0.0,0.0,0.0,7.0,0.0,0.0,0.0,4.0,2.0,1.0,0.0,0.0,5.0,2.0,3.0,3.0,18.0,11.0,7.0
584,1.0,584.0,London_303,cons,151,453,1092.0,70.0,2.0,153114.0,1.1254964107647538,795.0,112.0,0.0,112.0,206.0,0.0,206.0,94.0,103.0,199.0,12.0,81.0,9.0,28.0,1.0,20.0,21.0,79.0,170.0,183.0,218.0,11.0,2.0,8.0,0.0,0.0,0.0,0.0,0.0,1.0,65.0,1.0,18.0,6.0,31.0,1.0,7.0,0.0,1.0,0.0,65.0,0.0,0.0,0.0,0.0,0.0,0.0,0.0,0.0,0.0,0.0,0.0,0.0,0.0,0.0,0.0,0.0,0.0,0.0,2.0,6.0,3.0,0.0,3.0,7.0,4.0,6.0,4.0,12.0,16.0,12.0,0.0,0.0,0.0,0.0,0.0,0.0,0.0,0.0,0.0,0.0,0.0,0.0,0.0,0.0,0.0,0.0,0.0,0.0,2.0,7.0,3.0,0.0,3.0,7.0,4.0,8.0,5.0,17.0,23.0,15.0
585,1.0,585.0,London_303,cons,151,453,1092.0,70.0,2.0,129558.0,0.6842070603743196,743.0,126.0,0.0,126.0,212.0,0.0,212.0,104.0,102.0,189.0,15.0,88.0,10.0,27.0,1.0,21.0,21.0,96.0,155.0,181.0,222.0,4.0,1.0,2.0,0.0,1.0,0.0,0.0,0.0,0.0,69.0,0.0,21.0,3.0,34.0,1.0,6.0,0.0,4.0,0.0,69.0,0.0,0.0,0.0,0.0,0.0,0.0,0.0,0.0,0.0,0.0,0.0,0.0,0.0,0.0,0.0,0.0,0.0,0.0,2.0,2.0,2.0,1.0,5.0,10.0,4.0,2.0,9.0,17.0,17.0,17.0,0.0,0.0,0.0,0.0,0.0,0.0,0.0,0.0,0.0,0.0,0.0,0.0,0.0,0.0,0.0,0.0,0.0,0.0,2.0,3.0,2.0,1.0,5.0,12.0,4.0,2.0,11.0,23.0,23.0,19.0
586,1.0,586.0,London_303,cons,151,453,1092.0,70.0,2.0,105549.0,0.4985615569166839,690.0,5.0,0.0,5.0,7.0,0.0,7.0,113.0,101.0,199.0,20.0,74.0,10.0,29.0,1.0,19.0,21.0,84.0,160.0,188.0,229.0,1.0,0.0,1.0,0.0,0.0,0.0,0.0,0.0,0.0,2.0,0.0,0.0,0.0,0.0,0.0,2.0,0.0,0.0,0.0,2.0,0.0,0.0,0.0,0.0,0.0,0.0,0.0,0.0,0.0,0.0,0.0,0.0,0.0,0.0,0.0,0.0,0.0,0.0,0.0,0.0,0.0,0.0,0.0,0.0,0.0,0.0,0.0,0.0,0.0,1.0,0.0,0.0,0.0,0.0,0.0,0.0,0.0,0.0,0.0,0.0,0.0,0.0,0.0,0.0,0.0,0.0,0.0,0.0,0.0,0.0,0.0,0.0,0.0,0.0,0.0,0.0,0.0,0.0,0.0,1.0
587,1.0,587.0,London_303,cons,151,453,1092.0,70.0,2.0,136806.0,0.6491097519174218,759.0,22.0,0.0,22.0,41.0,0.0,41.0,5.0,101.0,199.0,19.0,74.0,10.0,29.0,1.0,20.0,21.0,85.0,161.0,186.0,230.0,3.0,2.0,1.0,0.0,0.0,0.0,0.0,0.0,0.0,6.0,0.0,1.0,0.0,0.0,0.0,3.0,1.0,1.0,0.0,6.0,0.0,0.0,0.0,0.0,0.0,0.0,0.0,0.0,0.0,0.0,0.0,0.0,0.0,0.0,0.0,0.0,0.0,0.0,1.0,2.0,2.0,0.0,1.0,2.0,3.0,3.0,4.0,4.0,4.0,1.0,0.0,0.0,0.0,0.0,0.0,0.0,0.0,0.0,0.0,0.0,0.0,0.0,0.0,0.0,0.0,0.0,0.0,0.0,1.0,2.0,2.0,0.0,1.0,2.0,5.0,4.0,6.0,6.0,8.0,2.0
588,1.0,588.0,London_303,cons,151,453,1092.0,70.0,2.0,169422.0,1.0262393280863762,831.0,25.0,1.0,24.0,58.0,9.0,49.0,34.0,104.0,192.0,15.0,78.0,13.0,30.0,1.0,20.0,21.0,88.0,159.0,185.0,235.0,5.0,0.0,4.0,0.0,0.0,0.0,1.0,0.0,0.0,13.0,0.0,4.0,0.0,3.0,0.0,0.0,4.0,2.0,1.0,12.0,0.0,0.0,0.0,0.0,0.0,0.0,0.0,0.0,0.0,0.0,0.0,0.0,0.0,0.0,0.0,0.0,0.0,0.0,0.0,3.0,0.0,0.0,1.0,3.0,2.0,1.0,3.0,3.0,4.0,2.0,0.0,0.0,0.0,0.0,0.0,0.0,0.0,0.0,0.0,0.0,0.0,0.0,0.0,0.0,0.0,0.0,0.0,0.0,0.0,3.0,0.0,0.0,1.0,4.0,2.0,2.0,5.0,8.0,5.0,3.0
589,1.0,589.0,London_303,cons,151,453,1092.0,70.0,2.0,205662.0,1.1738844807259738,911.0,157.0,2.0,155.0,276.0,19.0,257.0,31.0,108.0,184.0,14.0,81.0,13.0,31.0,1.0,21.0,21.0,89.0,162.0,181.0,234.0,8.0,2.0,4.0,0.0,0.0,0.0,1.0,0.0,1.0,107.0,0.0,43.0,2.0,44.0,0.0,11.0,2.0,5.0,2.0,105.0,0.0,0.0,0.0,0.0,0.0,0.0,0.0,0.0,0.0,0.0,0.0,0.0,0.0,1.0,2.0,0.0,0.0,0.0,0.0,1.0,2.0,1.0,3.0,2.0,1.0,2.0,1.0,8.0,13.0,8.0,0.0,0.0,0.0,0.0,0.0,0.0,0.0,0.0,0.0,0.0,0.0,0.0,0.0,1.0,5.0,0.0,0.0,0.0,0.0,1.0,3.0,1.0,3.0,2.0,1.0,2.0,1.0,9.0,19.0,10.0
590,1.0,590.0,London_303,cons,151,453,1092.0,70.0,2.0,174858.0,1.2570952428504825,843.0,170.0,2.0,168.0,291.0,18.0,273.0,96.0,97.0,188.0,13.0,94.0,10.0,26.0,1.0,24.0,19.0,87.0,153.0,194.0,236.0,1.0,0.0,0.0,0.0,1.0,0.0,0.0,0.0,0.0,110.0,0.0,44.0,10.0,43.0,0.0,6.0,3.0,4.0,2.0,108.0,0.0,0.0,0.0,0.0,0.0,0.0,0.0,0.0,0.0,0.0,0.0,0.0,0.0,0.0,1.0,0.0,0.0,0.0,3.0,2.0,2.0,1.0,4.0,10.0,3.0,2.0,6.0,13.0,13.0,14.0,0.0,0.0,0.0,0.0,0.0,0.0,0.0,0.0,0.0,0.0,0.0,0.0,0.0,0.0,2.0,0.0,0.0,0.0,3.0,2.0,2.0,1.0,4.0,10.0,3.0,2.0,9.0,19.0,16.0,16.0
591,1.0,591.0,London_303,cons,151,453,1092.0,70.0,2.0,139524.0,1.1679280740208924,765.0,1.0,1.0,0.0,9.0,9.0,0.0,112.0,90.0,202.0,12.0,90.0,8.0,27.0,1.0,23.0,22.0,92.0,146.0,193.0,248.0,4.0,0.0,2.0,0.0,2.0,0.0,0.0,0.0,0.0,0.0,0.0,0.0,0.0,0.0,0.0,0.0,0.0,0.0,0.0,0.0,0.0,0.0,0.0,0.0,0.0,0.0,0.0,0.0,0.0,0.0,0.0,0.0,0.0,0.0,1.0,0.0,0.0,0.0,0.0,0.0,0.0,0.0,0.0,0.0,0.0,0.0,0.0,0.0,0.0,0.0,0.0,0.0,0.0,0.0,0.0,0.0,0.0,0.0,0.0,0.0,0.0,0.0,0.0,0.0,4.0,0.0,0.0,0.0,0.0,0.0,0.0,0.0,0.0,0.0,0.0,0.0,0.0,0.0,0.0,0.0
592,1.0,592.0,London_303,cons,151,453,1092.0,70.0,2.0,178482.0,1.313381325919181,851.0,153.0,0.0,153.0,267.0,0.0,267.0,13.0,91.0,206.0,14.0,83.0,8.0,27.0,1.0,23.0,19.0,94.0,145.0,195.0,235.0,4.0,0.0,3.0,0.0,1.0,0.0,0.0,0.0,0.0,85.0,0.0,37.0,0.0,37.0,2.0,6.0,1.0,2.0,0.0,85.0,0.0,0.0,0.0,0.0,0.0,0.0,0.0,0.0,0.0,0.0,0.0,0.0,0.0,0.0,0.0,0.0,0.0,0.0,2.0,3.0,1.0,2.0,6.0,6.0,4.0,6.0,3.0,19.0,14.0,15.0,0.0,0.0,0.0,0.0,0.0,0.0,0.0,0.0,0.0,0.0,0.0,0.0,0.0,0.0,0.0,0.0,0.0,0.0,2.0,3.0,1.0,2.0,7.0,9.0,4.0,8.0,4.0,27.0,16.0,19.0
593,1.0,593.0,London_303,cons,151,453,1092.0,70.0,2.0,140883.0,0.8096806891262531,768.0,25.0,0.0,25.0,45.0,0.0,45.0,140.0,90.0,209.0,5.0,101.0,6.0,21.0,1.0,20.0,24.0,91.0,157.0,181.0,251.0,6.0,0.0,3.0,0.0,2.0,0.0,0.0,0.0,1.0,11.0,0.0,3.0,2.0,4.0,0.0,1.0,0.0,1.0,0.0,11.0,0.0,0.0,0.0,0.0,0.0,0.0,0.0,0.0,0.0,0.0,0.0,0.0,0.0,0.0,0.0,0.0,0.0,0.0,0.0,0.0,0.0,0.0,1.0,5.0,3.0,2.0,3.0,5.0,4.0,8.0,0.0,0.0,0.0,0.0,0.0,0.0,0.0,0.0,0.0,0.0,0.0,0.0,0.0,0.0,0.0,0.0,0.0,0.0,0.0,0.0,0.0,0.0,1.0,6.0,3.0,2.0,6.0,8.0,5.0,11.0
594,1.0,594.0,London_303,cons,151,453,1092.0,70.0,2.0,168516.0,1.066620646044612,829.0,65.0,0.0,65.0,108.0,0.0,108.0,35.0,93.0,198.0,8.0,102.0,7.0,24.0,2.0,19.0,23.0,87.0,164.0,179.0,246.0,3.0,0.0,2.0,0.0,0.0,0.0,0.0,0.0,1.0,29.0,0.0,17.0,2.0,6.0,0.0,2.0,0.0,2.0,0.0,29.0,0.0,0.0,0.0,0.0,0.0,0.0,0.0,0.0,0.0,0.0,0.0,0.0,0.0,0.0,0.0,0.0,0.0,0.0,3.0,2.0,0.0,1.0,0.0,4.0,4.0,3.0,3.0,7.0,12.0,7.0,0.0,0.0,0.0,0.0,0.0,0.0,0.0,0.0,0.0,0.0,0.0,0.0,0.0,0.0,0.0,0.0,0.0,0.0,3.0,2.0,0.0,1.0,0.0,4.0,5.0,4.0,4.0,9.0,16.0,8.0
595,1.0,595.0,London_303,cons,151,453,1092.0,70.0,2.0,180294.0,1.2078393860720098,855.0,126.0,0.0,126.0,211.0,0.0,211.0,65.0,99.0,202.0,8.0,96.0,8.0,20.0,2.0,18.0,23.0,91.0,156.0,183.0,249.0,6.0,0.0,4.0,0.0,1.0,0.0,0.0,0.0,1.0,76.0,0.0,25.0,3.0,36.0,0.0,9.0,1.0,2.0,0.0,76.0,0.0,0.0,0.0,0.0,0.0,0.0,0.0,0.0,0.0,0.0,0.0,0.0,0.0,0.0,0.0,0.0,0.0,0.0,2.0,7.0,1.0,0.0,0.0,5.0,2.0,1.0,2.0,18.0,12.0,9.0,0.0,0.0,0.0,0.0,0.0,0.0,0.0,0.0,0.0,0.0,0.0,0.0,0.0,0.0,0.0,0.0,0.0,0.0,3.0,10.0,1.0,0.0,0.0,8.0,3.0,1.0,2.0,25.0,17.0,10.0
596,1.0,596.0,London_303,cons,151,453,1092.0,70.0,2.0,153114.0,1.3417999329976737,795.0,115.0,2.0,113.0,222.0,17.0,205.0,101.0,96.0,210.0,12.0,83.0,10.0,23.0,2.0,17.0,25.0,91.0,157.0,180.0,260.0,3.0,0.0,3.0,0.0,0.0,0.0,0.0,0.0,0.0,81.0,0.0,26.0,3.0,40.0,0.0,11.0,0.0,1.0,2.0,79.0,0.0,0.0,0.0,0.0,0.0,0.0,0.0,0.0,0.0,0.0,0.0,0.0,0.0,0.0,0.0,0.0,0.0,0.0,1.0,2.0,2.0,0.0,3.0,5.0,2.0,4.0,8.0,7.0,13.0,11.0,0.0,0.0,0.0,0.0,0.0,0.0,0.0,0.0,0.0,0.0,0.0,0.0,0.0,0.0,0.0,0.0,0.0,0.0,1.0,3.0,2.0,0.0,3.0,7.0,4.0,5.0,13.0,8.0,20.0,13.0
597,1.0,597.0,London_303,cons,151,453,1092.0,70.0,2.0,129558.0,0.6782976319082081,743.0,100.0,0.0,100.0,176.0,0.0,176.0,87.0,90.0,203.0,11.0,101.0,5.0,20.0,2.0,21.0,25.0,90.0,153.0,185.0,264.0,0.0,0.0,0.0,0.0,0.0,0.0,0.0,0.0,0.0,68.0,3.0,32.0,8.0,17.0,0.0,6.0,0.0,2.0,0.0,68.0,0.0,0.0,0.0,0.0,0.0,0.0,0.0,0.0,0.0,0.0,0.0,0.0,0.0,0.0,0.0,0.0,0.0,0.0,5.0,1.0,0.0,0.0,2.0,3.0,2.0,3.0,6.0,10.0,11.0,8.0,0.0,0.0,0.0,0.0,0.0,0.0,0.0,0.0,0.0,0.0,0.0,0.0,0.0,0.0,0.0,0.0,0.0,0.0,5.0,1.0,0.0,0.0,2.0,4.0,2.0,4.0,6.0,11.0,12.0,9.0
598,1.0,598.0,London_303,cons,151,453,1092.0,70.0,2.0,108267.0,0.6158790630288422,696.0,52.0,0.0,52.0,86.0,0.0,86.0,77.0,92.0,214.0,8.0,94.0,4.0,20.0,2.0,19.0,26.0,91.0,153.0,183.0,272.0,6.0,1.0,3.0,0.0,1.0,0.0,0.0,0.0,1.0,25.0,0.0,8.0,2.0,11.0,0.0,3.0,0.0,1.0,0.0,25.0,0.0,0.0,0.0,0.0,0.0,0.0,0.0,0.0,0.0,0.0,0.0,0.0,0.0,0.0,0.0,0.0,0.0,0.0,2.0,4.0,3.0,0.0,5.0,8.0,1.0,4.0,4.0,3.0,7.0,6.0,0.0,0.0,0.0,0.0,0.0,0.0,0.0,0.0,0.0,0.0,0.0,0.0,0.0,0.0,0.0,0.0,0.0,0.0,2.0,4.0,3.0,0.0,5.0,9.0,1.0,7.0,4.0,3.0,10.0,7.0
599,1.0,599.0,London_303,cons,151,453,1092.0,70.0,2.0,113703.0,0.6890390571206808,708.0,70.0,1.0,69.0,138.0,8.0,130.0,57.0,97.0,207.0,9.0,95.0,4.0,21.0,1.0,19.0,24.0,96.0,151.0,182.0,268.0,10.0,2.0,7.0,0.0,1.0,0.0,0.0,0.0,0.0,40.0,0.0,17.0,4.0,17.0,0.0,1.0,0.0,1.0,0.0,40.0,0.0,0.0,0.0,0.0,0.0,0.0,0.0,0.0,0.0,0.0,0.0,0.0,0.0,0.0,1.0,0.0,0.0,0.0,2.0,4.0,3.0,0.0,3.0,2.0,2.0,1.0,5.0,12.0,7.0,8.0,0.0,0.0,0.0,0.0,0.0,0.0,0.0,0.0,0.0,0.0,0.0,0.0,0.0,0.0,2.0,0.0,0.0,0.0,3.0,4.0,3.0,0.0,3.0,3.0,3.0,1.0,5.0,16.0,8.0,8.0
600,1.0,600.0,London_303,cons,151,453,1092.0,70.0,2.0,111438.0,0.7035209303721786,703.0,44.0,2.0,42.0,86.0,17.0,69.0,79.0,98.0,199.0,9.0,98.0,4.0,23.0,1.0,21.0,24.0,87.0,152.0,190.0,266.0,1.0,0.0,0.0,0.0,1.0,0.0,0.0,0.0,0.0,17.0,0.0,7.0,3.0,3.0,1.0,2.0,0.0,1.0,1.0,16.0,0.0,0.0,0.0,0.0,0.0,0.0,0.0,0.0,0.0,0.0,0.0,0.0,0.0,1.0,1.0,0.0,0.0,0.0,1.0,2.0,0.0,0.0,0.0,7.0,7.0,4.0,4.0,6.0,7.0,4.0,0.0,0.0,0.0,0.0,0.0,0.0,0.0,0.0,0.0,0.0,0.0,0.0,0.0,4.0,4.0,0.0,0.0,0.0,1.0,2.0,0.0,0.0,0.0,8.0,7.0,5.0,4.0,9.0,9.0,6.0
601,1.0,601.0,London_303,cons,151,453,1092.0,70.0,2.0,120498.0,0.6280674985609949,723.0,72.0,2.0,70.0,140.0,18.0,122.0,64.0,99.0,201.0,12.0,86.0,7.0,27.0,1.0,20.0,17.0,84.0,151.0,201.0,255.0,9.0,2.0,7.0,0.0,0.0,0.0,0.0,0.0,0.0,45.0,1.0,17.0,2.0,17.0,0.0,7.0,0.0,1.0,1.0,44.0,0.0,0.0,0.0,0.0,0.0,0.0,0.0,0.0,0.0,1.0,0.0,0.0,0.0,1.0,0.0,0.0,0.0,0.0,0.0,4.0,1.0,0.0,3.0,4.0,6.0,4.0,3.0,6.0,10.0,8.0,0.0,0.0,0.0,0.0,0.0,0.0,0.0,0.0,0.0,2.0,0.0,0.0,0.0,5.0,0.0,0.0,0.0,0.0,0.0,5.0,1.0,0.0,3.0,4.0,10.0,5.0,3.0,6.0,12.0,9.0
602,1.0,602.0,London_303,cons,151,453,1092.0,70.0,2.0,127746.0,1.2402246901765466,739.0,73.0,0.0,73.0,122.0,0.0,122.0,84.0,107.0,194.0,14.0,93.0,8.0,14.0,3.0,20.0,13.0,85.0,154.0,201.0,238.0,9.0,1.0,6.0,0.0,0.0,0.0,0.0,0.0,2.0,29.0,0.0,13.0,0.0,10.0,1.0,5.0,0.0,0.0,0.0,29.0,0.0,0.0,0.0,0.0,0.0,0.0,0.0,0.0,0.0,0.0,0.0,0.0,0.0,0.0,0.0,0.0,0.0,0.0,1.0,7.0,3.0,0.0,4.0,1.0,5.0,6.0,8.0,5.0,10.0,6.0,0.0,0.0,0.0,0.0,0.0,0.0,0.0,0.0,0.0,0.0,0.0,0.0,0.0,0.0,0.0,0.0,0.0,0.0,2.0,7.0,3.0,0.0,4.0,1.0,6.0,7.0,10.0,5.0,13.0,6.0
603,1.0,603.0,London_303,cons,151,453,1092.0,70.0,2.0,125481.0,0.7274303510785103,734.0,51.0,2.0,49.0,106.0,22.0,84.0,80.0,105.0,195.0,12.0,99.0,6.0,14.0,3.0,19.0,14.0,89.0,148.0,202.0,241.0,12.0,3.0,9.0,0.0,0.0,0.0,0.0,0.0,0.0,20.0,1.0,2.0,0.0,12.0,0.0,3.0,0.0,2.0,2.0,18.0,0.0,0.0,0.0,0.0,0.0,0.0,0.0,0.0,0.0,0.0,0.0,1.0,0.0,0.0,0.0,0.0,0.0,0.0,1.0,4.0,4.0,1.0,2.0,3.0,2.0,3.0,5.0,10.0,6.0,6.0,0.0,0.0,0.0,0.0,0.0,0.0,0.0,0.0,0.0,0.0,0.0,1.0,0.0,0.0,0.0,0.0,0.0,0.0,1.0,4.0,4.0,4.0,2.0,5.0,2.0,4.0,7.0,14.0,8.0,6.0
604,1.0,604.0,London_303,cons,151,453,1092.0,70.0,2.0,146772.0,1.6263928562402725,781.0,38.0,0.0,38.0,69.0,0.0,69.0,80.0,103.0,192.0,13.0,93.0,5.0,22.0,3.0,22.0,10.0,92.0,145.0,206.0,233.0,5.0,1.0,2.0,0.0,2.0,0.0,0.0,0.0,0.0,11.0,0.0,0.0,0.0,8.0,1.0,0.0,0.0,2.0,0.0,11.0,0.0,0.0,0.0,0.0,0.0,0.0,0.0,0.0,0.0,0.0,0.0,0.0,0.0,0.0,0.0,0.0,0.0,0.0,1.0,5.0,0.0,0.0,1.0,3.0,3.0,4.0,4.0,6.0,9.0,7.0,0.0,0.0,0.0,0.0,0.0,0.0,0.0,0.0,0.0,0.0,0.0,0.0,0.0,0.0,0.0,0.0,0.0,0.0,1.0,7.0,0.0,0.0,1.0,3.0,4.0,6.0,6.0,9.0,14.0,7.0
605,1.0,605.0,London_303,cons,151,453,1092.0,70.0,2.0,176217.0,1.181741800159216,846.0,135.0,0.0,135.0,236.0,0.0,236.0,60.0,107.0,196.0,10.0,85.0,5.0,23.0,5.0,22.0,14.0,97.0,143.0,199.0,233.0,1.0,0.0,1.0,0.0,0.0,0.0,0.0,0.0,0.0,82.0,1.0,18.0,4.0,46.0,0.0,10.0,1.0,2.0,0.0,82.0,0.0,0.0,0.0,0.0,0.0,0.0,0.0,0.0,0.0,0.0,0.0,0.0,0.0,0.0,0.0,0.0,0.0,0.0,2.0,3.0,2.0,2.0,3.0,6.0,3.0,2.0,5.0,8.0,15.0,10.0,0.0,0.0,0.0,0.0,0.0,0.0,0.0,0.0,0.0,0.0,0.0,0.0,0.0,0.0,0.0,0.0,0.0,0.0,2.0,4.0,2.0,3.0,3.0,6.0,3.0,2.0,6.0,9.0,20.0,11.0
606,1.0,606.0,London_303,cons,151,453,1092.0,70.0,2.0,156738.0,0.8926301472820342,803.0,62.0,2.0,60.0,122.0,19.0,103.0,96.0,108.0,187.0,9.0,94.0,5.0,26.0,3.0,21.0,15.0,101.0,134.0,203.0,244.0,4.0,0.0,3.0,0.0,0.0,0.0,0.0,0.0,1.0,30.0,0.0,12.0,1.0,13.0,1.0,2.0,0.0,1.0,2.0,28.0,0.0,0.0,0.0,0.0,0.0,0.0,0.0,0.0,0.0,0.0,0.0,1.0,0.0,0.0,1.0,0.0,0.0,0.0,2.0,2.0,1.0,1.0,5.0,5.0,6.0,1.0,1.0,8.0,9.0,8.0,0.0,0.0,0.0,0.0,0.0,0.0,0.0,0.0,0.0,0.0,0.0,1.0,0.0,0.0,4.0,0.0,0.0,0.0,2.0,2.0,1.0,1.0,5.0,5.0,7.0,1.0,1.0,11.0,12.0,10.0
607,1.0,607.0,London_303,cons,151,453,1092.0,70.0,2.0,175311.0,0.9671973711811006,844.0,60.0,2.0,58.0,118.0,17.0,101.0,69.0,109.0,191.0,5.0,90.0,4.0,30.0,3.0,21.0,13.0,104.0,131.0,205.0,240.0,2.0,0.0,2.0,0.0,0.0,0.0,0.0,0.0,0.0,29.0,0.0,9.0,2.0,13.0,1.0,3.0,0.0,1.0,2.0,27.0,0.0,0.0,0.0,0.0,0.0,0.0,0.0,0.0,0.0,0.0,0.0,0.0,0.0,1.0,2.0,0.0,0.0,0.0,0.0,5.0,3.0,1.0,5.0,5.0,1.0,2.0,1.0,5.0,16.0,0.0,0.0,0.0,0.0,0.0,0.0,0.0,0.0,0.0,0.0,0.0,0.0,0.0,0.0,6.0,4.0,0.0,0.0,0.0,0.0,7.0,3.0,1.0,5.0,8.0,2.0,2.0,1.0,6.0,22.0,0.0
608,1.0,608.0,London_303,cons,151,453,1092.0,70.0,2.0,189807.0,1.2426630342379212,876.0,156.0,0.0,156.0,285.0,0.0,285.0,73.0,110.0,181.0,12.0,96.0,2.0,27.0,4.0,21.0,12.0,102.0,126.0,213.0,245.0,5.0,0.0,3.0,0.0,2.0,0.0,0.0,0.0,0.0,106.0,0.0,31.0,4.0,51.0,1.0,14.0,1.0,4.0,0.0,106.0,0.0,0.0,0.0,0.0,0.0,0.0,0.0,0.0,0.0,0.0,0.0,0.0,0.0,0.0,0.0,0.0,0.0,0.0,0.0,5.0,2.0,1.0,4.0,11.0,3.0,2.0,5.0,12.0,10.0,12.0,0.0,0.0,0.0,0.0,0.0,0.0,0.0,0.0,0.0,0.0,0.0,0.0,0.0,0.0,0.0,0.0,0.0,0.0,0.0,6.0,2.0,1.0,4.0,14.0,5.0,2.0,6.0,16.0,12.0,14.0
609,1.0,609.0,London_303,cons,151,453,1092.0,70.0,2.0,159456.0,0.8531669657677412,809.0,66.0,0.0,66.0,116.0,0.0,116.0,107.0,108.0,181.0,5.0,104.0,2.0,28.0,3.0,22.0,15.0,92.0,128.0,218.0,250.0,13.0,1.0,6.0,0.0,5.0,0.0,0.0,0.0,1.0,31.0,0.0,18.0,0.0,9.0,1.0,3.0,0.0,0.0,0.0,31.0,0.0,0.0,0.0,0.0,0.0,0.0,0.0,0.0,0.0,0.0,0.0,0.0,0.0,0.0,0.0,0.0,0.0,0.0,1.0,1.0,1.0,3.0,1.0,7.0,2.0,6.0,8.0,11.0,7.0,8.0,0.0,0.0,0.0,0.0,0.0,0.0,0.0,0.0,0.0,0.0,0.0,0.0,0.0,0.0,0.0,0.0,0.0,0.0,1.0,1.0,1.0,4.0,1.0,10.0,4.0,6.0,8.0,14.0,10.0,10.0
610,1.0,610.0,London_303,cons,151,453,1092.0,70.0,2.0,172593.0,1.0999607117846608,838.0,95.0,0.0,95.0,165.0,0.0,165.0,85.0,120.0,177.0,7.0,98.0,1.0,27.0,3.0,20.0,15.0,89.0,142.0,207.0,241.0,6.0,0.0,3.0,0.0,2.0,0.0,0.0,0.0,1.0,60.0,0.0,20.0,8.0,23.0,3.0,3.0,0.0,3.0,0.0,60.0,0.0,0.0,0.0,0.0,0.0,0.0,0.0,0.0,0.0,0.0,0.0,0.0,0.0,0.0,0.0,0.0,0.0,0.0,5.0,0.0,1.0,3.0,5.0,4.0,2.0,1.0,6.0,5.0,15.0,6.0,0.0,0.0,0.0,0.0,0.0,0.0,0.0,0.0,0.0,0.0,0.0,0.0,0.0,0.0,0.0,0.0,0.0,0.0,6.0,0.0,1.0,3.0,5.0,4.0,2.0,3.0,10.0,7.0,20.0,7.0
611,1.0,611.0,London_303,cons,151,453,1092.0,70.0,2.0,166704.0,1.1707218140363693,825.0,122.0,2.0,120.0,229.0,19.0,210.0,81.0,125.0,173.0,6.0,96.0,2.0,29.0,3.0,19.0,17.0,94.0,133.0,209.0,244.0,2.0,0.0,1.0,0.0,1.0,0.0,0.0,0.0,0.0,81.0,0.0,29.0,6.0,28.0,2.0,13.0,1.0,2.0,1.0,80.0,0.0,0.0,0.0,0.0,0.0,0.0,0.0,0.0,0.0,0.0,0.0,0.0,0.0,0.0,1.0,0.0,0.0,0.0,1.0,2.0,4.0,1.0,3.0,1.0,3.0,5.0,5.0,11.0,10.0,10.0,0.0,0.0,0.0,0.0,0.0,0.0,0.0,0.0,0.0,0.0,0.0,0.0,0.0,0.0,2.0,0.0,0.0,0.0,1.0,2.0,4.0,1.0,3.0,1.0,3.0,5.0,5.0,13.0,12.0,10.0
612,1.0,612.0,London_303,cons,151,453,1092.0,70.0,2.0,150849.0,0.8058188837021589,790.0,32.0,2.0,30.0,71.0,18.0,53.0,94.0,124.0,175.0,7.0,97.0,3.0,27.0,1.0,19.0,14.0,90.0,129.0,220.0,240.0,5.0,0.0,3.0,0.0,2.0,0.0,0.0,0.0,0.0,14.0,0.0,2.0,0.0,8.0,1.0,1.0,0.0,2.0,2.0,12.0,0.0,0.0,0.0,0.0,0.0,0.0,0.0,0.0,0.0,1.0,0.0,1.0,0.0,1.0,0.0,0.0,0.0,0.0,2.0,1.0,0.0,0.0,0.0,2.0,2.0,2.0,2.0,5.0,5.0,8.0,0.0,0.0,0.0,0.0,0.0,0.0,0.0,0.0,0.0,1.0,0.0,1.0,0.0,2.0,0.0,0.0,0.0,0.0,2.0,1.0,0.0,0.0,0.0,4.0,2.0,3.0,2.0,8.0,8.0,9.0
613,1.0,613.0,London_303,cons,151,453,1092.0,70.0,2.0,170328.0,1.0195150878280401,833.0,108.0,2.0,106.0,200.0,15.0,185.0,40.0,126.0,180.0,7.0,91.0,5.0,25.0,2.0,17.0,15.0,95.0,128.0,215.0,231.0,4.0,0.0,2.0,0.0,2.0,0.0,0.0,0.0,0.0,61.0,0.0,8.0,9.0,32.0,1.0,7.0,1.0,3.0,2.0,59.0,0.0,0.0,0.0,0.0,0.0,0.0,0.0,0.0,0.0,0.0,0.0,0.0,0.0,0.0,0.0,0.0,0.0,0.0,2.0,2.0,4.0,0.0,5.0,10.0,5.0,6.0,6.0,12.0,13.0,9.0,0.0,0.0,0.0,0.0,0.0,0.0,0.0,0.0,0.0,0.0,0.0,0.0,0.0,0.0,0.0,0.0,0.0,0.0,3.0,3.0,4.0,0.0,5.0,10.0,7.0,6.0,8.0,16.0,14.0,10.0
614,1.0,614.0,London_303,cons,151,453,1092.0,70.0,2.0,159909.0,0.9606359619647264,810.0,69.0,0.0,69.0,118.0,0.0,118.0,93.0,123.0,182.0,3.0,91.0,4.0,29.0,2.0,19.0,18.0,97.0,121.0,217.0,238.0,6.0,1.0,4.0,0.0,0.0,0.0,0.0,0.0,1.0,31.0,0.0,8.0,3.0,16.0,1.0,1.0,0.0,2.0,0.0,31.0,0.0,0.0,0.0,0.0,0.0,0.0,0.0,0.0,0.0,0.0,0.0,0.0,0.0,0.0,0.0,0.0,0.0,0.0,2.0,1.0,2.0,0.0,1.0,5.0,3.0,3.0,2.0,7.0,10.0,16.0,0.0,0.0,0.0,0.0,0.0,0.0,0.0,0.0,0.0,0.0,0.0,0.0,0.0,0.0,0.0,0.0,0.0,0.0,2.0,1.0,2.0,0.0,1.0,6.0,4.0,3.0,3.0,10.0,15.0,18.0
615,1.0,615.0,London_303,cons,151,453,1092.0,70.0,2.0,175311.0,1.1545894742012024,844.0,97.0,1.0,96.0,162.0,10.0,152.0,70.0,120.0,176.0,9.0,86.0,7.0,35.0,2.0,18.0,17.0,104.0,131.0,201.0,235.0,3.0,1.0,2.0,0.0,0.0,0.0,0.0,0.0,0.0,50.0,0.0,20.0,3.0,18.0,0.0,2.0,1.0,6.0,0.0,50.0,0.0,0.0,0.0,0.0,0.0,0.0,0.0,0.0,0.0,0.0,0.0,0.0,0.0,1.0,1.0,0.0,0.0,0.0,5.0,2.0,0.0,2.0,5.0,1.0,0.0,2.0,5.0,13.0,12.0,14.0,0.0,0.0,0.0,0.0,0.0,0.0,0.0,0.0,0.0,0.0,0.0,0.0,0.0,7.0,4.0,0.0,0.0,0.0,5.0,2.0,0.0,2.0,5.0,1.0,0.0,2.0,7.0,15.0,18.0,15.0
616,1.0,616.0,London_303,cons,151,453,1092.0,70.0,2.0,170328.0,1.5700803762301803,833.0,121.0,2.0,119.0,214.0,18.0,196.0,90.0,114.0,181.0,9.0,94.0,5.0,30.0,2.0,18.0,20.0,103.0,118.0,212.0,242.0,7.0,2.0,5.0,0.0,0.0,0.0,0.0,0.0,0.0,63.0,0.0,18.0,6.0,30.0,0.0,4.0,1.0,4.0,1.0,62.0,0.0,0.0,0.0,0.0,0.0,0.0,0.0,0.0,0.0,0.0,0.0,0.0,0.0,1.0,2.0,0.0,0.0,0.0,3.0,1.0,0.0,1.0,6.0,7.0,5.0,2.0,4.0,12.0,12.0,10.0,0.0,0.0,0.0,0.0,0.0,0.0,0.0,0.0,0.0,0.0,0.0,0.0,0.0,8.0,3.0,0.0,0.0,0.0,3.0,1.0,0.0,1.0,6.0,13.0,8.0,3.0,5.0,13.0,15.0,11.0
617,1.0,617.0,London_303,cons,151,453,1092.0,70.0,2.0,150849.0,1.0248991707339883,790.0,52.0,3.0,49.0,102.0,24.0,78.0,118.0,105.0,180.0,12.0,96.0,8.0,33.0,3.0,16.0,19.0,102.0,116.0,216.0,229.0,8.0,2.0,5.0,0.0,1.0,0.0,0.0,0.0,0.0,13.0,0.0,4.0,0.0,6.0,0.0,1.0,0.0,2.0,3.0,10.0,0.0,0.0,0.0,0.0,0.0,0.0,0.0,0.0,0.0,0.0,0.0,0.0,0.0,1.0,2.0,0.0,0.0,0.0,1.0,4.0,5.0,1.0,2.0,11.0,3.0,3.0,5.0,8.0,8.0,9.0,0.0,0.0,0.0,0.0,0.0,0.0,0.0,0.0,0.0,0.0,0.0,0.0,0.0,2.0,4.0,0.0,0.0,0.0,1.0,5.0,5.0,2.0,2.0,13.0,3.0,4.0,5.0,10.0,9.0,12.0
618,1.0,618.0,London_303,cons,151,453,1092.0,70.0,2.0,168969.0,1.1786949932575226,830.0,117.0,0.0,117.0,200.0,0.0,200.0,83.0,112.0,181.0,6.0,97.0,6.0,32.0,3.0,16.0,17.0,111.0,111.0,214.0,222.0,4.0,0.0,3.0,0.0,0.0,0.0,1.0,0.0,0.0,66.0,1.0,23.0,7.0,25.0,0.0,7.0,0.0,3.0,0.0,66.0,0.0,0.0,0.0,0.0,0.0,0.0,0.0,0.0,0.0,0.0,0.0,0.0,0.0,0.0,0.0,0.0,0.0,0.0,5.0,5.0,1.0,3.0,3.0,7.0,5.0,2.0,8.0,15.0,16.0,10.0,0.0,0.0,0.0,0.0,0.0,0.0,0.0,0.0,0.0,0.0,0.0,0.0,0.0,0.0,0.0,0.0,0.0,0.0,6.0,6.0,1.0,4.0,3.0,7.0,6.0,3.0,9.0,19.0,21.0,11.0
619,1.0,619.0,London_303,cons,151,453,1092.0,70.0,2.0,154020.0,1.5405891668051481,797.0,102.0,0.0,102.0,183.0,0.0,183.0,101.0,115.0,178.0,10.0,90.0,10.0,29.0,3.0,18.0,21.0,101.0,114.0,217.0,233.0,11.0,0.0,7.0,0.0,3.0,0.0,1.0,0.0,0.0,52.0,0.0,24.0,5.0,17.0,0.0,3.0,0.0,3.0,0.0,52.0,0.0,0.0,0.0,0.0,0.0,0.0,0.0,0.0,0.0,0.0,0.0,0.0,0.0,0.0,0.0,0.0,0.0,0.0,0.0,3.0,3.0,0.0,3.0,6.0,2.0,0.0,8.0,8.0,21.0,8.0,0.0,0.0,0.0,0.0,0.0,0.0,0.0,0.0,0.0,0.0,0.0,0.0,0.0,0.0,0.0,0.0,0.0,0.0,0.0,4.0,3.0,0.0,3.0,8.0,3.0,0.0,8.0,9.0,34.0,9.0
620,1.0,620.0,London_303,cons,151,453,1092.0,70.0,2.0,139977.0,1.0594751266762614,766.0,25.0,0.0,25.0,39.0,0.0,39.0,108.0,115.0,183.0,14.0,82.0,6.0,33.0,3.0,17.0,21.0,101.0,107.0,224.0,228.0,7.0,1.0,3.0,0.0,3.0,0.0,0.0,0.0,0.0,10.0,0.0,1.0,0.0,6.0,0.0,0.0,1.0,2.0,0.0,10.0,0.0,0.0,0.0,0.0,0.0,0.0,0.0,0.0,0.0,0.0,0.0,0.0,0.0,0.0,0.0,0.0,0.0,0.0,1.0,2.0,1.0,0.0,3.0,1.0,1.0,0.0,1.0,2.0,5.0,5.0,0.0,0.0,0.0,0.0,0.0,0.0,0.0,0.0,0.0,0.0,0.0,0.0,0.0,0.0,0.0,0.0,0.0,0.0,2.0,3.0,1.0,0.0,3.0,1.0,2.0,0.0,1.0,2.0,6.0,6.0
621,1.0,621.0,London_303,cons,151,453,1092.0,70.0,2.0,168063.0,1.1716354163363576,828.0,152.0,2.0,150.0,269.0,18.0,251.0,30.0,118.0,183.0,14.0,78.0,6.0,34.0,3.0,17.0,21.0,102.0,114.0,216.0,225.0,1.0,0.0,1.0,0.0,0.0,0.0,0.0,0.0,0.0,95.0,2.0,22.0,6.0,40.0,2.0,18.0,0.0,5.0,2.0,93.0,0.0,0.0,0.0,0.0,0.0,0.0,0.0,0.0,0.0,0.0,0.0,1.0,0.0,0.0,0.0,0.0,0.0,0.0,2.0,1.0,3.0,0.0,7.0,5.0,3.0,3.0,5.0,8.0,19.0,16.0,0.0,0.0,0.0,0.0,0.0,0.0,0.0,0.0,0.0,0.0,0.0,1.0,0.0,0.0,0.0,0.0,0.0,0.0,2.0,1.0,3.0,0.0,8.0,7.0,3.0,3.0,6.0,13.0,24.0,18.0
622,1.0,622.0,London_303,cons,151,453,1092.0,70.0,2.0,132276.0,0.725119283888489,749.0,28.0,0.0,28.0,52.0,0.0,52.0,121.0,110.0,183.0,12.0,94.0,3.0,31.0,3.0,17.0,24.0,92.0,119.0,218.0,231.0,3.0,1.0,1.0,0.0,1.0,0.0,0.0,0.0,0.0,8.0,0.0,3.0,0.0,3.0,0.0,1.0,0.0,1.0,0.0,8.0,0.0,0.0,0.0,0.0,0.0,0.0,0.0,0.0,0.0,0.0,0.0,0.0,0.0,0.0,0.0,0.0,0.0,0.0,2.0,2.0,3.0,0.0,2.0,1.0,6.0,2.0,3.0,4.0,5.0,7.0,0.0,0.0,0.0,0.0,0.0,0.0,0.0,0.0,0.0,0.0,0.0,0.0,0.0,0.0,0.0,0.0,0.0,0.0,2.0,4.0,3.0,0.0,2.0,1.0,10.0,3.0,3.0,6.0,6.0,7.0
623,1.0,623.0,London_303,cons,151,453,1092.0,70.0,2.0,162174.0,1.1201992840506136,815.0,75.0,2.0,73.0,143.0,17.0,126.0,43.0,113.0,179.0,8.0,92.0,3.0,36.0,3.0,19.0,27.0,91.0,130.0,205.0,236.0,1.0,1.0,0.0,0.0,0.0,0.0,0.0,0.0,0.0,42.0,1.0,17.0,7.0,11.0,1.0,2.0,1.0,2.0,2.0,40.0,0.0,0.0,0.0,0.0,0.0,0.0,0.0,0.0,0.0,1.0,0.0,0.0,0.0,1.0,0.0,0.0,0.0,0.0,1.0,3.0,0.0,0.0,1.0,3.0,4.0,3.0,4.0,8.0,9.0,7.0,0.0,0.0,0.0,0.0,0.0,0.0,0.0,0.0,0.0,2.0,0.0,0.0,0.0,1.0,0.0,0.0,0.0,0.0,1.0,4.0,0.0,0.0,1.0,5.0,4.0,3.0,6.0,10.0,11.0,8.0
624,1.0,624.0,London_303,cons,151,453,1092.0,70.0,2.0,178935.0,1.1349925980903208,852.0,129.0,2.0,127.0,233.0,21.0,212.0,67.0,109.0,185.0,12.0,85.0,3.0,36.0,4.0,19.0,29.0,98.0,125.0,201.0,243.0,7.0,0.0,4.0,0.0,2.0,0.0,0.0,0.0,1.0,88.0,1.0,42.0,5.0,25.0,2.0,9.0,0.0,4.0,2.0,86.0,0.0,0.0,0.0,0.0,0.0,0.0,0.0,0.0,0.0,0.0,0.0,0.0,1.0,0.0,1.0,0.0,0.0,0.0,2.0,1.0,2.0,0.0,5.0,3.0,4.0,3.0,2.0,6.0,14.0,8.0,0.0,0.0,0.0,0.0,0.0,0.0,0.0,0.0,0.0,0.0,0.0,0.0,1.0,0.0,2.0,0.0,0.0,0.0,2.0,1.0,2.0,0.0,6.0,4.0,5.0,3.0,3.0,10.0,14.0,11.0
625,1.0,625.0,London_303,cons,151,453,1092.0,70.0,2.0,172140.0,0.9725847779773176,837.0,121.0,2.0,119.0,226.0,17.0,209.0,90.0,116.0,185.0,4.0,87.0,3.0,34.0,6.0,18.0,32.0,93.0,115.0,213.0,243.0,12.0,0.0,6.0,0.0,3.0,0.0,1.0,0.0,2.0,79.0,0.0,34.0,9.0,24.0,0.0,10.0,0.0,2.0,2.0,77.0,0.0,0.0,0.0,0.0,0.0,0.0,0.0,0.0,0.0,0.0,0.0,0.0,0.0,0.0,1.0,0.0,0.0,0.0,3.0,2.0,2.0,1.0,3.0,4.0,6.0,2.0,7.0,13.0,11.0,10.0,0.0,0.0,0.0,0.0,0.0,0.0,0.0,0.0,0.0,0.0,0.0,0.0,0.0,0.0,1.0,0.0,0.0,0.0,3.0,3.0,2.0,1.0,3.0,5.0,6.0,2.0,8.0,19.0,15.0,13.0
626,1.0,626.0,London_303,cons,151,453,1092.0,70.0,2.0,163080.0,0.9634945970028639,817.0,66.0,0.0,66.0,118.0,0.0,118.0,110.0,113.0,186.0,14.0,79.0,2.0,38.0,5.0,16.0,31.0,103.0,123.0,196.0,230.0,0.0,0.0,0.0,0.0,0.0,0.0,0.0,0.0,0.0,37.0,0.0,10.0,3.0,22.0,0.0,1.0,0.0,1.0,0.0,37.0,0.0,0.0,0.0,0.0,0.0,0.0,0.0,0.0,0.0,0.0,0.0,0.0,0.0,0.0,0.0,0.0,0.0,0.0,1.0,3.0,0.0,0.0,2.0,9.0,1.0,1.0,1.0,10.0,2.0,4.0,0.0,0.0,0.0,0.0,0.0,0.0,0.0,0.0,0.0,0.0,0.0,0.0,0.0,0.0,0.0,0.0,0.0,0.0,1.0,3.0,0.0,0.0,2.0,11.0,1.0,1.0,1.0,14.0,2.0,5.0
627,1.0,627.0,London_303,cons,151,453,1092.0,70.0,2.0,177576.0,1.008714844007045,849.0,57.0,0.0,57.0,95.0,0.0,95.0,55.0,116.0,179.0,12.0,86.0,0.0,38.0,5.0,17.0,32.0,102.0,125.0,194.0,237.0,13.0,0.0,9.0,0.0,4.0,0.0,0.0,0.0,0.0,32.0,0.0,12.0,4.0,13.0,1.0,1.0,0.0,1.0,0.0,32.0,0.0,0.0,0.0,0.0,0.0,0.0,0.0,0.0,0.0,0.0,0.0,0.0,0.0,0.0,0.0,0.0,0.0,0.0,0.0,3.0,0.0,0.0,2.0,4.0,4.0,0.0,3.0,7.0,9.0,5.0,0.0,0.0,0.0,0.0,0.0,0.0,0.0,0.0,0.0,0.0,0.0,0.0,0.0,0.0,0.0,0.0,0.0,0.0,0.0,3.0,0.0,0.0,2.0,7.0,5.0,0.0,4.0,10.0,11.0,7.0
628,1.0,628.0,London_303,cons,151,453,1092.0,70.0,2.0,186183.0,1.0267646019347012,868.0,10.0,0.0,10.0,15.0,0.0,15.0,65.0,123.0,173.0,11.0,84.0,2.0,38.0,5.0,17.0,32.0,101.0,127.0,193.0,225.0,1.0,1.0,0.0,0.0,0.0,0.0,0.0,0.0,0.0,0.0,0.0,0.0,0.0,0.0,0.0,0.0,0.0,0.0,0.0,0.0,0.0,0.0,0.0,0.0,0.0,0.0,0.0,0.0,0.0,0.0,0.0,0.0,0.0,0.0,0.0,0.0,0.0,0.0,1.0,0.0,1.0,0.0,0.0,1.0,4.0,1.0,1.0,0.0,2.0,2.0,0.0,0.0,0.0,0.0,0.0,0.0,0.0,0.0,0.0,0.0,0.0,0.0,0.0,0.0,0.0,0.0,0.0,0.0,1.0,0.0,1.0,0.0,0.0,1.0,4.0,1.0,1.0,0.0,2.0,2.0
629,1.0,629.0,London_303,cons,151,453,1092.0,70.0,2.0,220611.0,1.347761602140963,944.0,133.0,0.0,133.0,224.0,0.0,224.0,16.0,125.0,175.0,12.0,80.0,2.0,37.0,5.0,17.0,32.0,101.0,125.0,195.0,228.0,4.0,1.0,1.0,0.0,2.0,0.0,0.0,0.0,0.0,87.0,0.0,34.0,7.0,34.0,1.0,7.0,0.0,4.0,0.0,87.0,0.0,0.0,0.0,0.0,0.0,0.0,0.0,0.0,0.0,0.0,0.0,0.0,0.0,0.0,0.0,0.0,0.0,0.0,0.0,3.0,2.0,0.0,2.0,7.0,4.0,3.0,3.0,13.0,12.0,12.0,0.0,0.0,0.0,0.0,0.0,0.0,0.0,0.0,0.0,0.0,0.0,0.0,0.0,0.0,0.0,0.0,0.0,0.0,0.0,3.0,2.0,0.0,2.0,9.0,4.0,3.0,3.0,16.0,12.0,16.0
630,1.0,630.0,London_303,cons,151,453,1092.0,70.0,2.0,200679.0,1.3312532529234886,900.0,236.0,1.0,235.0,410.0,9.0,401.0,89.0,119.0,186.0,10.0,77.0,2.0,36.0,5.0,18.0,32.0,101.0,127.0,193.0,229.0,7.0,0.0,5.0,0.0,1.0,0.0,0.0,0.0,1.0,175.0,0.0,72.0,9.0,63.0,5.0,13.0,4.0,9.0,1.0,174.0,0.0,0.0,0.0,0.0,0.0,0.0,0.0,0.0,0.0,0.0,0.0,0.0,1.0,0.0,0.0,0.0,0.0,0.0,1.0,1.0,0.0,0.0,7.0,6.0,6.0,4.0,6.0,10.0,15.0,7.0,0.0,0.0,0.0,0.0,0.0,0.0,0.0,0.0,0.0,0.0,0.0,0.0,2.0,0.0,0.0,0.0,0.0,0.0,2.0,1.0,0.0,0.0,8.0,9.0,6.0,5.0,9.0,10.0,24.0,7.0
631,1.0,631.0,London_303,cons,151,453,1092.0,70.0,2.0,126840.0,0.6960014351643622,737.0,136.0,2.0,134.0,249.0,19.0,230.0,128.0,101.0,193.0,5.0,90.0,3.0,44.0,0.0,17.0,34.0,100.0,129.0,190.0,227.0,7.0,0.0,3.0,0.0,0.0,0.0,2.0,0.0,2.0,76.0,0.0,29.0,10.0,24.0,2.0,7.0,0.0,4.0,2.0,74.0,0.0,0.0,0.0,0.0,0.0,0.0,0.0,0.0,0.0,0.0,0.0,0.0,0.0,1.0,2.0,0.0,0.0,0.0,3.0,0.0,2.0,2.0,4.0,4.0,3.0,7.0,5.0,10.0,15.0,17.0,0.0,0.0,0.0,0.0,0.0,0.0,0.0,0.0,0.0,0.0,0.0,0.0,0.0,1.0,3.0,0.0,0.0,0.0,3.0,0.0,2.0,2.0,4.0,7.0,3.0,10.0,5.0,12.0,24.0,22.0
632,1.0,632.0,London_303,cons,151,453,1092.0,70.0,2.0,91053.0,0.47460467414930463,658.0,2.0,2.0,0.0,18.0,18.0,0.0,125.0,106.0,186.0,8.0,92.0,1.0,45.0,0.0,15.0,33.0,93.0,118.0,209.0,225.0,6.0,0.0,5.0,0.0,0.0,0.0,0.0,0.0,1.0,2.0,0.0,0.0,0.0,0.0,0.0,2.0,0.0,0.0,2.0,0.0,0.0,0.0,0.0,0.0,0.0,0.0,0.0,0.0,0.0,0.0,0.0,0.0,0.0,0.0,2.0,0.0,0.0,0.0,0.0,0.0,0.0,0.0,0.0,0.0,0.0,0.0,0.0,0.0,0.0,0.0,0.0,0.0,0.0,0.0,0.0,0.0,0.0,0.0,0.0,0.0,0.0,0.0,0.0,0.0,3.0,0.0,0.0,0.0,0.0,0.0,0.0,0.0,0.0,0.0,0.0,0.0,0.0,0.0,0.0,0.0
633,1.0,633.0,London_303,cons,151,453,1092.0,70.0,2.0,122310.0,0.8289193022064865,727.0,94.0,1.0,93.0,168.0,9.0,159.0,11.0,106.0,186.0,8.0,98.0,1.0,40.0,0.0,14.0,33.0,94.0,116.0,210.0,218.0,4.0,0.0,3.0,0.0,1.0,0.0,0.0,0.0,0.0,38.0,1.0,14.0,0.0,19.0,2.0,0.0,1.0,1.0,0.0,38.0,0.0,0.0,0.0,0.0,0.0,0.0,0.0,0.0,0.0,0.0,0.0,0.0,0.0,0.0,0.0,0.0,0.0,0.0,4.0,1.0,1.0,0.0,7.0,10.0,7.0,8.0,6.0,12.0,15.0,16.0,0.0,0.0,0.0,0.0,0.0,0.0,0.0,0.0,0.0,0.0,0.0,0.0,0.0,0.0,0.0,0.0,0.0,0.0,4.0,1.0,1.0,0.0,8.0,13.0,8.0,11.0,9.0,15.0,20.0,22.0
634,1.0,634.0,London_303,cons,151,453,1092.0,70.0,2.0,108267.0,0.6130973077379167,696.0,23.0,0.0,23.0,38.0,0.0,38.0,117.0,111.0,186.0,14.0,83.0,3.0,40.0,1.0,15.0,31.0,90.0,131.0,201.0,212.0,9.0,2.0,5.0,0.0,2.0,0.0,0.0,0.0,0.0,1.0,0.0,0.0,0.0,0.0,1.0,0.0,0.0,0.0,0.0,1.0,0.0,0.0,0.0,0.0,0.0,0.0,0.0,0.0,0.0,0.0,0.0,0.0,0.0,0.0,0.0,0.0,0.0,0.0,0.0,1.0,2.0,0.0,1.0,3.0,3.0,2.0,3.0,3.0,6.0,4.0,0.0,0.0,0.0,0.0,0.0,0.0,0.0,0.0,0.0,0.0,0.0,0.0,0.0,0.0,0.0,0.0,0.0,0.0,0.0,1.0,3.0,0.0,1.0,5.0,5.0,2.0,5.0,4.0,9.0,6.0
635,1.0,635.0,London_303,cons,151,453,1092.0,70.0,2.0,135900.0,0.8625708622857928,757.0,6.0,0.0,6.0,12.0,0.0,12.0,45.0,116.0,179.0,19.0,85.0,3.0,35.0,1.0,15.0,31.0,95.0,133.0,194.0,210.0,4.0,1.0,3.0,0.0,0.0,0.0,0.0,0.0,0.0,1.0,0.0,1.0,0.0,0.0,0.0,0.0,0.0,0.0,0.0,1.0,0.0,0.0,0.0,0.0,0.0,0.0,0.0,0.0,0.0,0.0,0.0,0.0,0.0,0.0,0.0,0.0,0.0,0.0,0.0,0.0,2.0,0.0,0.0,1.0,1.0,1.0,2.0,0.0,1.0,1.0,0.0,0.0,0.0,0.0,0.0,0.0,0.0,0.0,0.0,0.0,0.0,0.0,0.0,0.0,0.0,0.0,0.0,0.0,0.0,0.0,2.0,0.0,0.0,1.0,1.0,2.0,3.0,0.0,2.0,2.0
636,1.0,636.0,London_303,cons,151,453,1092.0,70.0,2.0,169422.0,1.166589112021029,831.0,92.0,0.0,92.0,160.0,0.0,160.0,15.0,120.0,172.0,19.0,83.0,3.0,40.0,1.0,15.0,31.0,95.0,133.0,194.0,209.0,6.0,1.0,5.0,0.0,0.0,0.0,0.0,0.0,0.0,51.0,0.0,26.0,1.0,17.0,1.0,1.0,0.0,5.0,0.0,51.0,0.0,0.0,0.0,0.0,0.0,0.0,0.0,0.0,0.0,0.0,0.0,0.0,0.0,0.0,0.0,0.0,0.0,0.0,1.0,0.0,2.0,2.0,2.0,4.0,2.0,1.0,7.0,7.0,6.0,7.0,0.0,0.0,0.0,0.0,0.0,0.0,0.0,0.0,0.0,0.0,0.0,0.0,0.0,0.0,0.0,0.0,0.0,0.0,1.0,0.0,2.0,2.0,2.0,5.0,2.0,1.0,7.0,10.0,7.0,7.0
637,1.0,637.0,London_303,cons,151,453,1092.0,70.0,2.0,170328.0,2.501881191972643,833.0,166.0,0.0,166.0,281.0,0.0,281.0,71.0,132.0,167.0,9.0,83.0,4.0,40.0,1.0,17.0,30.0,91.0,131.0,201.0,208.0,11.0,1.0,7.0,0.0,1.0,0.0,0.0,0.0,2.0,104.0,0.0,38.0,9.0,45.0,1.0,7.0,1.0,3.0,0.0,104.0,0.0,0.0,0.0,0.0,0.0,0.0,0.0,0.0,0.0,0.0,0.0,0.0,0.0,0.0,0.0,0.0,0.0,0.0,1.0,3.0,0.0,0.0,5.0,5.0,3.0,0.0,3.0,19.0,9.0,11.0,0.0,0.0,0.0,0.0,0.0,0.0,0.0,0.0,0.0,0.0,0.0,0.0,0.0,0.0,0.0,0.0,0.0,0.0,1.0,3.0,0.0,0.0,5.0,6.0,3.0,0.0,3.0,25.0,15.0,11.0
638,1.0,638.0,London_303,cons,151,453,1092.0,70.0,2.0,125481.0,0.9951307568699121,734.0,5.0,2.0,3.0,22.0,17.0,5.0,117.0,124.0,171.0,8.0,87.0,4.0,42.0,1.0,16.0,30.0,89.0,152.0,182.0,202.0,7.0,1.0,3.0,0.0,0.0,0.0,1.0,0.0,2.0,1.0,0.0,0.0,0.0,0.0,0.0,1.0,0.0,0.0,1.0,0.0,0.0,0.0,0.0,0.0,0.0,0.0,0.0,0.0,0.0,0.0,0.0,0.0,0.0,1.0,0.0,0.0,0.0,0.0,0.0,0.0,0.0,0.0,0.0,0.0,0.0,0.0,1.0,0.0,1.0,0.0,0.0,0.0,0.0,0.0,0.0,0.0,0.0,0.0,0.0,0.0,0.0,0.0,0.0,3.0,0.0,0.0,0.0,0.0,0.0,0.0,0.0,0.0,0.0,0.0,0.0,0.0,1.0,0.0,1.0,0.0
639,1.0,639.0,London_303,cons,151,453,1092.0,70.0,2.0,164439.0,1.5377718331292272,820.0,136.0,0.0,136.0,228.0,0.0,228.0,25.0,126.0,176.0,12.0,87.0,2.0,32.0,2.0,16.0,27.0,89.0,144.0,193.0,197.0,4.0,1.0,3.0,0.0,0.0,0.0,0.0,0.0,0.0,85.0,1.0,31.0,2.0,38.0,1.0,7.0,0.0,5.0,0.0,85.0,0.0,0.0,0.0,0.0,0.0,0.0,0.0,0.0,0.0,0.0,0.0,0.0,0.0,0.0,0.0,0.0,0.0,0.0,0.0,3.0,1.0,3.0,5.0,6.0,6.0,3.0,13.0,19.0,14.0,11.0,0.0,0.0,0.0,0.0,0.0,0.0,0.0,0.0,0.0,0.0,0.0,0.0,0.0,0.0,0.0,0.0,0.0,0.0,0.0,4.0,1.0,5.0,5.0,8.0,7.0,4.0,16.0,29.0,17.0,13.0
640,1.0,640.0,London_303,cons,151,453,1092.0,70.0,2.0,142242.0,0.9780773371458054,771.0,40.0,0.0,40.0,78.0,0.0,78.0,111.0,124.0,170.0,17.0,94.0,4.0,32.0,1.0,11.0,26.0,95.0,141.0,191.0,201.0,8.0,3.0,4.0,0.0,1.0,0.0,0.0,0.0,0.0,19.0,1.0,6.0,0.0,6.0,1.0,3.0,1.0,1.0,0.0,19.0,0.0,0.0,0.0,0.0,0.0,0.0,0.0,0.0,0.0,0.0,0.0,0.0,0.0,0.0,0.0,0.0,0.0,0.0,0.0,2.0,5.0,1.0,1.0,5.0,4.0,1.0,2.0,7.0,5.0,8.0,0.0,0.0,0.0,0.0,0.0,0.0,0.0,0.0,0.0,0.0,0.0,0.0,0.0,0.0,0.0,0.0,0.0,0.0,0.0,2.0,7.0,1.0,1.0,6.0,6.0,1.0,2.0,8.0,7.0,9.0
641,1.0,641.0,London_303,cons,151,453,1092.0,70.0,2.0,155832.0,1.0091890329495072,801.0,124.0,1.0,123.0,221.0,8.0,213.0,56.0,128.0,163.0,15.0,97.0,6.0,31.0,1.0,12.0,28.0,91.0,149.0,185.0,202.0,3.0,0.0,1.0,0.0,2.0,0.0,0.0,0.0,0.0,66.0,0.0,30.0,2.0,28.0,1.0,3.0,1.0,1.0,1.0,65.0,0.0,0.0,0.0,0.0,0.0,0.0,0.0,0.0,0.0,0.0,0.0,0.0,0.0,0.0,1.0,0.0,0.0,0.0,1.0,1.0,2.0,4.0,7.0,1.0,3.0,1.0,6.0,9.0,18.0,9.0,0.0,0.0,0.0,0.0,0.0,0.0,0.0,0.0,0.0,0.0,0.0,0.0,0.0,0.0,3.0,0.0,0.0,0.0,1.0,1.0,2.0,6.0,7.0,1.0,3.0,1.0,8.0,11.0,21.0,13.0
642,1.0,642.0,London_303,cons,151,453,1092.0,70.0,2.0,126387.0,0.7768279640004039,736.0,71.0,2.0,69.0,137.0,17.0,120.0,113.0,129.0,168.0,7.0,96.0,7.0,32.0,0.0,14.0,22.0,87.0,139.0,205.0,207.0,7.0,4.0,2.0,0.0,1.0,0.0,0.0,0.0,0.0,27.0,0.0,15.0,0.0,11.0,0.0,0.0,1.0,0.0,1.0,26.0,0.0,0.0,0.0,0.0,0.0,0.0,0.0,0.0,0.0,0.0,0.0,0.0,0.0,1.0,2.0,0.0,0.0,0.0,0.0,8.0,4.0,1.0,3.0,3.0,4.0,2.0,3.0,10.0,16.0,6.0,0.0,0.0,0.0,0.0,0.0,0.0,0.0,0.0,0.0,0.0,0.0,0.0,0.0,2.0,4.0,0.0,0.0,0.0,0.0,11.0,4.0,1.0,4.0,3.0,5.0,3.0,3.0,14.0,21.0,6.0
643,1.0,643.0,London_303,cons,151,453,1092.0,70.0,2.0,129105.0,1.126190273091197,742.0,51.0,2.0,49.0,92.0,18.0,74.0,101.0,135.0,166.0,19.0,80.0,6.0,32.0,0.0,15.0,16.0,88.0,143.0,206.0,200.0,8.0,3.0,3.0,0.0,0.0,0.0,1.0,0.0,1.0,21.0,0.0,4.0,1.0,12.0,0.0,3.0,0.0,1.0,2.0,19.0,0.0,0.0,0.0,0.0,0.0,0.0,0.0,0.0,0.0,0.0,0.0,0.0,0.0,1.0,0.0,0.0,0.0,0.0,1.0,1.0,3.0,0.0,3.0,3.0,2.0,2.0,3.0,8.0,4.0,7.0,0.0,0.0,0.0,0.0,0.0,0.0,0.0,0.0,0.0,0.0,0.0,0.0,0.0,3.0,0.0,0.0,0.0,0.0,1.0,1.0,3.0,0.0,3.0,4.0,2.0,3.0,3.0,9.0,4.0,9.0
644,1.0,644.0,London_303,cons,151,453,1092.0,70.0,2.0,144960.0,0.7935890359804034,777.0,29.0,0.0,29.0,50.0,0.0,50.0,59.0,140.0,169.0,19.0,75.0,10.0,26.0,0.0,14.0,15.0,82.0,151.0,205.0,197.0,4.0,1.0,2.0,0.0,0.0,0.0,0.0,0.0,1.0,12.0,0.0,1.0,1.0,7.0,0.0,2.0,1.0,0.0,0.0,12.0,0.0,0.0,0.0,0.0,0.0,0.0,0.0,0.0,0.0,0.0,0.0,0.0,0.0,0.0,0.0,0.0,0.0,0.0,0.0,2.0,1.0,1.0,0.0,0.0,2.0,1.0,2.0,6.0,4.0,3.0,0.0,0.0,0.0,0.0,0.0,0.0,0.0,0.0,0.0,0.0,0.0,0.0,0.0,0.0,0.0,0.0,0.0,0.0,0.0,3.0,1.0,1.0,0.0,0.0,2.0,2.0,2.0,10.0,5.0,3.0
645,1.0,645.0,London_303,cons,151,453,1092.0,70.0,2.0,174405.0,1.0181520781479776,842.0,121.0,2.0,119.0,220.0,22.0,198.0,34.0,138.0,171.0,19.0,72.0,11.0,26.0,1.0,15.0,15.0,79.0,154.0,205.0,195.0,6.0,3.0,0.0,0.0,3.0,0.0,0.0,0.0,0.0,70.0,0.0,32.0,2.0,27.0,0.0,7.0,1.0,1.0,2.0,68.0,0.0,0.0,0.0,0.0,0.0,0.0,0.0,0.0,0.0,0.0,0.0,1.0,0.0,0.0,0.0,0.0,0.0,0.0,0.0,2.0,4.0,0.0,5.0,2.0,2.0,7.0,3.0,12.0,14.0,5.0,0.0,0.0,0.0,0.0,0.0,0.0,0.0,0.0,0.0,0.0,0.0,1.0,0.0,0.0,0.0,0.0,0.0,0.0,0.0,2.0,5.0,0.0,5.0,2.0,3.0,7.0,3.0,16.0,18.0,6.0
646,1.0,646.0,London_303,cons,151,453,1092.0,70.0,2.0,154473.0,0.908814653288573,798.0,144.0,0.0,144.0,247.0,0.0,247.0,111.0,130.0,159.0,9.0,91.0,15.0,32.0,0.0,17.0,12.0,74.0,152.0,215.0,187.0,1.0,1.0,0.0,0.0,0.0,0.0,0.0,0.0,0.0,87.0,2.0,31.0,5.0,37.0,1.0,6.0,2.0,3.0,0.0,87.0,0.0,0.0,0.0,0.0,0.0,0.0,0.0,0.0,0.0,0.0,0.0,0.0,0.0,0.0,0.0,0.0,0.0,0.0,1.0,1.0,1.0,1.0,4.0,4.0,8.0,2.0,7.0,12.0,17.0,17.0,0.0,0.0,0.0,0.0,0.0,0.0,0.0,0.0,0.0,0.0,0.0,0.0,0.0,0.0,0.0,0.0,0.0,0.0,1.0,2.0,1.0,1.0,4.0,5.0,10.0,2.0,9.0,13.0,22.0,20.0
647,1.0,647.0,London_303,cons,151,453,1092.0,70.0,2.0,118686.0,0.9630861743353307,719.0,19.0,0.0,19.0,35.0,0.0,35.0,113.0,130.0,161.0,4.0,87.0,17.0,36.0,0.0,18.0,12.0,68.0,158.0,215.0,197.0,0.0,0.0,0.0,0.0,0.0,0.0,0.0,0.0,0.0,10.0,0.0,2.0,2.0,3.0,0.0,3.0,0.0,0.0,0.0,10.0,0.0,0.0,0.0,0.0,0.0,0.0,0.0,0.0,0.0,0.0,0.0,0.0,0.0,0.0,0.0,0.0,0.0,0.0,1.0,1.0,0.0,0.0,1.0,1.0,1.0,1.0,2.0,0.0,5.0,2.0,0.0,0.0,0.0,0.0,0.0,0.0,0.0,0.0,0.0,0.0,0.0,0.0,0.0,0.0,0.0,0.0,0.0,0.0,1.0,1.0,0.0,0.0,1.0,1.0,1.0,2.0,2.0,0.0,8.0,3.0
648,1.0,648.0,London_303,cons,151,453,1092.0,70.0,2.0,144960.0,0.8344078538939357,777.0,12.0,2.0,10.0,33.0,19.0,14.0,24.0,132.0,161.0,2.0,88.0,17.0,35.0,0.0,18.0,12.0,66.0,167.0,208.0,201.0,5.0,0.0,3.0,0.0,1.0,0.0,0.0,0.0,1.0,5.0,1.0,1.0,0.0,2.0,0.0,1.0,0.0,0.0,2.0,3.0,0.0,0.0,0.0,0.0,0.0,0.0,0.0,0.0,0.0,0.0,0.0,0.0,1.0,0.0,2.0,0.0,0.0,0.0,2.0,0.0,0.0,0.0,0.0,1.0,1.0,0.0,0.0,2.0,0.0,0.0,0.0,0.0,0.0,0.0,0.0,0.0,0.0,0.0,0.0,0.0,0.0,0.0,4.0,0.0,3.0,0.0,0.0,0.0,2.0,0.0,0.0,0.0,0.0,1.0,1.0,0.0,0.0,2.0,0.0,0.0
649,1.0,649.0,London_303,cons,151,453,1092.0,70.0,2.0,179841.0,1.1348929810337722,854.0,163.0,2.0,161.0,311.0,17.0,294.0,25.0,134.0,161.0,2.0,83.0,17.0,38.0,0.0,18.0,9.0,70.0,166.0,208.0,190.0,2.0,0.0,2.0,0.0,0.0,0.0,0.0,0.0,0.0,103.0,1.0,48.0,11.0,33.0,1.0,3.0,1.0,5.0,2.0,101.0,0.0,0.0,0.0,0.0,0.0,0.0,0.0,0.0,0.0,0.0,0.0,0.0,0.0,1.0,1.0,0.0,0.0,0.0,1.0,4.0,2.0,1.0,8.0,3.0,7.0,3.0,5.0,15.0,15.0,12.0,0.0,0.0,0.0,0.0,0.0,0.0,0.0,0.0,0.0,0.0,0.0,0.0,0.0,4.0,3.0,0.0,0.0,0.0,1.0,4.0,2.0,1.0,8.0,4.0,10.0,3.0,7.0,20.0,21.0,14.0
650,1.0,650.0,London_303,cons,151,453,1092.0,70.0,2.0,139524.0,1.0434328098781407,765.0,95.0,0.0,95.0,161.0,0.0,161.0,130.0,129.0,162.0,16.0,95.0,8.0,28.0,0.0,15.0,13.0,70.0,158.0,212.0,193.0,5.0,1.0,3.0,0.0,0.0,0.0,1.0,0.0,0.0,48.0,0.0,16.0,0.0,25.0,0.0,4.0,1.0,2.0,0.0,48.0,0.0,0.0,0.0,0.0,0.0,0.0,0.0,0.0,0.0,0.0,0.0,0.0,0.0,0.0,0.0,0.0,0.0,0.0,1.0,3.0,2.0,0.0,3.0,6.0,2.0,3.0,7.0,11.0,13.0,6.0,0.0,0.0,0.0,0.0,0.0,0.0,0.0,0.0,0.0,0.0,0.0,0.0,0.0,0.0,0.0,0.0,0.0,0.0,1.0,5.0,2.0,0.0,3.0,7.0,3.0,3.0,11.0,14.0,18.0,6.0
651,1.0,651.0,London_303,cons,151,453,1092.0,70.0,2.0,135900.0,0.8512618327513337,757.0,73.0,0.0,73.0,123.0,0.0,123.0,93.0,128.0,166.0,15.0,93.0,6.0,28.0,1.0,16.0,13.0,75.0,160.0,205.0,196.0,9.0,1.0,7.0,0.0,0.0,0.0,1.0,0.0,0.0,34.0,0.0,7.0,2.0,21.0,0.0,2.0,0.0,2.0,0.0,34.0,0.0,0.0,0.0,0.0,0.0,0.0,0.0,0.0,0.0,0.0,0.0,0.0,0.0,0.0,0.0,0.0,0.0,0.0,0.0,1.0,3.0,2.0,4.0,4.0,4.0,4.0,4.0,16.0,9.0,11.0,0.0,0.0,0.0,0.0,0.0,0.0,0.0,0.0,0.0,0.0,0.0,0.0,0.0,0.0,0.0,0.0,0.0,0.0,0.0,1.0,3.0,2.0,4.0,4.0,4.0,5.0,5.0,26.0,13.0,12.0
652,1.0,652.0,London_303,cons,151,453,1092.0,70.0,2.0,135447.0,0.7482135919854045,756.0,17.0,0.0,17.0,25.0,0.0,25.0,81.0,128.0,164.0,14.0,97.0,4.0,28.0,1.0,17.0,15.0,79.0,161.0,198.0,195.0,4.0,1.0,2.0,0.0,0.0,0.0,1.0,0.0,0.0,4.0,1.0,1.0,0.0,1.0,0.0,1.0,0.0,0.0,0.0,4.0,0.0,0.0,0.0,0.0,0.0,0.0,0.0,0.0,0.0,0.0,0.0,0.0,0.0,0.0,0.0,0.0,0.0,0.0,0.0,0.0,0.0,0.0,1.0,1.0,4.0,0.0,3.0,3.0,0.0,1.0,0.0,0.0,0.0,0.0,0.0,0.0,0.0,0.0,0.0,0.0,0.0,0.0,0.0,0.0,0.0,0.0,0.0,0.0,0.0,0.0,0.0,0.0,1.0,1.0,5.0,0.0,4.0,3.0,0.0,1.0
653,1.0,653.0,London_303,cons,151,453,1092.0,70.0,2.0,159909.0,0.9711450478062034,810.0,91.0,2.0,89.0,170.0,19.0,151.0,23.0,129.0,160.0,16.0,96.0,5.0,29.0,1.0,17.0,17.0,79.0,159.0,198.0,194.0,10.0,2.0,4.0,0.0,3.0,0.0,0.0,0.0,1.0,45.0,0.0,15.0,0.0,23.0,1.0,3.0,1.0,2.0,2.0,43.0,0.0,0.0,0.0,0.0,0.0,0.0,0.0,0.0,0.0,0.0,0.0,0.0,0.0,0.0,1.0,0.0,0.0,0.0,1.0,3.0,1.0,0.0,4.0,3.0,4.0,0.0,4.0,16.0,9.0,12.0,0.0,0.0,0.0,0.0,0.0,0.0,0.0,0.0,0.0,0.0,0.0,0.0,0.0,0.0,3.0,0.0,0.0,0.0,1.0,3.0,1.0,0.0,4.0,3.0,4.0,0.0,6.0,30.0,10.0,13.0
654,1.0,654.0,London_303,cons,151,453,1092.0,70.0,2.0,155832.0,0.9719166867434978,801.0,73.0,2.0,71.0,147.0,18.0,129.0,105.0,123.0,160.0,18.0,100.0,8.0,26.0,1.0,17.0,18.0,87.0,151.0,197.0,187.0,11.0,4.0,5.0,0.0,1.0,0.0,0.0,0.0,1.0,35.0,0.0,19.0,0.0,9.0,2.0,5.0,0.0,0.0,2.0,33.0,0.0,0.0,0.0,0.0,0.0,0.0,0.0,0.0,0.0,0.0,0.0,0.0,0.0,0.0,1.0,0.0,0.0,0.0,4.0,4.0,3.0,0.0,2.0,7.0,5.0,4.0,4.0,14.0,7.0,11.0,0.0,0.0,0.0,0.0,0.0,0.0,0.0,0.0,0.0,0.0,0.0,0.0,0.0,0.0,1.0,0.0,0.0,0.0,5.0,5.0,4.0,0.0,2.0,11.0,5.0,5.0,4.0,17.0,8.0,12.0
655,1.0,655.0,London_303,cons,151,453,1092.0,70.0,2.0,171687.0,0.9752759439870715,836.0,156.0,2.0,154.0,290.0,15.0,275.0,89.0,130.0,159.0,18.0,91.0,8.0,26.0,2.0,19.0,18.0,79.0,155.0,201.0,189.0,1.0,0.0,1.0,0.0,0.0,0.0,0.0,0.0,0.0,103.0,2.0,39.0,2.0,43.0,3.0,10.0,0.0,4.0,2.0,101.0,0.0,0.0,0.0,0.0,0.0,0.0,0.0,0.0,0.0,0.0,0.0,0.0,0.0,0.0,0.0,0.0,0.0,0.0,4.0,3.0,3.0,2.0,6.0,8.0,10.0,1.0,4.0,18.0,13.0,15.0,0.0,0.0,0.0,0.0,0.0,0.0,0.0,0.0,0.0,0.0,0.0,0.0,0.0,0.0,0.0,0.0,0.0,0.0,4.0,5.0,3.0,2.0,6.0,9.0,15.0,1.0,5.0,24.0,18.0,17.0
656,1.0,656.0,London_303,cons,151,453,1092.0,70.0,2.0,138165.0,0.7302214913070202,762.0,44.0,0.0,44.0,72.0,0.0,72.0,108.0,123.0,176.0,19.0,93.0,8.0,20.0,0.0,14.0,21.0,81.0,156.0,195.0,207.0,6.0,2.0,3.0,0.0,1.0,0.0,0.0,0.0,0.0,14.0,0.0,4.0,0.0,6.0,0.0,2.0,1.0,1.0,0.0,14.0,0.0,0.0,0.0,0.0,0.0,0.0,0.0,0.0,0.0,0.0,0.0,0.0,0.0,0.0,0.0,0.0,0.0,0.0,2.0,1.0,1.0,1.0,2.0,4.0,3.0,2.0,3.0,10.0,7.0,6.0,0.0,0.0,0.0,0.0,0.0,0.0,0.0,0.0,0.0,0.0,0.0,0.0,0.0,0.0,0.0,0.0,0.0,0.0,2.0,1.0,2.0,1.0,2.0,7.0,4.0,2.0,4.0,12.0,11.0,9.0
657,1.0,657.0,London_303,cons,151,453,1092.0,70.0,2.0,156285.0,0.8970114877447486,802.0,135.0,1.0,134.0,236.0,10.0,226.0,57.0,125.0,168.0,17.0,96.0,9.0,23.0,1.0,14.0,23.0,83.0,153.0,194.0,214.0,3.0,1.0,2.0,0.0,0.0,0.0,0.0,0.0,0.0,79.0,1.0,25.0,5.0,39.0,0.0,6.0,0.0,3.0,1.0,78.0,0.0,0.0,0.0,0.0,0.0,0.0,0.0,0.0,0.0,0.0,0.0,0.0,0.0,1.0,1.0,0.0,0.0,0.0,2.0,4.0,1.0,0.0,5.0,3.0,3.0,3.0,3.0,7.0,15.0,14.0,0.0,0.0,0.0,0.0,0.0,0.0,0.0,0.0,0.0,0.0,0.0,0.0,0.0,4.0,4.0,0.0,0.0,0.0,2.0,5.0,2.0,0.0,6.0,4.0,4.0,3.0,3.0,11.0,16.0,18.0
658,1.0,658.0,London_303,cons,151,453,1092.0,70.0,2.0,136353.0,0.6976903681643307,758.0,16.0,2.0,14.0,43.0,18.0,25.0,114.0,123.0,171.0,8.0,104.0,5.0,26.0,2.0,14.0,25.0,85.0,140.0,203.0,222.0,6.0,2.0,2.0,0.0,2.0,0.0,0.0,0.0,0.0,3.0,0.0,0.0,1.0,1.0,0.0,1.0,0.0,0.0,1.0,2.0,0.0,0.0,0.0,0.0,0.0,0.0,0.0,0.0,0.0,0.0,0.0,0.0,0.0,2.0,0.0,0.0,0.0,0.0,0.0,1.0,0.0,0.0,0.0,2.0,4.0,1.0,1.0,3.0,3.0,4.0,0.0,0.0,0.0,0.0,0.0,0.0,0.0,0.0,0.0,0.0,0.0,0.0,0.0,8.0,0.0,0.0,0.0,0.0,0.0,1.0,0.0,0.0,0.0,2.0,5.0,1.0,1.0,5.0,4.0,6.0
659,1.0,659.0,London_303,cons,151,453,1092.0,70.0,2.0,172593.0,1.3747279359959066,838.0,3.0,3.0,0.0,24.0,24.0,0.0,38.0,128.0,180.0,7.0,87.0,5.0,29.0,2.0,15.0,20.0,77.0,148.0,208.0,213.0,3.0,1.0,1.0,0.0,1.0,0.0,0.0,0.0,0.0,3.0,0.0,0.0,0.0,2.0,0.0,1.0,0.0,0.0,3.0,0.0,0.0,0.0,0.0,0.0,0.0,0.0,0.0,0.0,0.0,0.0,0.0,1.0,0.0,0.0,1.0,0.0,0.0,0.0,0.0,0.0,0.0,0.0,0.0,0.0,0.0,0.0,0.0,0.0,0.0,0.0,0.0,0.0,0.0,0.0,0.0,0.0,0.0,0.0,0.0,0.0,0.0,3.0,0.0,0.0,1.0,0.0,0.0,0.0,0.0,0.0,0.0,0.0,0.0,0.0,0.0,0.0,0.0,0.0,0.0,0.0
660,1.0,660.0,London_303,cons,151,453,1092.0,70.0,2.0,216534.0,1.5127144898287952,935.0,184.0,0.0,184.0,323.0,0.0,323.0,14.0,129.0,184.0,8.0,79.0,7.0,29.0,2.0,15.0,19.0,79.0,145.0,210.0,205.0,8.0,1.0,4.0,0.0,3.0,0.0,0.0,0.0,0.0,125.0,1.0,45.0,11.0,55.0,2.0,4.0,0.0,7.0,0.0,125.0,0.0,0.0,0.0,0.0,0.0,0.0,0.0,0.0,0.0,0.0,0.0,0.0,0.0,0.0,0.0,0.0,0.0,0.0,1.0,3.0,1.0,0.0,3.0,7.0,5.0,2.0,8.0,14.0,17.0,16.0,0.0,0.0,0.0,0.0,0.0,0.0,0.0,0.0,0.0,0.0,0.0,0.0,0.0,0.0,0.0,0.0,0.0,0.0,1.0,3.0,1.0,0.0,3.0,8.0,5.0,2.0,9.0,18.0,18.0,18.0
661,1.0,661.0,London_303,cons,151,453,1092.0,70.0,2.0,176217.0,0.996528216637671,846.0,144.0,0.0,144.0,253.0,0.0,253.0,134.0,118.0,189.0,11.0,83.0,5.0,25.0,3.0,19.0,24.0,78.0,127.0,224.0,202.0,2.0,0.0,1.0,0.0,1.0,0.0,0.0,0.0,0.0,85.0,1.0,21.0,11.0,44.0,0.0,4.0,0.0,4.0,0.0,85.0,0.0,0.0,0.0,0.0,0.0,0.0,0.0,0.0,0.0,0.0,0.0,0.0,0.0,0.0,0.0,0.0,0.0,0.0,4.0,2.0,0.0,3.0,7.0,10.0,8.0,6.0,8.0,15.0,15.0,12.0,0.0,0.0,0.0,0.0,0.0,0.0,0.0,0.0,0.0,0.0,0.0,0.0,0.0,0.0,0.0,0.0,0.0,0.0,4.0,3.0,0.0,3.0,7.0,11.0,9.0,8.0,11.0,19.0,22.0,12.0
662,1.0,662.0,London_303,cons,151,453,1092.0,70.0,2.0,151755.0,0.9640167630277574,792.0,9.0,0.0,9.0,13.0,0.0,13.0,126.0,122.0,183.0,11.0,85.0,6.0,29.0,1.0,16.0,28.0,81.0,129.0,215.0,210.0,1.0,0.0,1.0,0.0,0.0,0.0,0.0,0.0,0.0,1.0,0.0,1.0,0.0,0.0,0.0,0.0,0.0,0.0,0.0,1.0,0.0,0.0,0.0,0.0,0.0,0.0,0.0,0.0,0.0,0.0,0.0,0.0,0.0,0.0,0.0,0.0,0.0,0.0,0.0,0.0,0.0,1.0,1.0,2.0,0.0,1.0,1.0,2.0,0.0,4.0,0.0,0.0,0.0,0.0,0.0,0.0,0.0,0.0,0.0,0.0,0.0,0.0,0.0,0.0,0.0,0.0,0.0,0.0,0.0,0.0,0.0,1.0,1.0,2.0,0.0,1.0,2.0,3.0,0.0,4.0
663,1.0,663.0,London_303,cons,151,453,1092.0,70.0,2.0,192525.0,1.1734164538793266,882.0,124.0,2.0,122.0,228.0,18.0,210.0,13.0,123.0,181.0,12.0,85.0,6.0,30.0,1.0,15.0,28.0,83.0,128.0,214.0,211.0,1.0,0.0,1.0,0.0,0.0,0.0,0.0,0.0,0.0,74.0,1.0,15.0,7.0,43.0,0.0,4.0,2.0,2.0,2.0,72.0,0.0,0.0,0.0,0.0,0.0,0.0,0.0,0.0,0.0,0.0,0.0,0.0,0.0,0.0,0.0,0.0,0.0,0.0,4.0,0.0,2.0,1.0,7.0,3.0,1.0,1.0,6.0,14.0,10.0,6.0,0.0,0.0,0.0,0.0,0.0,0.0,0.0,0.0,0.0,0.0,0.0,0.0,0.0,0.0,0.0,0.0,0.0,0.0,4.0,0.0,2.0,1.0,7.0,4.0,1.0,1.0,6.0,20.0,11.0,8.0
664,1.0,664.0,London_303,cons,151,453,1092.0,70.0,2.0,176670.0,0.8982214024290442,847.0,106.0,0.0,106.0,175.0,0.0,175.0,107.0,119.0,184.0,12.0,84.0,7.0,29.0,2.0,16.0,26.0,91.0,131.0,205.0,222.0,2.0,0.0,2.0,0.0,0.0,0.0,0.0,0.0,0.0,59.0,1.0,21.0,5.0,27.0,0.0,4.0,0.0,1.0,0.0,59.0,0.0,0.0,0.0,0.0,0.0,0.0,0.0,0.0,0.0,0.0,0.0,0.0,0.0,0.0,0.0,0.0,0.0,0.0,0.0,3.0,7.0,0.0,2.0,4.0,6.0,6.0,8.0,13.0,11.0,12.0,0.0,0.0,0.0,0.0,0.0,0.0,0.0,0.0,0.0,0.0,0.0,0.0,0.0,0.0,0.0,0.0,0.0,0.0,0.0,3.0,7.0,0.0,2.0,10.0,6.0,7.0,8.0,20.0,15.0,14.0
665,1.0,665.0,London_303,cons,151,453,1092.0,70.0,2.0,166251.0,0.9560757651925087,824.0,102.0,2.0,100.0,191.0,17.0,174.0,96.0,123.0,186.0,9.0,85.0,2.0,29.0,1.0,18.0,30.0,89.0,129.0,205.0,228.0,8.0,1.0,6.0,0.0,1.0,0.0,0.0,0.0,0.0,63.0,1.0,20.0,2.0,31.0,0.0,7.0,0.0,2.0,2.0,61.0,0.0,0.0,0.0,0.0,0.0,0.0,0.0,0.0,0.0,1.0,0.0,0.0,0.0,0.0,0.0,0.0,0.0,0.0,3.0,1.0,1.0,1.0,3.0,2.0,6.0,3.0,0.0,12.0,5.0,9.0,0.0,0.0,0.0,0.0,0.0,0.0,0.0,0.0,0.0,2.0,0.0,0.0,0.0,0.0,0.0,0.0,0.0,0.0,3.0,1.0,1.0,1.0,4.0,2.0,7.0,4.0,0.0,19.0,6.0,9.0
666,1.0,666.0,London_303,cons,151,453,1092.0,70.0,2.0,160362.0,0.9129813271574676,811.0,109.0,2.0,107.0,194.0,21.0,173.0,94.0,119.0,173.0,15.0,91.0,4.0,31.0,1.0,19.0,32.0,89.0,146.0,186.0,226.0,12.0,2.0,6.0,0.0,2.0,0.0,0.0,0.0,2.0,59.0,0.0,21.0,2.0,28.0,1.0,7.0,0.0,0.0,2.0,57.0,0.0,0.0,0.0,0.0,0.0,0.0,0.0,0.0,0.0,0.0,0.0,0.0,1.0,0.0,0.0,0.0,0.0,0.0,3.0,2.0,0.0,2.0,6.0,4.0,5.0,4.0,4.0,12.0,16.0,12.0,0.0,0.0,0.0,0.0,0.0,0.0,0.0,0.0,0.0,0.0,0.0,0.0,1.0,0.0,0.0,0.0,0.0,0.0,3.0,2.0,0.0,2.0,6.0,5.0,6.0,4.0,5.0,15.0,17.0,14.0
667,1.0,667.0,London_303,cons,151,453,1092.0,70.0,2.0,142695.0,1.0139948730356991,772.0,149.0,2.0,147.0,260.0,17.0,243.0,101.0,112.0,188.0,12.0,85.0,3.0,34.0,2.0,17.0,34.0,85.0,137.0,197.0,223.0,2.0,0.0,2.0,0.0,0.0,0.0,0.0,0.0,0.0,91.0,0.0,29.0,13.0,40.0,0.0,4.0,0.0,5.0,1.0,90.0,0.0,0.0,0.0,0.0,0.0,0.0,0.0,0.0,0.0,0.0,0.0,1.0,0.0,0.0,1.0,0.0,0.0,0.0,1.0,2.0,3.0,2.0,1.0,6.0,2.0,5.0,4.0,8.0,18.0,9.0,0.0,0.0,0.0,0.0,0.0,0.0,0.0,0.0,0.0,0.0,0.0,1.0,0.0,0.0,7.0,0.0,0.0,0.0,1.0,2.0,4.0,2.0,1.0,8.0,2.0,5.0,4.0,9.0,23.0,9.0
668,1.0,668.0,London_303,cons,151,453,1092.0,70.0,2.0,110532.0,0.5458876267075539,701.0,55.0,0.0,55.0,92.0,0.0,92.0,118.0,113.0,174.0,11.0,88.0,7.0,37.0,2.0,21.0,34.0,84.0,133.0,202.0,218.0,7.0,1.0,3.0,0.0,2.0,0.0,0.0,0.0,1.0,14.0,0.0,5.0,0.0,7.0,0.0,1.0,0.0,1.0,0.0,14.0,0.0,0.0,0.0,0.0,0.0,0.0,0.0,0.0,0.0,0.0,0.0,0.0,0.0,0.0,0.0,0.0,0.0,0.0,0.0,6.0,1.0,1.0,0.0,3.0,4.0,2.0,3.0,8.0,10.0,9.0,0.0,0.0,0.0,0.0,0.0,0.0,0.0,0.0,0.0,0.0,0.0,0.0,0.0,0.0,0.0,0.0,0.0,0.0,0.0,8.0,1.0,1.0,0.0,6.0,4.0,2.0,4.0,11.0,14.0,12.0
669,1.0,669.0,London_303,cons,151,453,1092.0,70.0,2.0,114156.0,0.6676580850034952,709.0,6.0,0.0,6.0,13.0,0.0,13.0,81.0,119.0,165.0,10.0,87.0,8.0,43.0,1.0,20.0,35.0,94.0,128.0,196.0,219.0,3.0,3.0,0.0,0.0,0.0,0.0,0.0,0.0,0.0,2.0,0.0,1.0,1.0,0.0,0.0,0.0,0.0,0.0,0.0,2.0,0.0,0.0,0.0,0.0,0.0,0.0,0.0,0.0,0.0,0.0,0.0,0.0,0.0,0.0,0.0,0.0,0.0,0.0,0.0,0.0,0.0,0.0,0.0,1.0,1.0,0.0,0.0,2.0,0.0,2.0,0.0,0.0,0.0,0.0,0.0,0.0,0.0,0.0,0.0,0.0,0.0,0.0,0.0,0.0,0.0,0.0,0.0,0.0,0.0,0.0,0.0,0.0,0.0,2.0,1.0,0.0,0.0,4.0,0.0,4.0
670,1.0,670.0,London_303,cons,151,453,1092.0,70.0,2.0,145866.0,0.9728518072515726,779.0,32.0,0.0,32.0,54.0,0.0,54.0,10.0,117.0,167.0,10.0,87.0,8.0,43.0,1.0,20.0,35.0,93.0,126.0,199.0,219.0,1.0,0.0,1.0,0.0,0.0,0.0,0.0,0.0,0.0,8.0,0.0,5.0,0.0,2.0,0.0,0.0,0.0,1.0,0.0,8.0,0.0,0.0,0.0,0.0,0.0,0.0,0.0,0.0,0.0,0.0,0.0,0.0,0.0,0.0,0.0,0.0,0.0,0.0,0.0,5.0,1.0,1.0,1.0,2.0,2.0,6.0,2.0,6.0,9.0,7.0,0.0,0.0,0.0,0.0,0.0,0.0,0.0,0.0,0.0,0.0,0.0,0.0,0.0,0.0,0.0,0.0,0.0,0.0,0.0,6.0,1.0,2.0,1.0,2.0,2.0,6.0,2.0,8.0,12.0,7.0
671,1.0,671.0,London_303,cons,151,453,1092.0,70.0,2.0,169422.0,1.2576962588354945,831.0,148.0,0.0,148.0,250.0,0.0,250.0,43.0,121.0,166.0,12.0,84.0,10.0,40.0,1.0,19.0,35.0,94.0,129.0,195.0,223.0,7.0,2.0,3.0,0.0,1.0,0.0,0.0,0.0,1.0,104.0,0.0,46.0,8.0,36.0,0.0,6.0,3.0,5.0,0.0,104.0,0.0,0.0,0.0,0.0,0.0,0.0,0.0,0.0,0.0,0.0,0.0,0.0,0.0,0.0,0.0,0.0,0.0,0.0,3.0,0.0,2.0,1.0,3.0,3.0,1.0,2.0,2.0,16.0,12.0,14.0,0.0,0.0,0.0,0.0,0.0,0.0,0.0,0.0,0.0,0.0,0.0,0.0,0.0,0.0,0.0,0.0,0.0,0.0,3.0,0.0,3.0,1.0,3.0,4.0,1.0,3.0,2.0,19.0,16.0,17.0
672,1.0,672.0,London_303,cons,151,453,1092.0,70.0,2.0,140430.0,0.7549167568795383,767.0,144.0,1.0,143.0,255.0,9.0,246.0,95.0,115.0,185.0,21.0,74.0,5.0,36.0,1.0,16.0,37.0,96.0,118.0,202.0,230.0,7.0,3.0,4.0,0.0,0.0,0.0,0.0,0.0,0.0,86.0,0.0,28.0,3.0,38.0,2.0,8.0,2.0,5.0,1.0,85.0,0.0,0.0,0.0,0.0,0.0,0.0,0.0,0.0,0.0,0.0,0.0,0.0,1.0,0.0,0.0,0.0,0.0,0.0,3.0,1.0,0.0,0.0,7.0,6.0,2.0,7.0,5.0,14.0,19.0,11.0,0.0,0.0,0.0,0.0,0.0,0.0,0.0,0.0,0.0,0.0,0.0,0.0,1.0,0.0,0.0,0.0,0.0,0.0,3.0,1.0,0.0,0.0,7.0,7.0,2.0,10.0,6.0,16.0,22.0,14.0
673,1.0,673.0,London_303,cons,151,453,1092.0,70.0,2.0,119592.0,0.7295103361830115,721.0,2.0,2.0,0.0,19.0,19.0,0.0,117.0,97.0,194.0,17.0,87.0,4.0,39.0,0.0,15.0,42.0,93.0,117.0,201.0,234.0,2.0,0.0,1.0,0.0,1.0,0.0,0.0,0.0,0.0,2.0,0.0,0.0,0.0,1.0,0.0,1.0,0.0,0.0,2.0,0.0,0.0,0.0,0.0,0.0,0.0,0.0,0.0,0.0,0.0,0.0,0.0,0.0,0.0,1.0,1.0,0.0,0.0,0.0,0.0,0.0,0.0,0.0,0.0,0.0,0.0,0.0,0.0,0.0,0.0,0.0,0.0,0.0,0.0,0.0,0.0,0.0,0.0,0.0,0.0,0.0,0.0,0.0,0.0,4.0,1.0,0.0,0.0,0.0,0.0,0.0,0.0,0.0,0.0,0.0,0.0,0.0,0.0,0.0,0.0,0.0
674,1.0,674.0,London_303,cons,151,453,1092.0,70.0,2.0,166704.0,0.8972896351478994,825.0,74.0,2.0,72.0,137.0,18.0,119.0,8.0,97.0,196.0,17.0,87.0,4.0,37.0,0.0,15.0,39.0,94.0,116.0,204.0,229.0,7.0,3.0,1.0,0.0,2.0,0.0,0.0,0.0,1.0,29.0,0.0,9.0,2.0,12.0,0.0,2.0,1.0,3.0,2.0,27.0,0.0,0.0,0.0,0.0,0.0,0.0,0.0,0.0,1.0,0.0,0.0,0.0,0.0,0.0,0.0,0.0,0.0,0.0,0.0,1.0,1.0,1.0,2.0,7.0,4.0,8.0,8.0,11.0,11.0,12.0,0.0,0.0,0.0,0.0,0.0,0.0,0.0,0.0,1.0,0.0,0.0,0.0,0.0,0.0,0.0,0.0,0.0,0.0,0.0,1.0,1.0,1.0,2.0,9.0,4.0,12.0,9.0,13.0,15.0,14.0
675,1.0,675.0,London_303,cons,151,453,1092.0,70.0,2.0,185730.0,1.0402264040894806,867.0,59.0,1.0,58.0,111.0,9.0,102.0,87.0,102.0,197.0,14.0,81.0,4.0,40.0,2.0,13.0,41.0,94.0,119.0,199.0,239.0,5.0,2.0,0.0,0.0,2.0,0.0,1.0,0.0,0.0,26.0,0.0,7.0,1.0,12.0,0.0,2.0,0.0,4.0,0.0,26.0,0.0,0.0,0.0,0.0,0.0,0.0,0.0,0.0,0.0,0.0,0.0,0.0,0.0,0.0,1.0,0.0,0.0,0.0,1.0,2.0,2.0,0.0,3.0,9.0,3.0,3.0,1.0,9.0,7.0,9.0,0.0,0.0,0.0,0.0,0.0,0.0,0.0,0.0,0.0,0.0,0.0,0.0,0.0,0.0,3.0,0.0,0.0,0.0,1.0,3.0,3.0,0.0,3.0,12.0,3.0,3.0,1.0,13.0,10.0,10.0
676,1.0,676.0,London_303,cons,151,453,1092.0,70.0,2.0,205662.0,1.2378303287550807,911.0,101.0,0.0,101.0,173.0,0.0,173.0,78.0,109.0,200.0,21.0,64.0,4.0,38.0,3.0,14.0,34.0,99.0,119.0,201.0,229.0,10.0,3.0,4.0,0.0,3.0,0.0,0.0,0.0,0.0,57.0,2.0,14.0,2.0,35.0,1.0,2.0,1.0,0.0,0.0,57.0,0.0,0.0,0.0,0.0,0.0,0.0,0.0,0.0,0.0,0.0,0.0,0.0,0.0,0.0,0.0,0.0,0.0,0.0,2.0,2.0,1.0,0.0,4.0,7.0,4.0,2.0,4.0,12.0,12.0,12.0,0.0,0.0,0.0,0.0,0.0,0.0,0.0,0.0,0.0,0.0,0.0,0.0,0.0,0.0,0.0,0.0,0.0,0.0,2.0,3.0,1.0,0.0,4.0,7.0,5.0,2.0,5.0,17.0,19.0,15.0
677,1.0,677.0,London_303,cons,151,453,1092.0,70.0,2.0,197508.0,1.2211517337709665,893.0,6.0,0.0,6.0,11.0,0.0,11.0,96.0,105.0,200.0,14.0,67.0,7.0,39.0,4.0,17.0,33.0,101.0,123.0,196.0,233.0,5.0,1.0,3.0,0.0,0.0,0.0,0.0,0.0,1.0,1.0,0.0,1.0,0.0,0.0,0.0,0.0,0.0,0.0,0.0,1.0,0.0,0.0,0.0,0.0,0.0,0.0,0.0,0.0,0.0,0.0,0.0,0.0,0.0,0.0,0.0,0.0,0.0,0.0,1.0,1.0,0.0,1.0,0.0,0.0,1.0,0.0,0.0,1.0,2.0,1.0,0.0,0.0,0.0,0.0,0.0,0.0,0.0,0.0,0.0,0.0,0.0,0.0,0.0,0.0,0.0,0.0,0.0,0.0,2.0,2.0,0.0,2.0,0.0,0.0,2.0,0.0,0.0,1.0,5.0,1.0
678,1.0,678.0,London_303,cons,151,453,1092.0,70.0,2.0,243714.0,1.8063414269126952,995.0,196.0,0.0,196.0,348.0,0.0,348.0,15.0,105.0,200.0,16.0,64.0,7.0,40.0,4.0,17.0,33.0,101.0,126.0,193.0,231.0,4.0,0.0,4.0,0.0,0.0,0.0,0.0,0.0,0.0,137.0,4.0,52.0,10.0,61.0,2.0,6.0,1.0,1.0,0.0,137.0,0.0,0.0,0.0,0.0,0.0,0.0,0.0,0.0,0.0,0.0,0.0,0.0,0.0,0.0,0.0,0.0,0.0,0.0,1.0,1.0,2.0,2.0,3.0,5.0,2.0,5.0,4.0,14.0,22.0,8.0,0.0,0.0,0.0,0.0,0.0,0.0,0.0,0.0,0.0,0.0,0.0,0.0,0.0,0.0,0.0,0.0,0.0,0.0,1.0,1.0,2.0,2.0,3.0,6.0,3.0,5.0,4.0,20.0,28.0,8.0
679,1.0,679.0,London_303,cons,151,453,1092.0,70.0,2.0,197055.0,1.9672952401451766,892.0,151.0,0.0,151.0,243.0,0.0,243.0,126.0,83.0,198.0,10.0,89.0,9.0,41.0,2.0,21.0,34.0,98.0,125.0,196.0,234.0,3.0,0.0,2.0,0.0,0.0,0.0,0.0,0.0,1.0,82.0,1.0,31.0,9.0,36.0,0.0,4.0,0.0,1.0,0.0,82.0,0.0,0.0,0.0,0.0,0.0,0.0,0.0,0.0,0.0,0.0,0.0,0.0,0.0,0.0,0.0,0.0,0.0,0.0,1.0,3.0,1.0,2.0,3.0,6.0,2.0,2.0,7.0,15.0,20.0,24.0,0.0,0.0,0.0,0.0,0.0,0.0,0.0,0.0,0.0,0.0,0.0,0.0,0.0,0.0,0.0,0.0,0.0,0.0,1.0,3.0,1.0,3.0,3.0,7.0,2.0,2.0,8.0,19.0,24.0,25.0
680,1.0,680.0,London_303,cons,151,453,1092.0,70.0,2.0,168516.0,1.085430746898055,829.0,150.0,2.0,148.0,276.0,17.0,259.0,124.0,79.0,202.0,9.0,86.0,7.0,46.0,4.0,20.0,37.0,100.0,124.0,192.0,246.0,2.0,0.0,1.0,0.0,1.0,0.0,0.0,0.0,0.0,90.0,1.0,36.0,8.0,34.0,2.0,6.0,2.0,1.0,2.0,88.0,0.0,0.0,0.0,0.0,0.0,0.0,0.0,0.0,0.0,0.0,0.0,0.0,0.0,1.0,0.0,0.0,0.0,0.0,3.0,4.0,2.0,1.0,4.0,3.0,3.0,4.0,6.0,14.0,23.0,18.0,0.0,0.0,0.0,0.0,0.0,0.0,0.0,0.0,0.0,0.0,0.0,0.0,0.0,1.0,0.0,0.0,0.0,0.0,3.0,4.0,2.0,1.0,5.0,4.0,4.0,6.0,7.0,22.0,25.0,22.0
681,1.0,681.0,London_303,cons,151,453,1092.0,70.0,2.0,139071.0,1.2037760568782687,764.0,115.0,0.0,115.0,189.0,0.0,189.0,126.0,76.0,198.0,7.0,102.0,13.0,35.0,2.0,20.0,37.0,103.0,107.0,206.0,249.0,8.0,0.0,4.0,0.0,1.0,0.0,2.0,0.0,1.0,57.0,1.0,21.0,4.0,26.0,0.0,3.0,0.0,2.0,0.0,57.0,0.0,0.0,0.0,0.0,0.0,0.0,0.0,0.0,0.0,0.0,0.0,0.0,0.0,0.0,0.0,0.0,0.0,0.0,2.0,5.0,2.0,2.0,5.0,11.0,5.0,6.0,4.0,15.0,11.0,9.0,0.0,0.0,0.0,0.0,0.0,0.0,0.0,0.0,0.0,0.0,0.0,0.0,0.0,0.0,0.0,0.0,0.0,0.0,2.0,6.0,3.0,2.0,5.0,12.0,5.0,6.0,4.0,17.0,13.0,9.0
682,1.0,682.0,London_303,cons,151,453,1092.0,70.0,2.0,117780.0,0.63927929289639,717.0,21.0,0.0,21.0,40.0,0.0,40.0,108.0,85.0,196.0,11.0,90.0,14.0,33.0,2.0,22.0,38.0,94.0,126.0,195.0,244.0,2.0,0.0,1.0,0.0,1.0,0.0,0.0,0.0,0.0,3.0,1.0,1.0,0.0,1.0,0.0,0.0,0.0,0.0,0.0,3.0,0.0,0.0,0.0,0.0,0.0,0.0,0.0,0.0,0.0,0.0,0.0,0.0,0.0,0.0,0.0,0.0,0.0,0.0,2.0,4.0,2.0,1.0,3.0,2.0,3.0,0.0,3.0,1.0,6.0,1.0,0.0,0.0,0.0,0.0,0.0,0.0,0.0,0.0,0.0,0.0,0.0,0.0,0.0,0.0,0.0,0.0,0.0,0.0,2.0,6.0,3.0,2.0,3.0,2.0,4.0,0.0,3.0,3.0,11.0,1.0
683,1.0,683.0,London_303,cons,151,453,1092.0,70.0,2.0,151302.0,0.9765449748374522,791.0,84.0,1.0,83.0,143.0,8.0,135.0,36.0,83.0,197.0,14.0,82.0,15.0,35.0,2.0,25.0,38.0,92.0,128.0,195.0,242.0,1.0,0.0,0.0,0.0,1.0,0.0,0.0,0.0,0.0,43.0,1.0,14.0,3.0,20.0,2.0,1.0,0.0,2.0,0.0,43.0,0.0,0.0,0.0,0.0,0.0,0.0,0.0,0.0,0.0,0.0,0.0,0.0,0.0,0.0,1.0,0.0,0.0,0.0,0.0,0.0,3.0,0.0,3.0,1.0,2.0,4.0,2.0,6.0,10.0,3.0,0.0,0.0,0.0,0.0,0.0,0.0,0.0,0.0,0.0,0.0,0.0,0.0,0.0,0.0,1.0,0.0,0.0,0.0,0.0,0.0,3.0,0.0,4.0,1.0,2.0,6.0,3.0,7.0,17.0,3.0
684,1.0,684.0,London_303,cons,151,453,1092.0,70.0,2.0,153114.0,0.8443782688118517,795.0,33.0,2.0,31.0,71.0,17.0,54.0,75.0,86.0,189.0,12.0,91.0,14.0,32.0,3.0,26.0,36.0,95.0,139.0,183.0,238.0,6.0,1.0,4.0,0.0,0.0,0.0,1.0,0.0,0.0,8.0,0.0,4.0,1.0,1.0,0.0,2.0,0.0,0.0,0.0,8.0,0.0,0.0,0.0,0.0,0.0,0.0,0.0,0.0,0.0,0.0,0.0,0.0,0.0,1.0,2.0,0.0,0.0,0.0,0.0,1.0,2.0,0.0,3.0,5.0,2.0,4.0,4.0,5.0,7.0,6.0,0.0,0.0,0.0,0.0,0.0,0.0,0.0,0.0,0.0,0.0,0.0,0.0,0.0,5.0,5.0,0.0,0.0,0.0,0.0,1.0,2.0,0.0,3.0,5.0,3.0,6.0,6.0,6.0,9.0,7.0
685,1.0,685.0,London_303,cons,151,453,1092.0,70.0,2.0,180747.0,1.0016650347970426,856.0,47.0,2.0,45.0,97.0,18.0,79.0,66.0,91.0,177.0,17.0,91.0,13.0,34.0,3.0,27.0,31.0,99.0,131.0,192.0,227.0,6.0,1.0,4.0,0.0,1.0,0.0,0.0,0.0,0.0,27.0,1.0,13.0,0.0,11.0,0.0,1.0,1.0,0.0,1.0,26.0,0.0,0.0,0.0,0.0,0.0,0.0,0.0,0.0,0.0,0.0,0.0,0.0,0.0,1.0,0.0,0.0,0.0,0.0,0.0,0.0,0.0,0.0,0.0,2.0,3.0,1.0,3.0,5.0,6.0,5.0,0.0,0.0,0.0,0.0,0.0,0.0,0.0,0.0,0.0,0.0,0.0,0.0,0.0,8.0,0.0,0.0,0.0,0.0,0.0,0.0,0.0,0.0,0.0,3.0,3.0,1.0,3.0,6.0,10.0,6.0
686,1.0,686.0,London_303,cons,151,453,1092.0,70.0,2.0,190713.0,1.2493040258996189,878.0,163.0,0.0,163.0,267.0,0.0,267.0,63.0,94.0,177.0,18.0,100.0,7.0,29.0,1.0,27.0,28.0,95.0,145.0,185.0,215.0,4.0,1.0,1.0,0.0,1.0,0.0,0.0,0.0,1.0,95.0,0.0,44.0,4.0,36.0,0.0,3.0,1.0,7.0,0.0,95.0,0.0,0.0,0.0,0.0,0.0,0.0,0.0,0.0,0.0,0.0,0.0,0.0,0.0,0.0,0.0,0.0,0.0,0.0,1.0,2.0,3.0,1.0,3.0,8.0,1.0,3.0,6.0,22.0,14.0,13.0,0.0,0.0,0.0,0.0,0.0,0.0,0.0,0.0,0.0,0.0,0.0,0.0,0.0,0.0,0.0,0.0,0.0,0.0,1.0,2.0,3.0,1.0,3.0,10.0,1.0,3.0,6.0,35.0,16.0,15.0
687,1.0,687.0,London_303,cons,151,453,1092.0,70.0,2.0,149037.0,0.9339986783452332,786.0,142.0,2.0,140.0,256.0,22.0,234.0,127.0,92.0,179.0,17.0,112.0,1.0,29.0,2.0,21.0,26.0,92.0,137.0,198.0,223.0,1.0,0.0,0.0,0.0,0.0,0.0,1.0,0.0,0.0,83.0,3.0,39.0,1.0,35.0,0.0,3.0,0.0,2.0,1.0,82.0,0.0,0.0,0.0,0.0,0.0,0.0,0.0,0.0,0.0,0.0,0.0,1.0,0.0,0.0,0.0,0.0,0.0,0.0,4.0,3.0,2.0,1.0,1.0,12.0,1.0,0.0,7.0,17.0,19.0,11.0,0.0,0.0,0.0,0.0,0.0,0.0,0.0,0.0,0.0,0.0,0.0,1.0,0.0,0.0,0.0,0.0,0.0,0.0,4.0,3.0,2.0,1.0,1.0,16.0,1.0,0.0,7.0,22.0,23.0,13.0
688,1.0,688.0,London_303,cons,151,453,1092.0,70.0,2.0,117780.0,0.6872183857485652,717.0,77.0,0.0,77.0,136.0,0.0,136.0,119.0,92.0,178.0,13.0,114.0,3.0,30.0,3.0,20.0,23.0,90.0,133.0,207.0,227.0,4.0,0.0,2.0,0.0,0.0,0.0,1.0,0.0,1.0,38.0,0.0,17.0,2.0,10.0,1.0,2.0,0.0,6.0,0.0,38.0,0.0,0.0,0.0,0.0,0.0,0.0,0.0,0.0,0.0,0.0,0.0,0.0,0.0,0.0,0.0,0.0,0.0,0.0,1.0,2.0,0.0,0.0,3.0,6.0,6.0,5.0,4.0,12.0,12.0,15.0,0.0,0.0,0.0,0.0,0.0,0.0,0.0,0.0,0.0,0.0,0.0,0.0,0.0,0.0,0.0,0.0,0.0,0.0,1.0,2.0,0.0,0.0,4.0,8.0,8.0,7.0,5.0,14.0,16.0,17.0
689,1.0,689.0,London_303,cons,151,453,1092.0,70.0,2.0,115968.0,0.829113001935184,713.0,79.0,0.0,79.0,145.0,0.0,145.0,81.0,106.0,170.0,14.0,109.0,2.0,31.0,3.0,18.0,24.0,100.0,126.0,203.0,225.0,10.0,1.0,6.0,0.0,2.0,0.0,1.0,0.0,0.0,43.0,2.0,19.0,7.0,13.0,0.0,2.0,0.0,0.0,0.0,43.0,0.0,0.0,0.0,0.0,0.0,0.0,0.0,0.0,0.0,0.0,0.0,0.0,0.0,0.0,0.0,0.0,0.0,0.0,1.0,2.0,3.0,1.0,3.0,6.0,4.0,3.0,3.0,5.0,8.0,5.0,0.0,0.0,0.0,0.0,0.0,0.0,0.0,0.0,0.0,0.0,0.0,0.0,0.0,0.0,0.0,0.0,0.0,0.0,1.0,3.0,3.0,1.0,3.0,6.0,5.0,3.0,3.0,7.0,11.0,7.0
690,1.0,690.0,London_303,cons,151,453,1092.0,70.0,2.0,112797.0,0.5731650311499834,706.0,18.0,2.0,16.0,43.0,19.0,24.0,87.0,115.0,164.0,14.0,103.0,3.0,29.0,4.0,21.0,24.0,109.0,123.0,197.0,225.0,10.0,2.0,7.0,0.0,1.0,0.0,0.0,0.0,0.0,6.0,0.0,3.0,1.0,1.0,0.0,1.0,0.0,0.0,2.0,4.0,0.0,0.0,0.0,0.0,0.0,0.0,0.0,0.0,0.0,0.0,0.0,1.0,1.0,0.0,1.0,0.0,0.0,0.0,1.0,1.0,1.0,0.0,1.0,3.0,0.0,1.0,1.0,5.0,2.0,3.0,0.0,0.0,0.0,0.0,0.0,0.0,0.0,0.0,0.0,0.0,0.0,1.0,4.0,0.0,4.0,0.0,0.0,0.0,1.0,2.0,2.0,0.0,1.0,3.0,0.0,2.0,1.0,6.0,4.0,3.0
691,1.0,691.0,London_303,cons,151,453,1092.0,70.0,2.0,139977.0,0.7345811352133751,766.0,30.0,2.0,28.0,66.0,17.0,49.0,41.0,116.0,152.0,21.0,103.0,3.0,32.0,4.0,22.0,18.0,109.0,126.0,200.0,213.0,5.0,1.0,3.0,0.0,1.0,0.0,0.0,0.0,0.0,13.0,0.0,3.0,2.0,5.0,0.0,3.0,0.0,0.0,2.0,11.0,0.0,0.0,0.0,0.0,0.0,0.0,0.0,0.0,0.0,0.0,0.0,1.0,0.0,1.0,0.0,0.0,0.0,0.0,1.0,0.0,2.0,1.0,3.0,0.0,4.0,5.0,3.0,3.0,6.0,4.0,0.0,0.0,0.0,0.0,0.0,0.0,0.0,0.0,0.0,0.0,0.0,2.0,0.0,2.0,0.0,0.0,0.0,0.0,1.0,0.0,3.0,1.0,3.0,0.0,4.0,6.0,3.0,4.0,6.0,5.0
692,1.0,692.0,London_303,cons,151,453,1092.0,70.0,2.0,153567.0,1.0816663573496044,796.0,84.0,0.0,84.0,145.0,0.0,145.0,50.0,120.0,147.0,19.0,103.0,3.0,32.0,5.0,24.0,18.0,110.0,128.0,197.0,213.0,9.0,3.0,2.0,0.0,3.0,0.0,0.0,0.0,1.0,55.0,0.0,21.0,5.0,17.0,3.0,8.0,1.0,0.0,0.0,55.0,0.0,0.0,0.0,0.0,0.0,0.0,0.0,0.0,0.0,0.0,0.0,0.0,0.0,0.0,0.0,0.0,0.0,0.0,1.0,1.0,1.0,0.0,5.0,4.0,2.0,4.0,3.0,10.0,13.0,8.0,0.0,0.0,0.0,0.0,0.0,0.0,0.0,0.0,0.0,0.0,0.0,0.0,0.0,0.0,0.0,0.0,0.0,0.0,2.0,1.0,1.0,0.0,5.0,4.0,3.0,5.0,4.0,13.0,15.0,10.0
693,1.0,693.0,London_303,cons,151,453,1092.0,70.0,2.0,155832.0,0.933183962944895,801.0,97.0,0.0,97.0,166.0,0.0,166.0,77.0,113.0,149.0,19.0,115.0,1.0,29.0,4.0,23.0,18.0,99.0,141.0,195.0,212.0,3.0,0.0,2.0,0.0,0.0,0.0,0.0,0.0,1.0,48.0,1.0,13.0,8.0,20.0,0.0,4.0,1.0,1.0,0.0,48.0,0.0,0.0,0.0,0.0,0.0,0.0,0.0,0.0,0.0,0.0,0.0,0.0,0.0,0.0,0.0,0.0,0.0,0.0,4.0,2.0,4.0,0.0,4.0,3.0,2.0,2.0,5.0,9.0,16.0,5.0,0.0,0.0,0.0,0.0,0.0,0.0,0.0,0.0,0.0,0.0,0.0,0.0,0.0,0.0,0.0,0.0,0.0,0.0,4.0,4.0,5.0,0.0,4.0,5.0,2.0,2.0,6.0,13.0,18.0,8.0
694,1.0,694.0,London_303,cons,151,453,1092.0,70.0,2.0,159456.0,0.9039225708693266,809.0,170.0,0.0,170.0,291.0,0.0,291.0,95.0,118.0,153.0,15.0,108.0,4.0,32.0,3.0,20.0,19.0,105.0,137.0,192.0,222.0,0.0,0.0,0.0,0.0,0.0,0.0,0.0,0.0,0.0,111.0,1.0,53.0,6.0,42.0,0.0,5.0,0.0,4.0,0.0,111.0,0.0,0.0,0.0,0.0,0.0,0.0,0.0,0.0,0.0,0.0,0.0,0.0,0.0,0.0,0.0,0.0,0.0,0.0,3.0,3.0,1.0,1.0,0.0,9.0,1.0,3.0,3.0,17.0,18.0,12.0,0.0,0.0,0.0,0.0,0.0,0.0,0.0,0.0,0.0,0.0,0.0,0.0,0.0,0.0,0.0,0.0,0.0,0.0,3.0,3.0,1.0,1.0,0.0,15.0,2.0,4.0,4.0,19.0,24.0,15.0
695,1.0,695.0,London_303,cons,151,453,1092.0,70.0,2.0,116421.0,0.7930204928852618,714.0,73.0,2.0,71.0,146.0,19.0,127.0,117.0,112.0,159.0,18.0,113.0,1.0,32.0,3.0,15.0,21.0,108.0,125.0,199.0,232.0,11.0,1.0,6.0,0.0,3.0,0.0,0.0,0.0,1.0,34.0,1.0,12.0,2.0,17.0,0.0,1.0,0.0,1.0,1.0,33.0,0.0,0.0,0.0,0.0,0.0,0.0,0.0,0.0,0.0,0.0,0.0,0.0,0.0,0.0,0.0,0.0,0.0,0.0,1.0,5.0,4.0,1.0,3.0,6.0,6.0,3.0,8.0,8.0,10.0,7.0,0.0,0.0,0.0,0.0,0.0,0.0,0.0,0.0,0.0,0.0,0.0,0.0,0.0,0.0,0.0,0.0,0.0,0.0,2.0,5.0,4.0,2.0,3.0,8.0,7.0,3.0,8.0,14.0,13.0,8.0
696,1.0,696.0,London_303,cons,151,453,1092.0,70.0,2.0,123216.0,0.827716204803437,729.0,2.0,2.0,0.0,18.0,18.0,0.0,101.0,113.0,175.0,16.0,105.0,3.0,23.0,5.0,13.0,17.0,116.0,127.0,193.0,227.0,4.0,1.0,3.0,0.0,0.0,0.0,0.0,0.0,0.0,2.0,0.0,0.0,0.0,0.0,1.0,1.0,0.0,0.0,2.0,0.0,0.0,0.0,0.0,0.0,0.0,0.0,0.0,0.0,0.0,0.0,0.0,1.0,0.0,1.0,0.0,0.0,0.0,0.0,0.0,0.0,0.0,0.0,0.0,0.0,0.0,0.0,0.0,0.0,0.0,0.0,0.0,0.0,0.0,0.0,0.0,0.0,0.0,0.0,0.0,0.0,0.0,1.0,0.0,1.0,0.0,0.0,0.0,0.0,0.0,0.0,0.0,0.0,0.0,0.0,0.0,0.0,0.0,0.0,0.0,0.0
697,1.0,697.0,London_303,cons,151,453,1092.0,70.0,2.0,163080.0,0.9406711938790977,817.0,18.0,2.0,16.0,48.0,15.0,33.0,5.0,114.0,172.0,16.0,107.0,3.0,23.0,5.0,13.0,17.0,114.0,126.0,196.0,223.0,0.0,0.0,0.0,0.0,0.0,0.0,0.0,0.0,0.0,5.0,0.0,0.0,0.0,3.0,1.0,0.0,0.0,1.0,2.0,3.0,0.0,0.0,0.0,0.0,0.0,0.0,0.0,0.0,0.0,0.0,0.0,1.0,1.0,0.0,0.0,0.0,0.0,0.0,0.0,0.0,0.0,1.0,1.0,1.0,1.0,2.0,3.0,4.0,4.0,3.0,0.0,0.0,0.0,0.0,0.0,0.0,0.0,0.0,0.0,0.0,0.0,1.0,1.0,0.0,0.0,0.0,0.0,0.0,0.0,0.0,0.0,2.0,2.0,1.0,2.0,5.0,4.0,6.0,5.0,3.0
698,1.0,698.0,London_303,cons,151,453,1092.0,70.0,2.0,195696.0,1.115518664009869,889.0,75.0,0.0,75.0,130.0,0.0,130.0,31.0,117.0,172.0,17.0,102.0,3.0,24.0,5.0,13.0,18.0,113.0,135.0,187.0,222.0,5.0,1.0,3.0,0.0,1.0,0.0,0.0,0.0,0.0,33.0,0.0,16.0,2.0,12.0,1.0,1.0,1.0,0.0,0.0,33.0,0.0,0.0,0.0,0.0,0.0,0.0,0.0,0.0,0.0,0.0,0.0,0.0,0.0,0.0,0.0,0.0,0.0,0.0,2.0,1.0,4.0,1.0,4.0,5.0,4.0,5.0,4.0,15.0,7.0,7.0,0.0,0.0,0.0,0.0,0.0,0.0,0.0,0.0,0.0,0.0,0.0,0.0,0.0,0.0,0.0,0.0,0.0,0.0,3.0,1.0,5.0,2.0,4.0,7.0,5.0,5.0,5.0,22.0,8.0,7.0
699,1.0,699.0,London_303,cons,151,453,1092.0,70.0,2.0,201585.0,1.1898827198892832,902.0,147.0,1.0,146.0,262.0,10.0,252.0,81.0,117.0,171.0,14.0,102.0,6.0,23.0,6.0,14.0,17.0,106.0,132.0,198.0,219.0,11.0,2.0,7.0,0.0,2.0,0.0,0.0,0.0,0.0,93.0,1.0,45.0,3.0,38.0,0.0,5.0,0.0,1.0,1.0,92.0,0.0,0.0,0.0,0.0,0.0,0.0,0.0,0.0,0.0,0.0,0.0,0.0,0.0,0.0,0.0,0.0,0.0,0.0,1.0,1.0,3.0,1.0,4.0,4.0,5.0,2.0,8.0,11.0,22.0,11.0,0.0,0.0,0.0,0.0,0.0,0.0,0.0,0.0,0.0,0.0,0.0,0.0,0.0,0.0,0.0,0.0,0.0,0.0,1.0,1.0,3.0,2.0,4.0,7.0,5.0,3.0,11.0,18.0,26.0,14.0
700,1.0,700.0,London_303,cons,151,453,1092.0,70.0,2.0,170328.0,1.3604672229848802,833.0,131.0,2.0,129.0,248.0,18.0,230.0,123.0,110.0,170.0,8.0,107.0,10.0,23.0,5.0,20.0,15.0,108.0,130.0,200.0,212.0,2.0,0.0,1.0,0.0,1.0,0.0,0.0,0.0,0.0,70.0,0.0,20.0,9.0,34.0,1.0,6.0,0.0,0.0,1.0,69.0,0.0,0.0,0.0,0.0,0.0,0.0,0.0,0.0,0.0,0.0,0.0,0.0,0.0,2.0,1.0,0.0,0.0,0.0,2.0,1.0,3.0,2.0,3.0,13.0,5.0,5.0,8.0,14.0,16.0,11.0,0.0,0.0,0.0,0.0,0.0,0.0,0.0,0.0,0.0,0.0,0.0,0.0,0.0,8.0,2.0,0.0,0.0,0.0,2.0,1.0,3.0,2.0,3.0,15.0,6.0,10.0,9.0,22.0,20.0,15.0
701,1.0,701.0,London_303,cons,151,453,1092.0,70.0,2.0,149490.0,1.0343095874413848,787.0,95.0,3.0,92.0,173.0,24.0,149.0,130.0,113.0,180.0,15.0,90.0,9.0,24.0,6.0,16.0,15.0,117.0,129.0,192.0,211.0,6.0,0.0,5.0,0.0,1.0,0.0,0.0,0.0,0.0,34.0,1.0,15.0,1.0,15.0,0.0,2.0,0.0,0.0,3.0,31.0,0.0,0.0,0.0,0.0,0.0,0.0,0.0,0.0,0.0,0.0,0.0,0.0,0.0,0.0,1.0,0.0,0.0,0.0,5.0,4.0,0.0,0.0,6.0,12.0,1.0,4.0,6.0,13.0,8.0,13.0,0.0,0.0,0.0,0.0,0.0,0.0,0.0,0.0,0.0,0.0,0.0,0.0,0.0,0.0,1.0,0.0,0.0,0.0,5.0,4.0,0.0,0.0,6.0,14.0,1.0,4.0,8.0,16.0,14.0,15.0
702,1.0,702.0,London_303,cons,151,453,1092.0,70.0,2.0,138618.0,1.0523974318057299,763.0,155.0,0.0,155.0,265.0,0.0,265.0,122.0,116.0,164.0,12.0,94.0,12.0,32.0,6.0,17.0,14.0,119.0,130.0,190.0,201.0,4.0,0.0,1.0,0.0,0.0,0.0,0.0,0.0,3.0,87.0,1.0,46.0,5.0,28.0,0.0,3.0,0.0,4.0,0.0,87.0,0.0,0.0,0.0,0.0,0.0,0.0,0.0,0.0,0.0,0.0,0.0,0.0,0.0,0.0,0.0,0.0,0.0,0.0,2.0,1.0,1.0,1.0,6.0,11.0,5.0,3.0,5.0,21.0,15.0,19.0,0.0,0.0,0.0,0.0,0.0,0.0,0.0,0.0,0.0,0.0,0.0,0.0,0.0,0.0,0.0,0.0,0.0,0.0,2.0,1.0,1.0,1.0,6.0,13.0,6.0,3.0,8.0,27.0,19.0,20.0
703,1.0,703.0,London_303,cons,151,453,1092.0,70.0,2.0,93318.0,0.5917283962480724,663.0,25.0,0.0,25.0,41.0,0.0,41.0,142.0,124.0,182.0,11.0,87.0,7.0,23.0,6.0,13.0,14.0,116.0,134.0,189.0,200.0,4.0,1.0,2.0,0.0,0.0,0.0,1.0,0.0,0.0,3.0,0.0,0.0,1.0,1.0,0.0,1.0,0.0,0.0,0.0,3.0,0.0,0.0,0.0,0.0,0.0,0.0,0.0,0.0,0.0,0.0,0.0,0.0,0.0,0.0,0.0,0.0,0.0,0.0,1.0,2.0,2.0,0.0,0.0,5.0,1.0,5.0,6.0,3.0,7.0,5.0,0.0,0.0,0.0,0.0,0.0,0.0,0.0,0.0,0.0,0.0,0.0,0.0,0.0,0.0,0.0,0.0,0.0,0.0,1.0,2.0,2.0,0.0,0.0,6.0,1.0,7.0,6.0,3.0,10.0,5.0
704,1.0,704.0,London_303,cons,151,453,1092.0,70.0,2.0,109173.0,0.686930778902024,698.0,44.0,0.0,44.0,83.0,0.0,83.0,40.0,125.0,177.0,9.0,91.0,7.0,25.0,6.0,13.0,14.0,119.0,134.0,186.0,200.0,0.0,0.0,0.0,0.0,0.0,0.0,0.0,0.0,0.0,15.0,0.0,9.0,2.0,0.0,0.0,1.0,0.0,3.0,0.0,15.0,0.0,0.0,0.0,0.0,0.0,0.0,0.0,0.0,0.0,0.0,0.0,0.0,0.0,0.0,0.0,0.0,0.0,0.0,1.0,3.0,1.0,0.0,2.0,4.0,3.0,4.0,5.0,10.0,6.0,7.0,0.0,0.0,0.0,0.0,0.0,0.0,0.0,0.0,0.0,0.0,0.0,0.0,0.0,0.0,0.0,0.0,0.0,0.0,1.0,5.0,1.0,0.0,2.0,4.0,6.0,5.0,5.0,14.0,8.0,10.0
705,1.0,705.0,London_303,cons,151,453,1092.0,70.0,2.0,124122.0,0.6974994330666959,731.0,14.0,2.0,12.0,36.0,18.0,18.0,58.0,125.0,171.0,7.0,93.0,8.0,26.0,7.0,16.0,16.0,117.0,141.0,179.0,210.0,3.0,2.0,1.0,0.0,0.0,0.0,0.0,0.0,0.0,4.0,0.0,0.0,1.0,0.0,0.0,3.0,0.0,0.0,2.0,2.0,0.0,0.0,0.0,0.0,0.0,0.0,0.0,0.0,0.0,0.0,0.0,1.0,0.0,0.0,1.0,0.0,0.0,0.0,0.0,1.0,1.0,0.0,0.0,1.0,0.0,2.0,3.0,2.0,1.0,4.0,0.0,0.0,0.0,0.0,0.0,0.0,0.0,0.0,0.0,0.0,0.0,1.0,0.0,0.0,2.0,0.0,0.0,0.0,0.0,2.0,1.0,0.0,0.0,1.0,0.0,4.0,5.0,3.0,1.0,5.0
706,1.0,706.0,London_303,cons,151,453,1092.0,70.0,2.0,154473.0,1.3555591716431081,798.0,121.0,0.0,121.0,213.0,0.0,213.0,26.0,123.0,176.0,8.0,95.0,6.0,21.0,8.0,16.0,17.0,119.0,138.0,179.0,211.0,6.0,0.0,5.0,0.0,1.0,0.0,0.0,0.0,0.0,70.0,1.0,22.0,12.0,29.0,0.0,2.0,1.0,3.0,0.0,70.0,0.0,0.0,0.0,0.0,0.0,0.0,0.0,0.0,0.0,0.0,0.0,0.0,0.0,0.0,0.0,0.0,0.0,0.0,2.0,0.0,2.0,2.0,5.0,2.0,7.0,5.0,2.0,9.0,12.0,16.0,0.0,0.0,0.0,0.0,0.0,0.0,0.0,0.0,0.0,0.0,0.0,0.0,0.0,0.0,0.0,0.0,0.0,0.0,2.0,0.0,2.0,3.0,5.0,3.0,9.0,6.0,3.0,12.0,14.0,21.0
707,1.0,707.0,London_303,cons,151,453,1092.0,70.0,2.0,133635.0,0.8998518632724881,752.0,75.0,2.0,73.0,147.0,17.0,130.0,100.0,127.0,178.0,5.0,88.0,9.0,26.0,6.0,14.0,17.0,118.0,139.0,179.0,208.0,8.0,0.0,7.0,0.0,1.0,0.0,0.0,0.0,0.0,33.0,1.0,12.0,6.0,7.0,0.0,5.0,0.0,2.0,2.0,31.0,0.0,0.0,0.0,0.0,0.0,0.0,0.0,0.0,0.0,0.0,0.0,0.0,0.0,1.0,0.0,0.0,0.0,0.0,0.0,6.0,1.0,1.0,5.0,6.0,4.0,4.0,2.0,7.0,11.0,9.0,0.0,0.0,0.0,0.0,0.0,0.0,0.0,0.0,0.0,0.0,0.0,0.0,0.0,2.0,0.0,0.0,0.0,0.0,0.0,11.0,1.0,1.0,5.0,6.0,7.0,5.0,2.0,13.0,14.0,11.0
708,1.0,708.0,London_303,cons,151,453,1092.0,70.0,2.0,152661.0,1.0435930853709579,794.0,49.0,2.0,47.0,99.0,21.0,78.0,99.0,123.0,180.0,10.0,89.0,6.0,28.0,6.0,11.0,17.0,114.0,143.0,179.0,208.0,1.0,0.0,1.0,0.0,0.0,0.0,0.0,0.0,0.0,17.0,0.0,3.0,0.0,7.0,1.0,3.0,0.0,3.0,2.0,15.0,0.0,0.0,0.0,0.0,0.0,0.0,0.0,0.0,0.0,0.0,0.0,0.0,1.0,0.0,1.0,0.0,0.0,0.0,0.0,1.0,3.0,0.0,4.0,1.0,2.0,5.0,4.0,9.0,8.0,10.0,0.0,0.0,0.0,0.0,0.0,0.0,0.0,0.0,0.0,0.0,0.0,0.0,2.0,0.0,1.0,0.0,0.0,0.0,0.0,1.0,3.0,0.0,4.0,1.0,4.0,6.0,6.0,13.0,10.0,13.0
709,1.0,709.0,London_303,cons,151,453,1092.0,70.0,2.0,176670.0,2.133665972854942,847.0,128.0,2.0,126.0,227.0,17.0,210.0,64.0,125.0,178.0,15.0,84.0,7.0,25.0,6.0,13.0,18.0,115.0,144.0,176.0,208.0,4.0,0.0,4.0,0.0,0.0,0.0,0.0,0.0,0.0,73.0,0.0,30.0,4.0,29.0,1.0,4.0,0.0,5.0,1.0,72.0,0.0,0.0,0.0,0.0,0.0,0.0,0.0,0.0,0.0,0.0,0.0,0.0,0.0,0.0,1.0,0.0,0.0,0.0,8.0,2.0,0.0,0.0,5.0,4.0,4.0,0.0,3.0,25.0,9.0,15.0,0.0,0.0,0.0,0.0,0.0,0.0,0.0,0.0,0.0,0.0,0.0,0.0,0.0,0.0,4.0,0.0,0.0,0.0,8.0,2.0,0.0,0.0,5.0,4.0,4.0,0.0,4.0,38.0,11.0,17.0
710,1.0,710.0,London_303,cons,151,453,1092.0,70.0,2.0,150396.0,1.085956197232008,789.0,89.0,0.0,89.0,158.0,0.0,158.0,115.0,127.0,181.0,11.0,80.0,10.0,25.0,7.0,12.0,16.0,119.0,129.0,189.0,206.0,3.0,1.0,2.0,0.0,0.0,0.0,0.0,0.0,0.0,45.0,0.0,16.0,1.0,18.0,0.0,5.0,0.0,5.0,0.0,45.0,0.0,0.0,0.0,0.0,0.0,0.0,0.0,0.0,0.0,0.0,0.0,0.0,0.0,0.0,0.0,0.0,0.0,0.0,4.0,8.0,7.0,0.0,1.0,12.0,6.0,0.0,10.0,14.0,11.0,16.0,0.0,0.0,0.0,0.0,0.0,0.0,0.0,0.0,0.0,0.0,0.0,0.0,0.0,0.0,0.0,0.0,0.0,0.0,6.0,8.0,8.0,0.0,1.0,12.0,8.0,0.0,12.0,16.0,17.0,18.0
711,1.0,711.0,London_303,cons,151,453,1092.0,70.0,2.0,151755.0,1.0501116318628192,792.0,64.0,0.0,64.0,122.0,0.0,122.0,88.0,131.0,165.0,9.0,87.0,13.0,31.0,5.0,12.0,17.0,117.0,136.0,183.0,207.0,8.0,1.0,3.0,0.0,3.0,0.0,0.0,0.0,1.0,34.0,0.0,11.0,3.0,14.0,1.0,2.0,2.0,1.0,0.0,34.0,0.0,0.0,0.0,0.0,0.0,0.0,0.0,0.0,0.0,0.0,0.0,0.0,0.0,0.0,0.0,0.0,0.0,0.0,1.0,4.0,0.0,1.0,4.0,6.0,2.0,2.0,2.0,11.0,16.0,16.0,0.0,0.0,0.0,0.0,0.0,0.0,0.0,0.0,0.0,0.0,0.0,0.0,0.0,0.0,0.0,0.0,0.0,0.0,2.0,4.0,0.0,1.0,5.0,6.0,2.0,2.0,2.0,19.0,20.0,19.0
712,1.0,712.0,London_303,cons,151,453,1092.0,70.0,2.0,159003.0,1.1041473029181361,808.0,24.0,0.0,24.0,47.0,0.0,47.0,75.0,129.0,170.0,11.0,74.0,14.0,38.0,5.0,12.0,18.0,116.0,136.0,183.0,206.0,1.0,0.0,1.0,0.0,0.0,0.0,0.0,0.0,0.0,10.0,0.0,1.0,1.0,7.0,0.0,0.0,0.0,1.0,0.0,10.0,0.0,0.0,0.0,0.0,0.0,0.0,0.0,0.0,0.0,0.0,0.0,0.0,0.0,0.0,0.0,0.0,0.0,0.0,2.0,1.0,1.0,1.0,3.0,3.0,2.0,1.0,1.0,2.0,9.0,6.0,0.0,0.0,0.0,0.0,0.0,0.0,0.0,0.0,0.0,0.0,0.0,0.0,0.0,0.0,0.0,0.0,0.0,0.0,2.0,1.0,1.0,1.0,3.0,4.0,3.0,2.0,1.0,4.0,13.0,6.0
713,1.0,713.0,London_303,cons,151,453,1092.0,70.0,2.0,187089.0,1.176873633172363,870.0,150.0,0.0,150.0,254.0,0.0,254.0,32.0,126.0,177.0,10.0,67.0,15.0,42.0,5.0,11.0,18.0,117.0,141.0,177.0,208.0,6.0,0.0,5.0,0.0,0.0,0.0,0.0,0.0,1.0,96.0,0.0,23.0,11.0,50.0,0.0,6.0,1.0,5.0,0.0,96.0,0.0,0.0,0.0,0.0,0.0,0.0,0.0,0.0,0.0,0.0,0.0,0.0,0.0,0.0,0.0,0.0,0.0,0.0,1.0,2.0,1.0,0.0,5.0,11.0,3.0,1.0,5.0,14.0,15.0,13.0,0.0,0.0,0.0,0.0,0.0,0.0,0.0,0.0,0.0,0.0,0.0,0.0,0.0,0.0,0.0,0.0,0.0,0.0,1.0,2.0,1.0,0.0,5.0,15.0,4.0,1.0,5.0,20.0,18.0,14.0
714,1.0,714.0,London_303,cons,151,453,1092.0,70.0,2.0,153567.0,1.088878660928458,796.0,110.0,1.0,109.0,205.0,9.0,196.0,107.0,126.0,180.0,8.0,75.0,13.0,39.0,1.0,11.0,17.0,109.0,143.0,184.0,208.0,9.0,1.0,6.0,0.0,2.0,0.0,0.0,0.0,0.0,71.0,1.0,13.0,3.0,45.0,0.0,1.0,4.0,4.0,1.0,70.0,0.0,0.0,0.0,0.0,0.0,0.0,0.0,0.0,0.0,0.0,0.0,0.0,1.0,0.0,0.0,0.0,0.0,0.0,1.0,7.0,4.0,1.0,3.0,8.0,7.0,2.0,4.0,9.0,12.0,3.0,0.0,0.0,0.0,0.0,0.0,0.0,0.0,0.0,0.0,0.0,0.0,0.0,1.0,0.0,0.0,0.0,0.0,0.0,2.0,9.0,4.0,1.0,4.0,10.0,9.0,2.0,4.0,13.0,18.0,3.0
715,1.0,715.0,London_303,cons,151,453,1092.0,70.0,2.0,141789.0,0.9424412227235734,770.0,99.0,2.0,97.0,182.0,19.0,163.0,92.0,129.0,168.0,13.0,76.0,14.0,42.0,0.0,11.0,17.0,111.0,150.0,175.0,201.0,1.0,0.0,0.0,0.0,1.0,0.0,0.0,0.0,0.0,52.0,1.0,9.0,3.0,31.0,0.0,4.0,1.0,3.0,2.0,50.0,0.0,0.0,0.0,0.0,0.0,0.0,0.0,0.0,0.0,0.0,0.0,0.0,0.0,0.0,2.0,0.0,0.0,0.0,1.0,2.0,3.0,1.0,2.0,6.0,5.0,1.0,9.0,7.0,12.0,12.0,0.0,0.0,0.0,0.0,0.0,0.0,0.0,0.0,0.0,0.0,0.0,0.0,0.0,0.0,5.0,0.0,0.0,0.0,1.0,3.0,3.0,2.0,2.0,7.0,6.0,1.0,10.0,10.0,17.0,15.0
716,1.0,716.0,London_303,cons,151,453,1092.0,70.0,2.0,126387.0,0.6473150588572025,736.0,11.0,2.0,9.0,36.0,18.0,18.0,92.0,131.0,171.0,14.0,75.0,9.0,43.0,0.0,10.0,18.0,116.0,144.0,175.0,206.0,2.0,1.0,1.0,0.0,0.0,0.0,0.0,0.0,0.0,3.0,0.0,0.0,0.0,1.0,0.0,2.0,0.0,0.0,2.0,1.0,0.0,0.0,0.0,0.0,0.0,0.0,0.0,0.0,0.0,0.0,0.0,0.0,0.0,0.0,1.0,0.0,0.0,0.0,3.0,0.0,0.0,0.0,1.0,2.0,0.0,2.0,2.0,3.0,2.0,4.0,0.0,0.0,0.0,0.0,0.0,0.0,0.0,0.0,0.0,0.0,0.0,0.0,0.0,0.0,4.0,0.0,0.0,0.0,3.0,0.0,0.0,0.0,2.0,3.0,0.0,2.0,3.0,6.0,3.0,4.0
717,1.0,717.0,London_303,cons,151,453,1092.0,70.0,2.0,154926.0,0.9327149810269475,799.0,150.0,1.0,149.0,251.0,9.0,242.0,24.0,136.0,170.0,15.0,72.0,9.0,41.0,0.0,10.0,18.0,118.0,143.0,174.0,203.0,0.0,0.0,0.0,0.0,0.0,0.0,0.0,0.0,0.0,93.0,0.0,28.0,10.0,50.0,1.0,2.0,1.0,1.0,0.0,93.0,0.0,0.0,0.0,0.0,0.0,0.0,0.0,0.0,0.0,0.0,0.0,0.0,0.0,0.0,0.0,0.0,0.0,0.0,3.0,0.0,0.0,0.0,2.0,6.0,3.0,1.0,9.0,16.0,11.0,11.0,0.0,0.0,0.0,0.0,0.0,0.0,0.0,0.0,0.0,0.0,0.0,0.0,0.0,0.0,0.0,0.0,0.0,0.0,4.0,0.0,0.0,0.0,2.0,7.0,4.0,1.0,10.0,23.0,13.0,13.0
718,1.0,718.0,London_303,cons,151,453,1092.0,70.0,2.0,131823.0,0.7771850097924471,748.0,37.0,0.0,37.0,68.0,0.0,68.0,105.0,134.0,171.0,7.0,83.0,10.0,40.0,0.0,8.0,21.0,114.0,136.0,182.0,205.0,4.0,0.0,2.0,0.0,2.0,0.0,0.0,0.0,0.0,9.0,0.0,3.0,1.0,2.0,0.0,0.0,1.0,2.0,0.0,9.0,0.0,0.0,0.0,0.0,0.0,0.0,0.0,0.0,0.0,0.0,0.0,0.0,0.0,0.0,0.0,0.0,0.0,0.0,3.0,2.0,3.0,3.0,3.0,2.0,3.0,2.0,3.0,7.0,5.0,6.0,0.0,0.0,0.0,0.0,0.0,0.0,0.0,0.0,0.0,0.0,0.0,0.0,0.0,0.0,0.0,0.0,0.0,0.0,3.0,2.0,5.0,4.0,3.0,3.0,3.0,2.0,5.0,11.0,7.0,7.0
719,1.0,719.0,London_303,cons,151,453,1092.0,70.0,2.0,162174.0,1.0023866049014032,815.0,131.0,0.0,131.0,222.0,0.0,222.0,56.0,137.0,179.0,7.0,77.0,7.0,39.0,0.0,7.0,22.0,108.0,138.0,185.0,208.0,4.0,0.0,1.0,0.0,3.0,0.0,0.0,0.0,0.0,86.0,1.0,31.0,9.0,38.0,0.0,6.0,0.0,1.0,0.0,86.0,0.0,0.0,0.0,0.0,0.0,0.0,0.0,0.0,0.0,0.0,0.0,0.0,0.0,0.0,0.0,0.0,0.0,0.0,2.0,1.0,1.0,2.0,3.0,8.0,7.0,0.0,2.0,14.0,12.0,7.0,0.0,0.0,0.0,0.0,0.0,0.0,0.0,0.0,0.0,0.0,0.0,0.0,0.0,0.0,0.0,0.0,0.0,0.0,2.0,1.0,1.0,2.0,4.0,10.0,9.0,0.0,4.0,19.0,12.0,9.0
720,1.0,720.0,London_303,cons,151,453,1092.0,70.0,2.0,138618.0,0.7922066519968212,763.0,56.0,0.0,56.0,90.0,0.0,90.0,92.0,146.0,173.0,10.0,71.0,8.0,35.0,1.0,9.0,23.0,112.0,135.0,183.0,213.0,3.0,1.0,2.0,0.0,0.0,0.0,0.0,0.0,0.0,24.0,1.0,3.0,0.0,11.0,1.0,4.0,1.0,3.0,0.0,24.0,0.0,0.0,0.0,0.0,0.0,0.0,0.0,0.0,0.0,0.0,0.0,0.0,0.0,0.0,0.0,0.0,0.0,0.0,0.0,6.0,0.0,1.0,5.0,7.0,1.0,2.0,7.0,3.0,6.0,4.0,0.0,0.0,0.0,0.0,0.0,0.0,0.0,0.0,0.0,0.0,0.0,0.0,0.0,0.0,0.0,0.0,0.0,0.0,0.0,7.0,0.0,1.0,6.0,9.0,2.0,2.0,9.0,3.0,8.0,6.0
721,1.0,721.0,London_303,cons,151,453,1092.0,70.0,2.0,148584.0,0.945742498151958,785.0,4.0,0.0,4.0,7.0,0.0,7.0,61.0,153.0,160.0,14.0,72.0,7.0,37.0,1.0,9.0,23.0,114.0,137.0,179.0,210.0,11.0,1.0,8.0,0.0,1.0,0.0,1.0,0.0,0.0,1.0,0.0,1.0,0.0,0.0,0.0,0.0,0.0,0.0,0.0,1.0,0.0,0.0,0.0,0.0,0.0,0.0,0.0,0.0,0.0,0.0,0.0,0.0,0.0,0.0,0.0,0.0,0.0,0.0,0.0,1.0,1.0,0.0,1.0,1.0,0.0,1.0,0.0,1.0,2.0,0.0,0.0,0.0,0.0,0.0,0.0,0.0,0.0,0.0,0.0,0.0,0.0,0.0,0.0,0.0,0.0,0.0,0.0,0.0,0.0,1.0,1.0,0.0,1.0,2.0,0.0,2.0,0.0,2.0,3.0,0.0
722,1.0,722.0,London_303,cons,151,453,1092.0,70.0,2.0,196149.0,1.2762707499787211,890.0,91.0,2.0,89.0,155.0,17.0,138.0,16.0,155.0,155.0,15.0,72.0,10.0,36.0,1.0,9.0,23.0,118.0,140.0,172.0,205.0,8.0,2.0,4.0,0.0,1.0,0.0,1.0,0.0,0.0,57.0,0.0,20.0,1.0,25.0,1.0,8.0,0.0,2.0,2.0,55.0,0.0,0.0,0.0,0.0,0.0,0.0,0.0,0.0,0.0,0.0,0.0,0.0,0.0,1.0,0.0,0.0,0.0,0.0,0.0,2.0,1.0,1.0,5.0,9.0,2.0,1.0,6.0,11.0,6.0,7.0,0.0,0.0,0.0,0.0,0.0,0.0,0.0,0.0,0.0,0.0,0.0,0.0,0.0,2.0,0.0,0.0,0.0,0.0,0.0,4.0,1.0,2.0,6.0,12.0,2.0,2.0,11.0,14.0,11.0,8.0
723,1.0,723.0,London_303,cons,151,453,1092.0,70.0,2.0,198414.0,1.4865132700651884,895.0,175.0,0.0,175.0,316.0,0.0,316.0,84.0,152.0,159.0,9.0,83.0,9.0,28.0,1.0,12.0,22.0,111.0,140.0,180.0,205.0,3.0,0.0,1.0,0.0,1.0,0.0,1.0,0.0,0.0,125.0,1.0,46.0,13.0,52.0,0.0,10.0,1.0,2.0,0.0,125.0,0.0,0.0,0.0,0.0,0.0,0.0,0.0,0.0,0.0,0.0,0.0,0.0,0.0,0.0,0.0,0.0,0.0,0.0,1.0,1.0,2.0,0.0,5.0,5.0,3.0,2.0,8.0,12.0,13.0,12.0,0.0,0.0,0.0,0.0,0.0,0.0,0.0,0.0,0.0,0.0,0.0,0.0,0.0,0.0,0.0,0.0,0.0,0.0,1.0,1.0,2.0,0.0,5.0,7.0,3.0,2.0,9.0,16.0,16.0,12.0
724,1.0,724.0,London_303,cons,151,453,1092.0,70.0,2.0,155832.0,1.283120912965387,801.0,76.0,0.0,76.0,131.0,0.0,131.0,107.0,151.0,164.0,6.0,78.0,8.0,35.0,0.0,11.0,23.0,99.0,143.0,188.0,205.0,10.0,2.0,6.0,0.0,1.0,0.0,0.0,0.0,1.0,43.0,0.0,21.0,4.0,11.0,3.0,1.0,0.0,3.0,0.0,43.0,0.0,0.0,0.0,0.0,0.0,0.0,0.0,0.0,0.0,0.0,0.0,0.0,0.0,0.0,0.0,0.0,0.0,0.0,1.0,2.0,5.0,0.0,1.0,7.0,2.0,1.0,7.0,15.0,9.0,11.0,0.0,0.0,0.0,0.0,0.0,0.0,0.0,0.0,0.0,0.0,0.0,0.0,0.0,0.0,0.0,0.0,0.0,0.0,1.0,2.0,5.0,0.0,1.0,9.0,2.0,1.0,9.0,21.0,10.0,14.0
725,1.0,725.0,London_303,cons,151,453,1092.0,70.0,2.0,154020.0,1.0930007896386087,797.0,76.0,1.0,75.0,133.0,8.0,125.0,79.0,149.0,164.0,8.0,74.0,6.0,41.0,0.0,11.0,23.0,101.0,149.0,180.0,203.0,1.0,1.0,0.0,0.0,0.0,0.0,0.0,0.0,0.0,35.0,1.0,10.0,2.0,17.0,0.0,3.0,1.0,1.0,1.0,34.0,0.0,0.0,0.0,0.0,0.0,0.0,0.0,0.0,0.0,0.0,0.0,0.0,0.0,0.0,1.0,0.0,0.0,0.0,3.0,1.0,2.0,1.0,3.0,4.0,3.0,4.0,5.0,9.0,12.0,8.0,0.0,0.0,0.0,0.0,0.0,0.0,0.0,0.0,0.0,0.0,0.0,0.0,0.0,0.0,4.0,0.0,0.0,0.0,4.0,1.0,2.0,1.0,3.0,4.0,3.0,5.0,6.0,13.0,15.0,10.0
726,1.0,726.0,London_303,cons,151,453,1092.0,70.0,2.0,158550.0,1.0566502758301795,807.0,105.0,2.0,103.0,194.0,17.0,177.0,76.0,152.0,156.0,5.0,82.0,7.0,39.0,0.0,12.0,23.0,102.0,146.0,182.0,202.0,0.0,0.0,0.0,0.0,0.0,0.0,0.0,0.0,0.0,66.0,2.0,26.0,5.0,27.0,0.0,2.0,0.0,4.0,1.0,65.0,0.0,0.0,0.0,0.0,0.0,0.0,0.0,0.0,0.0,0.0,0.0,0.0,0.0,1.0,2.0,0.0,0.0,0.0,2.0,3.0,1.0,1.0,1.0,2.0,2.0,3.0,2.0,10.0,10.0,14.0,0.0,0.0,0.0,0.0,0.0,0.0,0.0,0.0,0.0,0.0,0.0,0.0,0.0,4.0,8.0,0.0,0.0,0.0,2.0,3.0,1.0,3.0,1.0,3.0,3.0,4.0,2.0,15.0,13.0,17.0
727,1.0,727.0,London_303,cons,151,453,1092.0,70.0,2.0,145413.0,0.9136112690903246,778.0,68.0,2.0,66.0,124.0,18.0,106.0,90.0,155.0,157.0,8.0,74.0,9.0,37.0,1.0,12.0,19.0,104.0,138.0,192.0,191.0,1.0,0.0,1.0,0.0,0.0,0.0,0.0,0.0,0.0,26.0,1.0,7.0,1.0,13.0,0.0,1.0,1.0,2.0,1.0,25.0,0.0,0.0,0.0,0.0,0.0,0.0,0.0,0.0,0.0,1.0,0.0,0.0,0.0,1.0,0.0,0.0,0.0,0.0,2.0,1.0,1.0,0.0,1.0,6.0,3.0,3.0,5.0,9.0,6.0,7.0,0.0,0.0,0.0,0.0,0.0,0.0,0.0,0.0,0.0,1.0,0.0,0.0,0.0,7.0,0.0,0.0,0.0,0.0,2.0,1.0,1.0,0.0,2.0,6.0,3.0,3.0,7.0,11.0,8.0,11.0
728,1.0,728.0,London_303,cons,151,453,1092.0,70.0,2.0,157191.0,0.9721819502301514,804.0,100.0,0.0,100.0,168.0,0.0,168.0,77.0,162.0,159.0,11.0,75.0,6.0,27.0,1.0,12.0,19.0,111.0,143.0,180.0,190.0,7.0,1.0,5.0,0.0,1.0,0.0,0.0,0.0,0.0,52.0,1.0,18.0,2.0,19.0,0.0,8.0,2.0,2.0,0.0,52.0,0.0,0.0,0.0,0.0,0.0,0.0,0.0,0.0,0.0,0.0,0.0,0.0,0.0,0.0,0.0,0.0,0.0,0.0,1.0,4.0,5.0,0.0,3.0,12.0,3.0,1.0,6.0,14.0,9.0,13.0,0.0,0.0,0.0,0.0,0.0,0.0,0.0,0.0,0.0,0.0,0.0,0.0,0.0,0.0,0.0,0.0,0.0,0.0,2.0,4.0,5.0,0.0,4.0,16.0,3.0,1.0,7.0,20.0,13.0,15.0
729,1.0,729.0,London_303,cons,151,453,1092.0,70.0,2.0,151302.0,0.9112453241832554,791.0,105.0,2.0,103.0,193.0,22.0,171.0,91.0,166.0,159.0,4.0,76.0,2.0,31.0,1.0,14.0,21.0,107.0,148.0,177.0,195.0,5.0,1.0,1.0,0.0,3.0,0.0,0.0,0.0,0.0,59.0,0.0,14.0,5.0,30.0,1.0,5.0,0.0,4.0,2.0,57.0,0.0,0.0,0.0,0.0,0.0,0.0,0.0,0.0,0.0,0.0,0.0,1.0,0.0,0.0,0.0,0.0,0.0,0.0,0.0,3.0,3.0,1.0,2.0,6.0,4.0,2.0,13.0,12.0,11.0,12.0,0.0,0.0,0.0,0.0,0.0,0.0,0.0,0.0,0.0,0.0,0.0,1.0,0.0,0.0,0.0,0.0,0.0,0.0,0.0,3.0,3.0,2.0,3.0,8.0,4.0,3.0,17.0,14.0,15.0,12.0
730,1.0,730.0,London_303,cons,151,453,1092.0,70.0,2.0,146319.0,0.8026695931330323,780.0,28.0,0.0,28.0,52.0,0.0,52.0,94.0,171.0,147.0,16.0,69.0,4.0,31.0,1.0,14.0,16.0,101.0,160.0,176.0,190.0,8.0,2.0,6.0,0.0,0.0,0.0,0.0,0.0,0.0,14.0,0.0,3.0,3.0,6.0,0.0,0.0,1.0,1.0,0.0,14.0,0.0,0.0,0.0,0.0,0.0,0.0,0.0,0.0,0.0,0.0,0.0,0.0,0.0,0.0,0.0,0.0,0.0,0.0,3.0,0.0,1.0,1.0,3.0,1.0,1.0,2.0,5.0,5.0,5.0,3.0,0.0,0.0,0.0,0.0,0.0,0.0,0.0,0.0,0.0,0.0,0.0,0.0,0.0,0.0,0.0,0.0,0.0,0.0,3.0,0.0,1.0,1.0,3.0,1.0,1.0,2.0,5.0,6.0,7.0,3.0
731,1.0,731.0,London_303,cons,151,453,1092.0,70.0,2.0,168063.0,1.132581084035337,828.0,67.0,0.0,67.0,114.0,0.0,114.0,41.0,172.0,146.0,12.0,73.0,4.0,32.0,0.0,14.0,15.0,97.0,169.0,172.0,185.0,0.0,0.0,0.0,0.0,0.0,0.0,0.0,0.0,0.0,38.0,0.0,20.0,4.0,12.0,0.0,0.0,1.0,1.0,0.0,38.0,0.0,0.0,0.0,0.0,0.0,0.0,0.0,0.0,0.0,0.0,0.0,0.0,0.0,0.0,0.0,0.0,0.0,0.0,2.0,2.0,2.0,1.0,1.0,4.0,4.0,4.0,0.0,7.0,8.0,10.0,0.0,0.0,0.0,0.0,0.0,0.0,0.0,0.0,0.0,0.0,0.0,0.0,0.0,0.0,0.0,0.0,0.0,0.0,2.0,4.0,2.0,1.0,1.0,5.0,5.0,4.0,0.0,9.0,10.0,11.0
732,1.0,732.0,London_303,cons,151,453,1092.0,70.0,2.0,188901.0,1.4995181979611516,874.0,119.0,2.0,117.0,207.0,19.0,188.0,62.0,174.0,133.0,17.0,75.0,6.0,34.0,0.0,14.0,16.0,95.0,171.0,171.0,188.0,1.0,1.0,0.0,0.0,0.0,0.0,0.0,0.0,0.0,77.0,3.0,38.0,1.0,23.0,0.0,5.0,1.0,6.0,2.0,75.0,0.0,0.0,0.0,0.0,0.0,0.0,0.0,0.0,0.0,0.0,0.0,1.0,0.0,0.0,1.0,0.0,0.0,0.0,1.0,1.0,4.0,1.0,3.0,4.0,2.0,4.0,5.0,17.0,9.0,11.0,0.0,0.0,0.0,0.0,0.0,0.0,0.0,0.0,0.0,0.0,0.0,2.0,0.0,0.0,1.0,0.0,0.0,0.0,1.0,2.0,4.0,1.0,3.0,4.0,2.0,4.0,7.0,18.0,11.0,13.0
733,1.0,733.0,London_303,cons,151,453,1092.0,70.0,2.0,177576.0,1.0892073530703783,849.0,100.0,2.0,98.0,197.0,17.0,180.0,73.0,171.0,146.0,19.0,70.0,6.0,29.0,0.0,12.0,14.0,108.0,164.0,167.0,188.0,1.0,0.0,0.0,0.0,0.0,0.0,0.0,0.0,1.0,57.0,2.0,15.0,4.0,25.0,1.0,7.0,1.0,2.0,2.0,55.0,0.0,0.0,0.0,0.0,0.0,0.0,0.0,0.0,0.0,0.0,0.0,1.0,0.0,1.0,1.0,0.0,0.0,0.0,3.0,2.0,0.0,3.0,2.0,4.0,2.0,2.0,3.0,12.0,13.0,7.0,0.0,0.0,0.0,0.0,0.0,0.0,0.0,0.0,0.0,0.0,0.0,2.0,0.0,6.0,3.0,0.0,0.0,0.0,4.0,2.0,0.0,5.0,2.0,4.0,3.0,2.0,5.0,17.0,16.0,13.0
734,1.0,734.0,London_303,cons,151,453,1092.0,70.0,2.0,168516.0,0.9766072127968073,829.0,75.0,0.0,75.0,126.0,0.0,126.0,97.0,168.0,141.0,13.0,84.0,4.0,32.0,1.0,10.0,13.0,107.0,153.0,180.0,175.0,7.0,1.0,5.0,0.0,1.0,0.0,0.0,0.0,0.0,36.0,0.0,12.0,5.0,14.0,2.0,2.0,1.0,0.0,0.0,36.0,0.0,0.0,0.0,0.0,0.0,0.0,0.0,0.0,0.0,0.0,0.0,0.0,0.0,0.0,0.0,0.0,0.0,0.0,1.0,3.0,1.0,0.0,1.0,4.0,2.0,6.0,3.0,14.0,7.0,13.0,0.0,0.0,0.0,0.0,0.0,0.0,0.0,0.0,0.0,0.0,0.0,0.0,0.0,0.0,0.0,0.0,0.0,0.0,1.0,3.0,2.0,0.0,1.0,5.0,2.0,6.0,4.0,16.0,8.0,15.0
735,1.0,735.0,London_303,cons,151,453,1092.0,70.0,2.0,167610.0,1.025346253067255,827.0,133.0,0.0,133.0,226.0,0.0,226.0,82.0,171.0,147.0,5.0,79.0,5.0,36.0,0.0,10.0,13.0,112.0,151.0,177.0,181.0,7.0,3.0,2.0,0.0,2.0,0.0,0.0,0.0,0.0,78.0,1.0,26.0,14.0,29.0,1.0,3.0,2.0,2.0,0.0,78.0,0.0,0.0,0.0,0.0,0.0,0.0,0.0,0.0,0.0,0.0,0.0,0.0,0.0,0.0,0.0,0.0,0.0,0.0,2.0,1.0,4.0,0.0,3.0,4.0,6.0,3.0,4.0,13.0,18.0,18.0,0.0,0.0,0.0,0.0,0.0,0.0,0.0,0.0,0.0,0.0,0.0,0.0,0.0,0.0,0.0,0.0,0.0,0.0,2.0,1.0,4.0,0.0,3.0,5.0,7.0,4.0,4.0,20.0,21.0,27.0
736,1.0,736.0,London_303,cons,151,453,1092.0,70.0,2.0,147678.0,0.8959811828099191,783.0,118.0,0.0,118.0,205.0,0.0,205.0,115.0,158.0,148.0,9.0,81.0,8.0,35.0,1.0,13.0,14.0,107.0,150.0,182.0,187.0,9.0,3.0,6.0,0.0,0.0,0.0,0.0,0.0,0.0,66.0,0.0,25.0,1.0,33.0,0.0,3.0,1.0,3.0,0.0,66.0,0.0,0.0,0.0,0.0,0.0,0.0,0.0,0.0,0.0,0.0,0.0,0.0,0.0,0.0,0.0,0.0,0.0,0.0,6.0,1.0,0.0,0.0,4.0,8.0,1.0,4.0,6.0,14.0,13.0,12.0,0.0,0.0,0.0,0.0,0.0,0.0,0.0,0.0,0.0,0.0,0.0,0.0,0.0,0.0,0.0,0.0,0.0,0.0,6.0,1.0,0.0,0.0,4.0,10.0,1.0,6.0,9.0,14.0,17.0,14.0
737,1.0,737.0,London_303,cons,151,453,1092.0,70.0,2.0,134994.0,0.752378610894084,755.0,16.0,2.0,14.0,43.0,19.0,24.0,98.0,150.0,152.0,8.0,81.0,8.0,36.0,5.0,13.0,15.0,99.0,150.0,189.0,183.0,7.0,1.0,4.0,0.0,1.0,0.0,0.0,0.0,1.0,7.0,0.0,0.0,1.0,4.0,0.0,1.0,0.0,1.0,1.0,6.0,0.0,0.0,0.0,0.0,0.0,0.0,0.0,0.0,0.0,0.0,0.0,0.0,0.0,0.0,0.0,0.0,0.0,0.0,0.0,0.0,0.0,0.0,0.0,1.0,3.0,1.0,2.0,2.0,3.0,4.0,0.0,0.0,0.0,0.0,0.0,0.0,0.0,0.0,0.0,0.0,0.0,0.0,0.0,0.0,0.0,0.0,0.0,0.0,0.0,0.0,0.0,0.0,0.0,1.0,3.0,1.0,2.0,3.0,3.0,4.0
738,1.0,738.0,London_303,cons,151,453,1092.0,70.0,2.0,158550.0,1.0255700941197574,807.0,136.0,2.0,134.0,260.0,18.0,242.0,36.0,152.0,157.0,10.0,83.0,5.0,30.0,5.0,11.0,16.0,103.0,146.0,188.0,180.0,2.0,0.0,2.0,0.0,0.0,0.0,0.0,0.0,0.0,83.0,2.0,36.0,5.0,23.0,1.0,10.0,1.0,5.0,2.0,81.0,0.0,0.0,0.0,0.0,0.0,0.0,0.0,0.0,0.0,0.0,0.0,0.0,0.0,1.0,0.0,0.0,0.0,0.0,2.0,1.0,2.0,1.0,5.0,9.0,3.0,5.0,5.0,18.0,12.0,15.0,0.0,0.0,0.0,0.0,0.0,0.0,0.0,0.0,0.0,0.0,0.0,0.0,0.0,1.0,0.0,0.0,0.0,0.0,2.0,1.0,2.0,1.0,5.0,10.0,3.0,6.0,6.0,22.0,13.0,19.0
739,1.0,739.0,London_303,cons,151,453,1092.0,70.0,2.0,130464.0,0.7326034428551793,745.0,76.0,2.0,74.0,135.0,15.0,120.0,110.0,154.0,162.0,8.0,80.0,4.0,32.0,3.0,10.0,18.0,102.0,158.0,175.0,191.0,3.0,1.0,2.0,0.0,0.0,0.0,0.0,0.0,0.0,38.0,0.0,16.0,8.0,7.0,1.0,2.0,1.0,3.0,2.0,36.0,0.0,0.0,0.0,0.0,0.0,0.0,0.0,0.0,0.0,0.0,0.0,1.0,1.0,0.0,0.0,0.0,0.0,0.0,3.0,0.0,1.0,0.0,4.0,3.0,2.0,3.0,2.0,12.0,9.0,8.0,0.0,0.0,0.0,0.0,0.0,0.0,0.0,0.0,0.0,0.0,0.0,1.0,2.0,0.0,0.0,0.0,0.0,0.0,3.0,0.0,1.0,0.0,4.0,3.0,3.0,4.0,2.0,15.0,13.0,8.0
740,1.0,740.0,London_303,cons,151,453,1092.0,70.0,2.0,135900.0,0.7663905662484467,757.0,22.0,0.0,22.0,45.0,0.0,45.0,78.0,159.0,149.0,9.0,93.0,8.0,26.0,0.0,9.0,20.0,101.0,157.0,175.0,193.0,1.0,0.0,1.0,0.0,0.0,0.0,0.0,0.0,0.0,6.0,0.0,3.0,0.0,2.0,0.0,1.0,0.0,0.0,0.0,6.0,0.0,0.0,0.0,0.0,0.0,0.0,0.0,0.0,0.0,0.0,0.0,0.0,0.0,0.0,0.0,0.0,0.0,0.0,1.0,1.0,1.0,0.0,1.0,3.0,0.0,1.0,5.0,5.0,3.0,6.0,0.0,0.0,0.0,0.0,0.0,0.0,0.0,0.0,0.0,0.0,0.0,0.0,0.0,0.0,0.0,0.0,0.0,0.0,1.0,1.0,1.0,0.0,1.0,3.0,0.0,1.0,9.0,8.0,5.0,6.0
741,1.0,741.0,London_303,cons,151,453,1092.0,70.0,2.0,162627.0,0.9451660406775773,816.0,79.0,1.0,78.0,148.0,10.0,138.0,37.0,159.0,147.0,11.0,92.0,9.0,26.0,0.0,9.0,20.0,99.0,149.0,185.0,196.0,10.0,3.0,5.0,0.0,2.0,0.0,0.0,0.0,0.0,48.0,1.0,15.0,2.0,18.0,1.0,5.0,1.0,5.0,1.0,47.0,0.0,0.0,0.0,0.0,0.0,0.0,0.0,0.0,0.0,0.0,0.0,0.0,0.0,1.0,1.0,0.0,0.0,0.0,1.0,1.0,0.0,0.0,3.0,8.0,7.0,6.0,2.0,6.0,10.0,9.0,0.0,0.0,0.0,0.0,0.0,0.0,0.0,0.0,0.0,0.0,0.0,0.0,0.0,5.0,2.0,0.0,0.0,0.0,1.0,1.0,0.0,0.0,4.0,11.0,10.0,7.0,4.0,6.0,13.0,9.0
742,1.0,742.0,London_303,cons,151,453,1092.0,70.0,2.0,161721.0,0.9924881090410054,814.0,126.0,2.0,124.0,241.0,18.0,223.0,83.0,158.0,163.0,9.0,83.0,4.0,26.0,0.0,10.0,17.0,98.0,153.0,185.0,194.0,4.0,0.0,3.0,0.0,1.0,0.0,0.0,0.0,0.0,78.0,1.0,30.0,4.0,31.0,1.0,5.0,1.0,5.0,1.0,77.0,0.0,0.0,0.0,0.0,0.0,0.0,0.0,0.0,0.0,0.0,0.0,0.0,0.0,1.0,1.0,0.0,0.0,0.0,2.0,1.0,4.0,1.0,3.0,4.0,3.0,3.0,5.0,10.0,11.0,5.0,0.0,0.0,0.0,0.0,0.0,0.0,0.0,0.0,0.0,0.0,0.0,0.0,0.0,6.0,6.0,0.0,0.0,0.0,2.0,2.0,5.0,1.0,3.0,4.0,3.0,3.0,6.0,13.0,15.0,5.0
743,1.0,743.0,London_303,cons,151,453,1092.0,70.0,2.0,139071.0,0.8831330081447959,764.0,102.0,3.0,99.0,195.0,24.0,171.0,112.0,148.0,164.0,6.0,85.0,5.0,33.0,0.0,12.0,16.0,93.0,159.0,185.0,195.0,5.0,0.0,2.0,0.0,3.0,0.0,0.0,0.0,0.0,60.0,0.0,22.0,4.0,22.0,0.0,4.0,1.0,7.0,3.0,57.0,0.0,0.0,0.0,0.0,0.0,0.0,0.0,0.0,0.0,0.0,0.0,0.0,0.0,0.0,1.0,0.0,0.0,0.0,1.0,4.0,2.0,1.0,1.0,5.0,3.0,2.0,5.0,9.0,17.0,9.0,0.0,0.0,0.0,0.0,0.0,0.0,0.0,0.0,0.0,0.0,0.0,0.0,0.0,0.0,2.0,0.0,0.0,0.0,1.0,5.0,2.0,1.0,1.0,6.0,3.0,2.0,5.0,13.0,22.0,9.0
744,1.0,744.0,London_303,cons,151,453,1092.0,70.0,2.0,132276.0,0.9734520446509123,749.0,2.0,0.0,2.0,5.0,0.0,5.0,98.0,149.0,164.0,6.0,82.0,6.0,30.0,2.0,14.0,16.0,92.0,143.0,202.0,192.0,13.0,5.0,5.0,0.0,3.0,0.0,0.0,0.0,0.0,0.0,0.0,0.0,0.0,0.0,0.0,0.0,0.0,0.0,0.0,0.0,0.0,0.0,0.0,0.0,0.0,0.0,0.0,0.0,0.0,0.0,0.0,0.0,0.0,0.0,0.0,0.0,0.0,0.0,0.0,0.0,0.0,0.0,0.0,0.0,0.0,0.0,0.0,0.0,2.0,0.0,0.0,0.0,0.0,0.0,0.0,0.0,0.0,0.0,0.0,0.0,0.0,0.0,0.0,0.0,0.0,0.0,0.0,0.0,0.0,0.0,0.0,0.0,0.0,0.0,0.0,0.0,0.0,0.0,4.0,0.0
745,1.0,745.0,London_303,cons,151,453,1092.0,70.0,2.0,171687.0,1.5843731281347573,836.0,84.0,0.0,84.0,144.0,0.0,144.0,18.0,145.0,159.0,8.0,88.0,7.0,30.0,2.0,14.0,17.0,89.0,149.0,198.0,184.0,2.0,2.0,0.0,0.0,0.0,0.0,0.0,0.0,0.0,33.0,1.0,15.0,4.0,9.0,0.0,4.0,0.0,0.0,0.0,33.0,0.0,0.0,0.0,0.0,0.0,0.0,0.0,0.0,0.0,0.0,0.0,0.0,0.0,0.0,0.0,0.0,0.0,0.0,0.0,5.0,5.0,0.0,3.0,4.0,1.0,2.0,9.0,9.0,17.0,13.0,0.0,0.0,0.0,0.0,0.0,0.0,0.0,0.0,0.0,0.0,0.0,0.0,0.0,0.0,0.0,0.0,0.0,0.0,0.0,10.0,6.0,0.0,3.0,4.0,1.0,3.0,11.0,12.0,23.0,14.0
746,1.0,746.0,London_303,cons,151,453,1092.0,70.0,2.0,173952.0,1.1334681939333677,841.0,199.0,0.0,199.0,341.0,0.0,341.0,101.0,149.0,160.0,17.0,72.0,7.0,28.0,2.0,18.0,17.0,98.0,140.0,198.0,188.0,2.0,0.0,1.0,0.0,0.0,0.0,1.0,0.0,0.0,132.0,3.0,40.0,8.0,64.0,0.0,12.0,0.0,5.0,0.0,132.0,0.0,0.0,0.0,0.0,0.0,0.0,0.0,0.0,0.0,0.0,0.0,0.0,0.0,0.0,0.0,0.0,0.0,0.0,2.0,2.0,2.0,2.0,5.0,14.0,5.0,1.0,3.0,19.0,14.0,11.0,0.0,0.0,0.0,0.0,0.0,0.0,0.0,0.0,0.0,0.0,0.0,0.0,0.0,0.0,0.0,0.0,0.0,0.0,2.0,2.0,2.0,3.0,5.0,19.0,5.0,1.0,3.0,22.0,19.0,13.0
747,1.0,747.0,London_303,cons,151,453,1092.0,70.0,2.0,109173.0,0.6956633222289383,698.0,44.0,2.0,42.0,86.0,18.0,68.0,130.0,145.0,165.0,7.0,95.0,3.0,20.0,3.0,15.0,18.0,85.0,148.0,202.0,194.0,2.0,0.0,0.0,0.0,1.0,0.0,0.0,0.0,1.0,9.0,0.0,1.0,2.0,2.0,0.0,3.0,0.0,1.0,2.0,7.0,0.0,0.0,0.0,0.0,0.0,0.0,0.0,0.0,0.0,0.0,0.0,0.0,0.0,0.0,0.0,0.0,0.0,0.0,1.0,0.0,7.0,1.0,3.0,2.0,5.0,5.0,8.0,5.0,6.0,5.0,0.0,0.0,0.0,0.0,0.0,0.0,0.0,0.0,0.0,0.0,0.0,0.0,0.0,0.0,0.0,0.0,0.0,0.0,1.0,0.0,8.0,2.0,3.0,3.0,6.0,6.0,11.0,8.0,6.0,8.0
748,1.0,748.0,London_303,cons,151,453,1092.0,70.0,2.0,116874.0,0.7613584687933326,715.0,30.0,0.0,30.0,47.0,0.0,47.0,60.0,153.0,163.0,6.0,87.0,6.0,20.0,4.0,14.0,18.0,92.0,151.0,192.0,196.0,5.0,2.0,3.0,0.0,0.0,0.0,0.0,0.0,0.0,8.0,0.0,1.0,2.0,5.0,0.0,0.0,0.0,0.0,0.0,8.0,0.0,0.0,0.0,0.0,0.0,0.0,0.0,0.0,0.0,0.0,0.0,0.0,0.0,0.0,0.0,0.0,0.0,0.0,3.0,3.0,3.0,0.0,5.0,3.0,3.0,3.0,2.0,4.0,5.0,5.0,0.0,0.0,0.0,0.0,0.0,0.0,0.0,0.0,0.0,0.0,0.0,0.0,0.0,0.0,0.0,0.0,0.0,0.0,4.0,3.0,5.0,0.0,5.0,3.0,4.0,6.0,3.0,7.0,8.0,5.0
749,1.0,749.0,London_303,cons,151,453,1092.0,70.0,2.0,136353.0,0.9369969833642244,758.0,84.0,2.0,82.0,161.0,17.0,144.0,43.0,153.0,149.0,6.0,91.0,7.0,27.0,4.0,16.0,18.0,95.0,153.0,187.0,196.0,8.0,4.0,4.0,0.0,0.0,0.0,0.0,0.0,0.0,46.0,0.0,14.0,2.0,24.0,0.0,2.0,0.0,4.0,2.0,44.0,0.0,0.0,0.0,0.0,0.0,0.0,0.0,0.0,0.0,1.0,0.0,0.0,0.0,1.0,0.0,0.0,0.0,0.0,0.0,4.0,2.0,1.0,2.0,1.0,3.0,1.0,6.0,8.0,8.0,8.0,0.0,0.0,0.0,0.0,0.0,0.0,0.0,0.0,0.0,1.0,0.0,0.0,0.0,2.0,0.0,0.0,0.0,0.0,0.0,5.0,2.0,1.0,2.0,2.0,3.0,1.0,7.0,14.0,14.0,11.0
750,1.0,750.0,London_303,cons,151,453,1092.0,70.0,2.0,143148.0,0.8738822862505913,773.0,83.0,2.0,81.0,165.0,21.0,144.0,89.0,152.0,163.0,12.0,79.0,8.0,19.0,5.0,15.0,17.0,100.0,160.0,176.0,189.0,5.0,4.0,1.0,0.0,0.0,0.0,0.0,0.0,0.0,47.0,0.0,17.0,3.0,14.0,1.0,8.0,1.0,3.0,2.0,45.0,0.0,0.0,0.0,0.0,0.0,0.0,0.0,0.0,0.0,0.0,0.0,0.0,1.0,0.0,1.0,0.0,0.0,0.0,2.0,2.0,4.0,1.0,2.0,3.0,5.0,1.0,5.0,7.0,8.0,8.0,0.0,0.0,0.0,0.0,0.0,0.0,0.0,0.0,0.0,0.0,0.0,0.0,3.0,0.0,2.0,0.0,0.0,0.0,2.0,2.0,4.0,2.0,2.0,3.0,7.0,2.0,6.0,10.0,10.0,9.0
751,1.0,751.0,London_303,cons,151,453,1092.0,70.0,2.0,149490.0,1.0120740928687155,787.0,98.0,2.0,96.0,169.0,17.0,152.0,84.0,151.0,160.0,13.0,90.0,4.0,15.0,5.0,15.0,19.0,98.0,156.0,180.0,194.0,1.0,1.0,0.0,0.0,0.0,0.0,0.0,0.0,0.0,54.0,0.0,19.0,1.0,27.0,0.0,3.0,2.0,2.0,1.0,53.0,0.0,0.0,0.0,0.0,0.0,0.0,0.0,0.0,0.0,0.0,0.0,0.0,0.0,0.0,1.0,0.0,0.0,0.0,2.0,1.0,7.0,0.0,1.0,2.0,3.0,2.0,3.0,10.0,8.0,10.0,0.0,0.0,0.0,0.0,0.0,0.0,0.0,0.0,0.0,0.0,0.0,0.0,0.0,0.0,5.0,0.0,0.0,0.0,2.0,1.0,7.0,0.0,1.0,2.0,3.0,2.0,4.0,13.0,11.0,11.0
752,1.0,752.0,London_303,cons,151,453,1092.0,70.0,2.0,130464.0,0.7516696099191904,745.0,48.0,0.0,48.0,84.0,0.0,84.0,90.0,145.0,172.0,11.0,75.0,7.0,20.0,5.0,18.0,18.0,91.0,152.0,192.0,199.0,5.0,0.0,5.0,0.0,0.0,0.0,0.0,0.0,0.0,18.0,0.0,3.0,0.0,11.0,0.0,1.0,0.0,3.0,0.0,18.0,0.0,0.0,0.0,0.0,0.0,0.0,0.0,0.0,0.0,0.0,0.0,0.0,0.0,0.0,0.0,0.0,0.0,0.0,2.0,5.0,3.0,1.0,1.0,3.0,3.0,4.0,4.0,10.0,7.0,9.0,0.0,0.0,0.0,0.0,0.0,0.0,0.0,0.0,0.0,0.0,0.0,0.0,0.0,0.0,0.0,0.0,0.0,0.0,2.0,6.0,3.0,1.0,1.0,3.0,4.0,4.0,4.0,16.0,8.0,13.0
753,1.0,753.0,London_303,cons,151,453,1092.0,70.0,2.0,143148.0,0.7779678106307983,773.0,34.0,0.0,34.0,59.0,0.0,59.0,64.0,147.0,162.0,10.0,81.0,7.0,20.0,5.0,21.0,17.0,93.0,162.0,181.0,201.0,5.0,2.0,2.0,0.0,1.0,0.0,0.0,0.0,0.0,12.0,0.0,5.0,0.0,5.0,0.0,1.0,0.0,1.0,0.0,12.0,0.0,0.0,0.0,0.0,0.0,0.0,0.0,0.0,0.0,0.0,0.0,0.0,0.0,0.0,0.0,0.0,0.0,0.0,1.0,3.0,1.0,0.0,1.0,1.0,3.0,0.0,5.0,7.0,8.0,7.0,0.0,0.0,0.0,0.0,0.0,0.0,0.0,0.0,0.0,0.0,0.0,0.0,0.0,0.0,0.0,0.0,0.0,0.0,1.0,3.0,1.0,0.0,1.0,1.0,3.0,0.0,6.0,10.0,9.0,10.0
754,1.0,754.0,London_303,cons,151,453,1092.0,70.0,2.0,182106.0,1.338539286982268,859.0,114.0,0.0,114.0,200.0,0.0,200.0,44.0,149.0,162.0,10.0,79.0,6.0,21.0,5.0,21.0,17.0,95.0,164.0,177.0,202.0,9.0,6.0,1.0,0.0,1.0,0.0,1.0,0.0,0.0,67.0,0.0,19.0,6.0,34.0,1.0,7.0,0.0,0.0,0.0,67.0,0.0,0.0,0.0,0.0,0.0,0.0,0.0,0.0,0.0,0.0,0.0,0.0,0.0,0.0,0.0,0.0,0.0,0.0,5.0,3.0,2.0,0.0,2.0,10.0,3.0,2.0,6.0,14.0,13.0,10.0,0.0,0.0,0.0,0.0,0.0,0.0,0.0,0.0,0.0,0.0,0.0,0.0,0.0,0.0,0.0,0.0,0.0,0.0,5.0,3.0,2.0,0.0,2.0,19.0,4.0,2.0,7.0,24.0,18.0,14.0
755,1.0,755.0,London_303,cons,151,453,1092.0,70.0,2.0,175311.0,1.0072051901370287,844.0,128.0,0.0,128.0,217.0,0.0,217.0,99.0,141.0,157.0,12.0,86.0,5.0,24.0,6.0,22.0,17.0,101.0,153.0,182.0,202.0,3.0,1.0,1.0,0.0,0.0,0.0,0.0,0.0,1.0,80.0,0.0,30.0,4.0,31.0,2.0,9.0,0.0,4.0,0.0,80.0,0.0,0.0,0.0,0.0,0.0,0.0,0.0,0.0,0.0,0.0,0.0,0.0,0.0,0.0,0.0,0.0,0.0,0.0,1.0,2.0,2.0,2.0,2.0,2.0,4.0,2.0,6.0,16.0,13.0,11.0,0.0,0.0,0.0,0.0,0.0,0.0,0.0,0.0,0.0,0.0,0.0,0.0,0.0,0.0,0.0,0.0,0.0,0.0,1.0,2.0,2.0,4.0,2.0,3.0,5.0,2.0,7.0,18.0,17.0,12.0
756,1.0,756.0,London_303,cons,151,453,1092.0,70.0,2.0,149943.0,0.9280156339518726,788.0,141.0,1.0,140.0,249.0,9.0,240.0,103.0,138.0,163.0,15.0,85.0,6.0,22.0,2.0,22.0,20.0,101.0,157.0,175.0,209.0,3.0,0.0,2.0,0.0,1.0,0.0,0.0,0.0,0.0,90.0,0.0,36.0,4.0,40.0,1.0,5.0,1.0,3.0,1.0,89.0,0.0,0.0,0.0,0.0,0.0,0.0,0.0,0.0,0.0,0.0,0.0,0.0,1.0,0.0,0.0,0.0,0.0,0.0,2.0,1.0,1.0,0.0,4.0,5.0,1.0,4.0,2.0,15.0,11.0,12.0,0.0,0.0,0.0,0.0,0.0,0.0,0.0,0.0,0.0,0.0,0.0,0.0,1.0,0.0,0.0,0.0,0.0,0.0,2.0,1.0,1.0,0.0,4.0,5.0,1.0,4.0,2.0,20.0,14.0,16.0
757,1.0,757.0,London_303,cons,151,453,1092.0,70.0,2.0,126840.0,0.6861599907279015,737.0,29.0,2.0,27.0,70.0,19.0,51.0,102.0,145.0,156.0,8.0,92.0,7.0,22.0,1.0,22.0,20.0,101.0,152.0,180.0,213.0,6.0,4.0,1.0,0.0,0.0,0.0,0.0,0.0,1.0,11.0,0.0,5.0,0.0,5.0,0.0,1.0,0.0,0.0,2.0,9.0,0.0,0.0,0.0,0.0,0.0,0.0,0.0,0.0,0.0,0.0,0.0,0.0,0.0,1.0,2.0,0.0,0.0,0.0,2.0,2.0,0.0,0.0,1.0,1.0,1.0,2.0,2.0,5.0,3.0,6.0,0.0,0.0,0.0,0.0,0.0,0.0,0.0,0.0,0.0,0.0,0.0,0.0,0.0,1.0,7.0,0.0,0.0,0.0,3.0,4.0,0.0,0.0,1.0,1.0,2.0,3.0,2.0,7.0,5.0,8.0
758,1.0,758.0,London_303,cons,151,453,1092.0,70.0,2.0,145413.0,0.8487794296815991,778.0,18.0,2.0,16.0,48.0,18.0,30.0,53.0,139.0,172.0,10.0,84.0,6.0,19.0,2.0,21.0,19.0,101.0,153.0,180.0,209.0,1.0,0.0,1.0,0.0,0.0,0.0,0.0,0.0,0.0,5.0,0.0,0.0,0.0,3.0,0.0,2.0,0.0,0.0,2.0,3.0,0.0,0.0,0.0,0.0,0.0,0.0,0.0,0.0,1.0,0.0,0.0,0.0,0.0,0.0,2.0,0.0,0.0,0.0,0.0,1.0,1.0,0.0,0.0,1.0,1.0,3.0,1.0,5.0,3.0,2.0,0.0,0.0,0.0,0.0,0.0,0.0,0.0,0.0,1.0,0.0,0.0,0.0,0.0,0.0,4.0,0.0,0.0,0.0,0.0,2.0,1.0,0.0,0.0,1.0,1.0,3.0,3.0,6.0,7.0,2.0
759,1.0,759.0,London_303,cons,151,453,1092.0,70.0,2.0,186636.0,1.3803493012674153,869.0,128.0,1.0,127.0,213.0,9.0,204.0,31.0,146.0,176.0,6.0,81.0,4.0,14.0,4.0,22.0,22.0,99.0,154.0,178.0,212.0,3.0,0.0,2.0,0.0,1.0,0.0,0.0,0.0,0.0,75.0,0.0,18.0,10.0,37.0,2.0,3.0,0.0,5.0,0.0,75.0,0.0,0.0,0.0,0.0,0.0,0.0,0.0,0.0,0.0,0.0,0.0,0.0,0.0,0.0,1.0,0.0,0.0,0.0,2.0,7.0,3.0,1.0,4.0,4.0,3.0,2.0,7.0,14.0,14.0,10.0,0.0,0.0,0.0,0.0,0.0,0.0,0.0,0.0,0.0,0.0,0.0,0.0,0.0,0.0,4.0,0.0,0.0,0.0,3.0,7.0,3.0,1.0,4.0,5.0,4.0,2.0,9.0,17.0,18.0,11.0
760,1.0,760.0,London_303,cons,151,453,1092.0,70.0,2.0,176217.0,1.1362359710037708,846.0,156.0,0.0,156.0,277.0,0.0,277.0,109.0,132.0,175.0,7.0,87.0,7.0,21.0,5.0,19.0,22.0,104.0,131.0,196.0,206.0,3.0,1.0,1.0,0.0,1.0,0.0,0.0,0.0,0.0,109.0,0.0,49.0,5.0,42.0,1.0,7.0,0.0,5.0,0.0,109.0,0.0,0.0,0.0,0.0,0.0,0.0,0.0,0.0,0.0,0.0,0.0,0.0,0.0,0.0,0.0,0.0,0.0,0.0,5.0,3.0,2.0,2.0,6.0,7.0,3.0,2.0,12.0,13.0,12.0,9.0,0.0,0.0,0.0,0.0,0.0,0.0,0.0,0.0,0.0,0.0,0.0,0.0,0.0,0.0,0.0,0.0,0.0,0.0,5.0,3.0,2.0,4.0,7.0,10.0,3.0,4.0,13.0,17.0,17.0,9.0
761,1.0,761.0,London_303,cons,151,453,1092.0,70.0,2.0,138618.0,0.9016068270429969,763.0,106.0,0.0,106.0,189.0,0.0,189.0,103.0,129.0,169.0,13.0,91.0,9.0,19.0,5.0,18.0,21.0,97.0,142.0,193.0,211.0,1.0,0.0,0.0,0.0,0.0,0.0,0.0,0.0,1.0,54.0,0.0,16.0,1.0,26.0,0.0,6.0,0.0,5.0,0.0,54.0,0.0,0.0,0.0,0.0,0.0,0.0,0.0,0.0,0.0,0.0,0.0,0.0,0.0,0.0,0.0,0.0,0.0,0.0,1.0,2.0,0.0,1.0,1.0,9.0,9.0,4.0,3.0,12.0,20.0,12.0,0.0,0.0,0.0,0.0,0.0,0.0,0.0,0.0,0.0,0.0,0.0,0.0,0.0,0.0,0.0,0.0,0.0,0.0,1.0,2.0,0.0,1.0,1.0,14.0,11.0,7.0,3.0,16.0,27.0,15.0
762,1.0,762.0,London_303,cons,151,453,1092.0,70.0,2.0,128199.0,0.717980036046356,740.0,5.0,0.0,5.0,9.0,0.0,9.0,96.0,128.0,183.0,7.0,91.0,4.0,16.0,5.0,19.0,21.0,112.0,142.0,178.0,220.0,7.0,3.0,3.0,0.0,1.0,0.0,0.0,0.0,0.0,0.0,0.0,0.0,0.0,0.0,0.0,0.0,0.0,0.0,0.0,0.0,0.0,0.0,0.0,0.0,0.0,0.0,0.0,0.0,0.0,0.0,0.0,0.0,0.0,0.0,0.0,0.0,0.0,0.0,0.0,1.0,2.0,0.0,0.0,1.0,0.0,0.0,2.0,1.0,1.0,4.0,0.0,0.0,0.0,0.0,0.0,0.0,0.0,0.0,0.0,0.0,0.0,0.0,0.0,0.0,0.0,0.0,0.0,0.0,0.0,1.0,2.0,0.0,0.0,1.0,0.0,0.0,4.0,1.0,1.0,5.0
763,1.0,763.0,London_303,cons,151,453,1092.0,70.0,2.0,159456.0,1.032924110069871,809.0,103.0,0.0,103.0,173.0,0.0,173.0,16.0,128.0,178.0,8.0,94.0,4.0,17.0,5.0,19.0,20.0,114.0,143.0,176.0,216.0,7.0,4.0,2.0,0.0,0.0,0.0,0.0,0.0,1.0,55.0,0.0,17.0,10.0,16.0,1.0,6.0,1.0,4.0,0.0,55.0,0.0,0.0,0.0,0.0,0.0,0.0,0.0,0.0,0.0,0.0,0.0,0.0,0.0,0.0,0.0,0.0,0.0,0.0,4.0,5.0,4.0,1.0,6.0,7.0,0.0,0.0,8.0,11.0,12.0,10.0,0.0,0.0,0.0,0.0,0.0,0.0,0.0,0.0,0.0,0.0,0.0,0.0,0.0,0.0,0.0,0.0,0.0,0.0,6.0,5.0,4.0,1.0,6.0,7.0,0.0,0.0,10.0,13.0,16.0,12.0
764,1.0,764.0,London_303,cons,151,453,1092.0,70.0,2.0,145413.0,0.8951195678673685,778.0,74.0,2.0,72.0,142.0,17.0,125.0,94.0,129.0,178.0,6.0,99.0,6.0,16.0,2.0,17.0,19.0,102.0,146.0,186.0,218.0,8.0,3.0,4.0,0.0,1.0,0.0,0.0,0.0,0.0,36.0,0.0,11.0,1.0,18.0,0.0,5.0,0.0,1.0,2.0,34.0,0.0,0.0,0.0,0.0,0.0,0.0,0.0,0.0,0.0,0.0,0.0,0.0,0.0,1.0,0.0,0.0,0.0,0.0,1.0,1.0,1.0,2.0,5.0,4.0,1.0,3.0,6.0,12.0,7.0,10.0,0.0,0.0,0.0,0.0,0.0,0.0,0.0,0.0,0.0,0.0,0.0,0.0,0.0,1.0,0.0,0.0,0.0,0.0,1.0,1.0,1.0,3.0,5.0,5.0,1.0,3.0,8.0,17.0,10.0,11.0
765,1.0,765.0,London_303,cons,151,453,1092.0,70.0,2.0,147678.0,1.0585223729722202,783.0,62.0,0.0,62.0,113.0,0.0,113.0,89.0,129.0,174.0,10.0,97.0,7.0,15.0,3.0,18.0,20.0,99.0,142.0,192.0,224.0,0.0,0.0,0.0,0.0,0.0,0.0,0.0,0.0,0.0,27.0,0.0,13.0,0.0,11.0,0.0,2.0,0.0,1.0,0.0,27.0,0.0,0.0,0.0,0.0,0.0,0.0,0.0,0.0,0.0,0.0,0.0,0.0,0.0,0.0,0.0,0.0,0.0,0.0,3.0,0.0,0.0,0.0,4.0,7.0,4.0,3.0,7.0,14.0,10.0,8.0,0.0,0.0,0.0,0.0,0.0,0.0,0.0,0.0,0.0,0.0,0.0,0.0,0.0,0.0,0.0,0.0,0.0,0.0,3.0,0.0,0.0,0.0,4.0,7.0,7.0,5.0,9.0,17.0,17.0,9.0
766,1.0,766.0,London_303,cons,151,453,1092.0,70.0,2.0,159456.0,1.0554219661280513,809.0,139.0,0.0,139.0,235.0,0.0,235.0,72.0,128.0,182.0,8.0,86.0,6.0,20.0,3.0,20.0,20.0,109.0,133.0,191.0,231.0,4.0,2.0,2.0,0.0,0.0,0.0,0.0,0.0,0.0,89.0,1.0,31.0,6.0,46.0,0.0,4.0,0.0,1.0,0.0,89.0,0.0,0.0,0.0,0.0,0.0,0.0,0.0,0.0,0.0,0.0,0.0,0.0,0.0,0.0,0.0,0.0,0.0,0.0,1.0,3.0,1.0,2.0,3.0,11.0,4.0,5.0,4.0,15.0,12.0,12.0,0.0,0.0,0.0,0.0,0.0,0.0,0.0,0.0,0.0,0.0,0.0,0.0,0.0,0.0,0.0,0.0,0.0,0.0,1.0,4.0,1.0,2.0,3.0,11.0,4.0,8.0,5.0,15.0,16.0,15.0
767,1.0,767.0,London_303,cons,151,453,1092.0,70.0,2.0,145866.0,0.8489431240595877,779.0,36.0,1.0,35.0,64.0,8.0,56.0,96.0,119.0,197.0,7.0,84.0,7.0,16.0,4.0,19.0,22.0,109.0,132.0,190.0,233.0,2.0,0.0,1.0,0.0,1.0,0.0,0.0,0.0,0.0,13.0,1.0,3.0,2.0,6.0,0.0,1.0,0.0,0.0,1.0,12.0,0.0,0.0,0.0,0.0,0.0,0.0,0.0,0.0,0.0,0.0,0.0,0.0,0.0,0.0,1.0,0.0,0.0,0.0,1.0,0.0,0.0,0.0,0.0,1.0,5.0,3.0,3.0,6.0,9.0,8.0,0.0,0.0,0.0,0.0,0.0,0.0,0.0,0.0,0.0,0.0,0.0,0.0,0.0,0.0,1.0,0.0,0.0,0.0,1.0,0.0,0.0,0.0,0.0,1.0,6.0,3.0,3.0,8.0,9.0,8.0
768,1.0,768.0,London_303,cons,151,453,1092.0,70.0,2.0,167610.0,0.94446807121858,827.0,79.0,2.0,77.0,158.0,17.0,141.0,53.0,117.0,196.0,6.0,84.0,8.0,17.0,4.0,21.0,22.0,106.0,132.0,193.0,228.0,6.0,1.0,4.0,0.0,1.0,0.0,0.0,0.0,0.0,52.0,0.0,9.0,2.0,27.0,1.0,11.0,1.0,1.0,1.0,51.0,0.0,0.0,0.0,0.0,0.0,0.0,0.0,0.0,0.0,0.0,0.0,0.0,0.0,1.0,2.0,0.0,0.0,0.0,0.0,4.0,4.0,0.0,3.0,2.0,2.0,0.0,4.0,6.0,13.0,7.0,0.0,0.0,0.0,0.0,0.0,0.0,0.0,0.0,0.0,0.0,0.0,0.0,0.0,7.0,3.0,0.0,0.0,0.0,0.0,8.0,4.0,0.0,3.0,2.0,4.0,0.0,5.0,7.0,18.0,8.0
769,1.0,769.0,London_303,cons,151,453,1092.0,70.0,2.0,168969.0,1.1624648817814887,830.0,89.0,2.0,87.0,175.0,18.0,157.0,78.0,121.0,180.0,9.0,88.0,10.0,19.0,3.0,23.0,18.0,108.0,121.0,206.0,214.0,8.0,2.0,5.0,0.0,1.0,0.0,0.0,0.0,0.0,54.0,0.0,16.0,5.0,19.0,0.0,10.0,1.0,3.0,2.0,52.0,0.0,0.0,0.0,0.0,0.0,0.0,0.0,0.0,0.0,0.0,0.0,0.0,0.0,1.0,0.0,0.0,0.0,0.0,1.0,1.0,1.0,1.0,7.0,6.0,4.0,2.0,7.0,9.0,11.0,6.0,0.0,0.0,0.0,0.0,0.0,0.0,0.0,0.0,0.0,0.0,0.0,0.0,0.0,5.0,0.0,0.0,0.0,0.0,1.0,1.0,1.0,1.0,8.0,7.0,5.0,2.0,8.0,9.0,15.0,8.0
770,1.0,770.0,London_303,cons,151,453,1092.0,70.0,2.0,170328.0,0.8774331579916179,833.0,84.0,0.0,84.0,137.0,0.0,137.0,98.0,122.0,173.0,11.0,95.0,7.0,14.0,4.0,27.0,17.0,106.0,122.0,208.0,211.0,4.0,1.0,2.0,0.0,1.0,0.0,0.0,0.0,0.0,39.0,0.0,13.0,0.0,18.0,2.0,4.0,1.0,1.0,0.0,39.0,0.0,0.0,0.0,0.0,0.0,0.0,0.0,0.0,0.0,0.0,0.0,0.0,0.0,0.0,0.0,0.0,0.0,0.0,3.0,6.0,5.0,1.0,3.0,4.0,4.0,4.0,3.0,10.0,11.0,16.0,0.0,0.0,0.0,0.0,0.0,0.0,0.0,0.0,0.0,0.0,0.0,0.0,0.0,0.0,0.0,0.0,0.0,0.0,3.0,6.0,5.0,1.0,3.0,4.0,6.0,4.0,4.0,14.0,14.0,16.0
771,1.0,771.0,London_303,cons,151,453,1092.0,70.0,2.0,172593.0,1.0069373520091176,838.0,105.0,2.0,103.0,205.0,22.0,183.0,84.0,128.0,169.0,13.0,91.0,7.0,16.0,1.0,28.0,20.0,102.0,131.0,200.0,215.0,6.0,2.0,3.0,0.0,1.0,0.0,0.0,0.0,0.0,63.0,1.0,23.0,0.0,31.0,1.0,5.0,1.0,1.0,2.0,61.0,0.0,0.0,0.0,0.0,0.0,0.0,0.0,0.0,0.0,0.0,0.0,0.0,0.0,0.0,0.0,0.0,0.0,0.0,0.0,5.0,3.0,0.0,8.0,6.0,7.0,1.0,6.0,10.0,10.0,14.0,0.0,0.0,0.0,0.0,0.0,0.0,0.0,0.0,0.0,0.0,0.0,0.0,0.0,0.0,0.0,0.0,0.0,0.0,0.0,6.0,3.0,0.0,8.0,8.0,11.0,1.0,8.0,16.0,12.0,20.0
772,1.0,772.0,London_303,cons,151,453,1092.0,70.0,2.0,160815.0,1.0212876400910318,812.0,58.0,0.0,58.0,108.0,0.0,108.0,91.0,125.0,171.0,10.0,97.0,6.0,18.0,2.0,24.0,21.0,101.0,123.0,208.0,218.0,3.0,0.0,2.0,0.0,1.0,0.0,0.0,0.0,0.0,25.0,0.0,6.0,0.0,13.0,0.0,4.0,1.0,1.0,0.0,25.0,0.0,0.0,0.0,0.0,0.0,0.0,0.0,0.0,0.0,0.0,0.0,0.0,0.0,0.0,0.0,0.0,0.0,0.0,3.0,3.0,3.0,0.0,0.0,6.0,3.0,3.0,5.0,12.0,6.0,7.0,0.0,0.0,0.0,0.0,0.0,0.0,0.0,0.0,0.0,0.0,0.0,0.0,0.0,0.0,0.0,0.0,0.0,0.0,3.0,3.0,3.0,0.0,0.0,7.0,3.0,3.0,6.0,20.0,9.0,9.0
773,1.0,773.0,London_303,cons,151,453,1092.0,70.0,2.0,168969.0,1.2005877951160073,830.0,209.0,0.0,209.0,356.0,0.0,356.0,68.0,131.0,165.0,12.0,98.0,3.0,18.0,2.0,24.0,22.0,103.0,124.0,204.0,221.0,3.0,0.0,2.0,0.0,1.0,0.0,0.0,0.0,0.0,158.0,2.0,53.0,12.0,65.0,1.0,19.0,0.0,6.0,0.0,158.0,0.0,0.0,0.0,0.0,0.0,0.0,0.0,0.0,0.0,0.0,0.0,0.0,0.0,0.0,0.0,0.0,0.0,0.0,2.0,1.0,2.0,2.0,2.0,0.0,3.0,1.0,6.0,17.0,16.0,9.0,0.0,0.0,0.0,0.0,0.0,0.0,0.0,0.0,0.0,0.0,0.0,0.0,0.0,0.0,0.0,0.0,0.0,0.0,2.0,1.0,2.0,2.0,2.0,0.0,4.0,1.0,7.0,21.0,19.0,11.0
774,1.0,774.0,London_303,cons,151,453,1092.0,70.0,2.0,108720.0,0.5765301678329706,697.0,72.0,2.0,70.0,140.0,19.0,121.0,108.0,114.0,179.0,12.0,89.0,1.0,29.0,4.0,25.0,22.0,95.0,122.0,214.0,230.0,5.0,1.0,2.0,0.0,1.0,0.0,0.0,0.0,1.0,33.0,1.0,11.0,1.0,17.0,0.0,0.0,0.0,3.0,2.0,31.0,0.0,0.0,0.0,0.0,0.0,0.0,0.0,0.0,0.0,0.0,0.0,2.0,1.0,0.0,0.0,0.0,0.0,0.0,3.0,5.0,2.0,0.0,1.0,6.0,2.0,0.0,5.0,15.0,10.0,9.0,0.0,0.0,0.0,0.0,0.0,0.0,0.0,0.0,0.0,0.0,0.0,3.0,4.0,0.0,0.0,0.0,0.0,0.0,3.0,7.0,2.0,0.0,1.0,6.0,2.0,0.0,6.0,18.0,11.0,11.0
775,1.0,775.0,London_303,cons,151,453,1092.0,70.0,2.0,103284.0,0.524692754726857,685.0,52.0,2.0,50.0,104.0,17.0,87.0,91.0,116.0,182.0,11.0,80.0,4.0,33.0,4.0,23.0,17.0,104.0,120.0,212.0,221.0,2.0,0.0,1.0,0.0,1.0,0.0,0.0,0.0,0.0,26.0,0.0,8.0,5.0,12.0,0.0,1.0,0.0,0.0,2.0,24.0,0.0,0.0,0.0,0.0,0.0,0.0,0.0,0.0,0.0,0.0,0.0,1.0,0.0,1.0,2.0,0.0,0.0,0.0,0.0,3.0,2.0,1.0,2.0,1.0,0.0,1.0,6.0,8.0,4.0,7.0,0.0,0.0,0.0,0.0,0.0,0.0,0.0,0.0,0.0,0.0,0.0,1.0,0.0,4.0,4.0,0.0,0.0,0.0,0.0,4.0,2.0,1.0,2.0,1.0,0.0,1.0,7.0,9.0,5.0,9.0
776,1.0,776.0,London_303,cons,151,453,1092.0,70.0,2.0,107361.0,0.5863003162667155,694.0,6.0,0.0,6.0,8.0,0.0,8.0,59.0,120.0,179.0,14.0,78.0,5.0,26.0,5.0,26.0,16.0,99.0,118.0,220.0,210.0,5.0,1.0,3.0,0.0,1.0,0.0,0.0,0.0,0.0,2.0,0.0,0.0,0.0,2.0,0.0,0.0,0.0,0.0,0.0,2.0,0.0,0.0,0.0,0.0,0.0,0.0,0.0,0.0,0.0,0.0,0.0,0.0,0.0,0.0,0.0,0.0,0.0,0.0,0.0,0.0,1.0,0.0,0.0,0.0,0.0,0.0,1.0,1.0,0.0,0.0,0.0,0.0,0.0,0.0,0.0,0.0,0.0,0.0,0.0,0.0,0.0,0.0,0.0,0.0,0.0,0.0,0.0,0.0,0.0,0.0,1.0,0.0,0.0,0.0,0.0,0.0,1.0,2.0,0.0,0.0
777,1.0,777.0,London_303,cons,151,453,1092.0,70.0,2.0,143148.0,0.7581305531784892,773.0,59.0,0.0,59.0,110.0,0.0,110.0,11.0,120.0,180.0,12.0,77.0,6.0,27.0,5.0,26.0,16.0,99.0,119.0,219.0,207.0,7.0,2.0,4.0,0.0,0.0,0.0,0.0,0.0,1.0,27.0,1.0,4.0,5.0,15.0,0.0,0.0,1.0,1.0,0.0,27.0,0.0,0.0,0.0,0.0,0.0,0.0,0.0,0.0,0.0,0.0,0.0,0.0,0.0,0.0,0.0,0.0,0.0,0.0,2.0,4.0,4.0,0.0,1.0,2.0,3.0,0.0,4.0,9.0,8.0,7.0,0.0,0.0,0.0,0.0,0.0,0.0,0.0,0.0,0.0,0.0,0.0,0.0,0.0,0.0,0.0,0.0,0.0,0.0,3.0,5.0,4.0,0.0,2.0,3.0,3.0,0.0,7.0,13.0,15.0,10.0
778,1.0,778.0,London_303,cons,151,453,1092.0,70.0,2.0,153567.0,0.9199535511434078,796.0,127.0,0.0,127.0,217.0,0.0,217.0,76.0,127.0,165.0,19.0,84.0,8.0,24.0,3.0,23.0,15.0,102.0,117.0,219.0,207.0,5.0,0.0,2.0,0.0,3.0,0.0,0.0,0.0,0.0,82.0,3.0,31.0,4.0,34.0,0.0,6.0,1.0,3.0,0.0,82.0,0.0,0.0,0.0,0.0,0.0,0.0,0.0,0.0,0.0,0.0,0.0,0.0,0.0,0.0,0.0,0.0,0.0,0.0,2.0,4.0,1.0,0.0,5.0,2.0,3.0,1.0,7.0,14.0,16.0,7.0,0.0,0.0,0.0,0.0,0.0,0.0,0.0,0.0,0.0,0.0,0.0,0.0,0.0,0.0,0.0,0.0,0.0,0.0,2.0,4.0,1.0,0.0,5.0,2.0,4.0,1.0,10.0,15.0,20.0,9.0
779,1.0,779.0,London_303,cons,151,453,1092.0,70.0,2.0,139071.0,0.7102125738747418,764.0,14.0,2.0,12.0,40.0,19.0,21.0,94.0,125.0,166.0,11.0,90.0,7.0,28.0,4.0,22.0,17.0,98.0,118.0,220.0,207.0,0.0,0.0,0.0,0.0,0.0,0.0,0.0,0.0,0.0,2.0,0.0,0.0,0.0,1.0,0.0,1.0,0.0,0.0,2.0,0.0,0.0,0.0,0.0,0.0,0.0,0.0,0.0,0.0,0.0,0.0,0.0,1.0,0.0,0.0,1.0,0.0,0.0,0.0,0.0,0.0,2.0,0.0,0.0,0.0,2.0,0.0,1.0,6.0,4.0,1.0,0.0,0.0,0.0,0.0,0.0,0.0,0.0,0.0,0.0,0.0,0.0,1.0,0.0,0.0,2.0,0.0,0.0,0.0,0.0,0.0,2.0,0.0,0.0,0.0,5.0,0.0,1.0,7.0,7.0,1.0
780,1.0,780.0,London_303,cons,151,453,1092.0,70.0,2.0,172593.0,0.9955089627765119,838.0,135.0,2.0,133.0,259.0,18.0,241.0,31.0,128.0,170.0,11.0,86.0,5.0,25.0,5.0,23.0,17.0,101.0,114.0,221.0,203.0,7.0,3.0,3.0,0.0,1.0,0.0,0.0,0.0,0.0,93.0,0.0,34.0,6.0,39.0,1.0,7.0,0.0,6.0,2.0,91.0,0.0,0.0,0.0,0.0,0.0,0.0,0.0,0.0,0.0,1.0,0.0,0.0,0.0,1.0,0.0,0.0,0.0,0.0,1.0,2.0,3.0,1.0,6.0,1.0,1.0,0.0,2.0,15.0,11.0,18.0,0.0,0.0,0.0,0.0,0.0,0.0,0.0,0.0,0.0,1.0,0.0,0.0,0.0,2.0,0.0,0.0,0.0,0.0,1.0,3.0,3.0,1.0,6.0,1.0,1.0,0.0,2.0,22.0,16.0,26.0
781,1.0,781.0,London_303,cons,151,453,1092.0,70.0,2.0,152208.0,0.9664910142309964,793.0,62.0,2.0,60.0,120.0,15.0,105.0,101.0,129.0,175.0,10.0,81.0,9.0,27.0,0.0,22.0,17.0,98.0,125.0,213.0,199.0,14.0,2.0,8.0,0.0,4.0,0.0,0.0,0.0,0.0,27.0,0.0,5.0,4.0,12.0,1.0,1.0,0.0,4.0,2.0,25.0,0.0,0.0,0.0,0.0,0.0,0.0,0.0,0.0,0.0,0.0,0.0,0.0,1.0,0.0,1.0,0.0,0.0,0.0,3.0,2.0,1.0,1.0,5.0,2.0,3.0,1.0,6.0,8.0,8.0,8.0,0.0,0.0,0.0,0.0,0.0,0.0,0.0,0.0,0.0,0.0,0.0,0.0,1.0,0.0,1.0,0.0,0.0,0.0,3.0,4.0,1.0,1.0,5.0,3.0,3.0,1.0,7.0,9.0,14.0,10.0
782,1.0,782.0,London_303,cons,151,453,1092.0,70.0,2.0,164439.0,1.2093403218314052,820.0,154.0,0.0,154.0,261.0,0.0,261.0,86.0,130.0,178.0,11.0,74.0,9.0,30.0,1.0,20.0,16.0,94.0,131.0,212.0,195.0,3.0,2.0,0.0,0.0,1.0,0.0,0.0,0.0,0.0,101.0,0.0,33.0,4.0,53.0,0.0,5.0,1.0,5.0,0.0,101.0,0.0,0.0,0.0,0.0,0.0,0.0,0.0,0.0,0.0,0.0,0.0,0.0,0.0,0.0,0.0,0.0,0.0,0.0,1.0,2.0,5.0,0.0,1.0,11.0,5.0,3.0,9.0,13.0,15.0,16.0,0.0,0.0,0.0,0.0,0.0,0.0,0.0,0.0,0.0,0.0,0.0,0.0,0.0,0.0,0.0,0.0,0.0,0.0,1.0,2.0,6.0,0.0,1.0,13.0,5.0,4.0,10.0,18.0,20.0,19.0
783,1.0,783.0,London_303,cons,151,453,1092.0,70.0,2.0,132729.0,0.7869395697489381,750.0,29.0,1.0,28.0,55.0,10.0,45.0,107.0,126.0,182.0,9.0,75.0,8.0,33.0,1.0,19.0,21.0,91.0,129.0,212.0,208.0,3.0,1.0,1.0,0.0,0.0,0.0,0.0,0.0,1.0,9.0,0.0,6.0,1.0,0.0,0.0,1.0,0.0,1.0,1.0,8.0,0.0,0.0,0.0,0.0,0.0,0.0,0.0,0.0,0.0,0.0,0.0,0.0,0.0,1.0,1.0,0.0,0.0,0.0,1.0,3.0,1.0,1.0,1.0,6.0,0.0,2.0,1.0,3.0,6.0,3.0,0.0,0.0,0.0,0.0,0.0,0.0,0.0,0.0,0.0,0.0,0.0,0.0,0.0,7.0,4.0,0.0,0.0,0.0,1.0,4.0,1.0,1.0,1.0,10.0,0.0,2.0,1.0,4.0,6.0,3.0
784,1.0,784.0,London_303,cons,151,453,1092.0,70.0,2.0,157191.0,1.1888325810432434,804.0,83.0,2.0,81.0,158.0,18.0,140.0,47.0,129.0,191.0,8.0,76.0,4.0,25.0,1.0,19.0,23.0,85.0,132.0,213.0,204.0,6.0,0.0,5.0,0.0,0.0,0.0,0.0,0.0,1.0,45.0,0.0,16.0,5.0,20.0,1.0,2.0,0.0,1.0,1.0,44.0,0.0,0.0,0.0,0.0,0.0,0.0,0.0,0.0,0.0,0.0,0.0,0.0,0.0,1.0,1.0,0.0,0.0,0.0,0.0,6.0,1.0,1.0,6.0,7.0,4.0,2.0,5.0,8.0,20.0,14.0,0.0,0.0,0.0,0.0,0.0,0.0,0.0,0.0,0.0,0.0,0.0,0.0,0.0,5.0,3.0,0.0,0.0,0.0,0.0,6.0,1.0,1.0,6.0,10.0,5.0,2.0,8.0,11.0,28.0,16.0
785,1.0,785.0,London_303,cons,151,453,1092.0,70.0,2.0,164439.0,1.1874748673290014,820.0,134.0,3.0,131.0,240.0,24.0,216.0,99.0,143.0,175.0,10.0,70.0,6.0,28.0,1.0,20.0,23.0,90.0,122.0,218.0,194.0,5.0,3.0,1.0,0.0,1.0,0.0,0.0,0.0,0.0,74.0,0.0,24.0,3.0,36.0,0.0,5.0,3.0,3.0,3.0,71.0,0.0,0.0,0.0,0.0,0.0,0.0,0.0,0.0,0.0,0.0,0.0,1.0,0.0,1.0,2.0,0.0,0.0,0.0,3.0,3.0,2.0,0.0,2.0,1.0,2.0,1.0,8.0,8.0,12.0,14.0,0.0,0.0,0.0,0.0,0.0,0.0,0.0,0.0,0.0,0.0,0.0,1.0,0.0,1.0,2.0,0.0,0.0,0.0,3.0,3.0,3.0,0.0,2.0,1.0,3.0,1.0,10.0,10.0,14.0,15.0
786,1.0,786.0,London_303,cons,151,453,1092.0,70.0,2.0,143601.0,0.9125057458877563,774.0,30.0,0.0,30.0,51.0,0.0,51.0,112.0,143.0,177.0,8.0,69.0,6.0,27.0,1.0,22.0,22.0,93.0,122.0,216.0,196.0,11.0,0.0,7.0,0.0,1.0,0.0,0.0,0.0,3.0,4.0,0.0,3.0,0.0,1.0,0.0,0.0,0.0,0.0,0.0,4.0,0.0,0.0,0.0,0.0,0.0,0.0,0.0,0.0,0.0,0.0,0.0,0.0,0.0,0.0,0.0,0.0,0.0,0.0,1.0,6.0,4.0,0.0,2.0,2.0,2.0,1.0,3.0,9.0,4.0,7.0,0.0,0.0,0.0,0.0,0.0,0.0,0.0,0.0,0.0,0.0,0.0,0.0,0.0,0.0,0.0,0.0,0.0,0.0,1.0,6.0,5.0,0.0,2.0,2.0,4.0,1.0,6.0,11.0,7.0,8.0
787,1.0,787.0,London_303,cons,151,453,1092.0,70.0,2.0,167610.0,1.0447290767915547,827.0,118.0,0.0,118.0,206.0,0.0,206.0,56.0,142.0,172.0,14.0,67.0,6.0,31.0,1.0,20.0,21.0,94.0,134.0,204.0,189.0,3.0,1.0,1.0,0.0,1.0,0.0,0.0,0.0,0.0,67.0,1.0,27.0,1.0,29.0,0.0,3.0,4.0,2.0,0.0,67.0,0.0,0.0,0.0,0.0,0.0,0.0,0.0,0.0,0.0,0.0,0.0,0.0,0.0,0.0,0.0,0.0,0.0,0.0,0.0,7.0,0.0,1.0,4.0,2.0,5.0,6.0,9.0,8.0,16.0,4.0,0.0,0.0,0.0,0.0,0.0,0.0,0.0,0.0,0.0,0.0,0.0,0.0,0.0,0.0,0.0,0.0,0.0,0.0,0.0,7.0,0.0,1.0,4.0,4.0,5.0,6.0,12.0,9.0,22.0,5.0
788,1.0,788.0,London_303,cons,151,453,1092.0,70.0,2.0,148131.0,0.8759043687023222,784.0,70.0,0.0,70.0,118.0,0.0,118.0,97.0,141.0,172.0,11.0,72.0,10.0,26.0,1.0,20.0,24.0,93.0,139.0,197.0,194.0,4.0,2.0,2.0,0.0,0.0,0.0,0.0,0.0,0.0,28.0,0.0,11.0,3.0,12.0,0.0,1.0,0.0,1.0,0.0,28.0,0.0,0.0,0.0,0.0,0.0,0.0,0.0,0.0,0.0,0.0,0.0,0.0,0.0,0.0,0.0,0.0,0.0,0.0,0.0,4.0,5.0,0.0,2.0,6.0,2.0,4.0,4.0,15.0,6.0,7.0,0.0,0.0,0.0,0.0,0.0,0.0,0.0,0.0,0.0,0.0,0.0,0.0,0.0,0.0,0.0,0.0,0.0,0.0,0.0,4.0,5.0,0.0,2.0,9.0,3.0,5.0,6.0,25.0,9.0,8.0
789,1.0,789.0,London_303,cons,151,453,1092.0,70.0,2.0,147678.0,0.9001198103651404,783.0,112.0,2.0,110.0,216.0,18.0,198.0,79.0,140.0,174.0,9.0,69.0,8.0,30.0,1.0,22.0,26.0,91.0,138.0,198.0,200.0,4.0,0.0,2.0,0.0,1.0,0.0,0.0,0.0,1.0,64.0,0.0,21.0,5.0,24.0,0.0,8.0,1.0,5.0,2.0,62.0,0.0,0.0,0.0,0.0,0.0,0.0,0.0,0.0,0.0,0.0,0.0,0.0,0.0,0.0,1.0,0.0,0.0,0.0,1.0,0.0,3.0,0.0,5.0,6.0,0.0,3.0,7.0,13.0,11.0,19.0,0.0,0.0,0.0,0.0,0.0,0.0,0.0,0.0,0.0,0.0,0.0,0.0,0.0,0.0,2.0,0.0,0.0,0.0,1.0,0.0,3.0,0.0,5.0,10.0,0.0,5.0,9.0,23.0,13.0,23.0
790,1.0,790.0,London_303,cons,151,453,1092.0,70.0,2.0,139071.0,0.8185272961854935,764.0,40.0,0.0,40.0,72.0,0.0,72.0,113.0,143.0,184.0,7.0,69.0,5.0,24.0,2.0,19.0,27.0,98.0,127.0,201.0,200.0,3.0,0.0,2.0,0.0,1.0,0.0,0.0,0.0,0.0,14.0,0.0,2.0,0.0,8.0,1.0,2.0,0.0,1.0,0.0,14.0,0.0,0.0,0.0,0.0,0.0,0.0,0.0,0.0,0.0,0.0,0.0,0.0,0.0,0.0,0.0,0.0,0.0,0.0,1.0,2.0,3.0,0.0,3.0,4.0,2.0,2.0,4.0,9.0,7.0,9.0,0.0,0.0,0.0,0.0,0.0,0.0,0.0,0.0,0.0,0.0,0.0,0.0,0.0,0.0,0.0,0.0,0.0,0.0,1.0,2.0,3.0,0.0,4.0,5.0,3.0,3.0,4.0,12.0,9.0,12.0
791,1.0,791.0,London_303,cons,151,453,1092.0,70.0,2.0,153114.0,1.0654146438464522,795.0,109.0,2.0,107.0,210.0,17.0,193.0,53.0,143.0,183.0,7.0,76.0,1.0,25.0,2.0,16.0,28.0,103.0,119.0,203.0,201.0,2.0,1.0,1.0,0.0,0.0,0.0,0.0,0.0,0.0,77.0,1.0,26.0,4.0,30.0,1.0,8.0,1.0,6.0,2.0,75.0,0.0,0.0,0.0,0.0,0.0,0.0,0.0,0.0,0.0,1.0,0.0,0.0,0.0,0.0,0.0,0.0,0.0,0.0,1.0,4.0,2.0,1.0,2.0,4.0,4.0,4.0,5.0,10.0,10.0,10.0,0.0,0.0,0.0,0.0,0.0,0.0,0.0,0.0,0.0,1.0,0.0,0.0,0.0,0.0,0.0,0.0,0.0,0.0,1.0,4.0,2.0,1.0,2.0,5.0,4.0,4.0,6.0,15.0,15.0,10.0
792,1.0,792.0,London_303,cons,151,453,1092.0,70.0,2.0,140883.0,0.8091228730045259,768.0,101.0,2.0,99.0,195.0,21.0,174.0,90.0,141.0,187.0,4.0,79.0,0.0,26.0,1.0,15.0,28.0,89.0,133.0,203.0,204.0,5.0,0.0,4.0,0.0,1.0,0.0,0.0,0.0,0.0,65.0,0.0,15.0,13.0,28.0,3.0,2.0,0.0,4.0,2.0,63.0,0.0,0.0,0.0,0.0,0.0,0.0,0.0,0.0,0.0,0.0,0.0,0.0,1.0,0.0,1.0,0.0,0.0,0.0,1.0,2.0,3.0,0.0,2.0,4.0,1.0,2.0,3.0,10.0,7.0,7.0,0.0,0.0,0.0,0.0,0.0,0.0,0.0,0.0,0.0,0.0,0.0,0.0,2.0,0.0,1.0,0.0,0.0,0.0,1.0,2.0,3.0,0.0,2.0,5.0,1.0,2.0,3.0,13.0,7.0,7.0
793,1.0,793.0,London_303,cons,151,453,1092.0,70.0,2.0,126840.0,0.6871645268984139,737.0,26.0,2.0,24.0,52.0,17.0,35.0,71.0,147.0,182.0,4.0,83.0,0.0,21.0,1.0,15.0,26.0,88.0,134.0,205.0,203.0,3.0,0.0,3.0,0.0,0.0,0.0,0.0,0.0,0.0,5.0,1.0,2.0,0.0,1.0,0.0,1.0,0.0,0.0,1.0,4.0,0.0,0.0,0.0,0.0,0.0,0.0,0.0,0.0,0.0,0.0,0.0,0.0,0.0,0.0,1.0,0.0,0.0,0.0,2.0,0.0,1.0,0.0,2.0,4.0,3.0,2.0,4.0,8.0,4.0,9.0,0.0,0.0,0.0,0.0,0.0,0.0,0.0,0.0,0.0,0.0,0.0,0.0,0.0,0.0,6.0,0.0,0.0,0.0,2.0,0.0,1.0,0.0,2.0,4.0,4.0,2.0,4.0,11.0,5.0,12.0
794,1.0,794.0,London_303,cons,151,453,1092.0,70.0,2.0,157644.0,0.8641712740063667,805.0,72.0,0.0,72.0,131.0,0.0,131.0,47.0,148.0,190.0,6.0,71.0,1.0,21.0,1.0,15.0,20.0,94.0,131.0,208.0,198.0,6.0,0.0,3.0,0.0,2.0,0.0,0.0,0.0,1.0,43.0,1.0,14.0,2.0,17.0,3.0,3.0,0.0,3.0,0.0,43.0,0.0,0.0,0.0,0.0,0.0,0.0,0.0,0.0,0.0,0.0,0.0,0.0,0.0,0.0,0.0,0.0,0.0,0.0,5.0,0.0,1.0,0.0,6.0,6.0,1.0,3.0,4.0,7.0,6.0,9.0,0.0,0.0,0.0,0.0,0.0,0.0,0.0,0.0,0.0,0.0,0.0,0.0,0.0,0.0,0.0,0.0,0.0,0.0,7.0,0.0,1.0,0.0,6.0,8.0,3.0,3.0,4.0,9.0,7.0,12.0
795,1.0,795.0,London_303,cons,151,453,1092.0,70.0,2.0,162627.0,0.914864175952971,816.0,116.0,0.0,116.0,205.0,0.0,205.0,69.0,152.0,192.0,8.0,62.0,4.0,20.0,1.0,14.0,20.0,96.0,125.0,212.0,199.0,3.0,1.0,0.0,0.0,1.0,0.0,0.0,0.0,1.0,74.0,2.0,27.0,3.0,32.0,1.0,7.0,0.0,2.0,0.0,74.0,0.0,0.0,0.0,0.0,0.0,0.0,0.0,0.0,0.0,0.0,0.0,0.0,0.0,0.0,0.0,0.0,0.0,0.0,3.0,2.0,1.0,0.0,6.0,8.0,5.0,3.0,4.0,9.0,13.0,10.0,0.0,0.0,0.0,0.0,0.0,0.0,0.0,0.0,0.0,0.0,0.0,0.0,0.0,0.0,0.0,0.0,0.0,0.0,3.0,2.0,1.0,0.0,6.0,8.0,6.0,3.0,4.0,14.0,23.0,12.0
796,1.0,796.0,London_303,cons,151,453,1092.0,70.0,2.0,146772.0,0.8509145397692919,781.0,112.0,0.0,112.0,195.0,0.0,195.0,86.0,147.0,191.0,5.0,68.0,4.0,24.0,2.0,12.0,23.0,90.0,123.0,217.0,205.0,7.0,2.0,3.0,0.0,2.0,0.0,0.0,0.0,0.0,75.0,0.0,25.0,9.0,32.0,0.0,6.0,0.0,3.0,0.0,75.0,0.0,0.0,0.0,0.0,0.0,0.0,0.0,0.0,0.0,0.0,0.0,0.0,0.0,0.0,0.0,0.0,0.0,0.0,2.0,1.0,1.0,0.0,1.0,4.0,2.0,2.0,2.0,13.0,8.0,15.0,0.0,0.0,0.0,0.0,0.0,0.0,0.0,0.0,0.0,0.0,0.0,0.0,0.0,0.0,0.0,0.0,0.0,0.0,2.0,1.0,2.0,0.0,1.0,4.0,2.0,2.0,2.0,17.0,10.0,16.0
797,1.0,797.0,London_303,cons,151,453,1092.0,70.0,2.0,135447.0,0.815335625782609,756.0,40.0,0.0,40.0,66.0,0.0,66.0,79.0,138.0,188.0,6.0,74.0,8.0,27.0,2.0,10.0,25.0,93.0,128.0,207.0,205.0,0.0,0.0,0.0,0.0,0.0,0.0,0.0,0.0,0.0,13.0,0.0,4.0,2.0,3.0,0.0,3.0,0.0,1.0,0.0,13.0,0.0,0.0,0.0,0.0,0.0,0.0,0.0,0.0,0.0,0.0,0.0,0.0,0.0,0.0,0.0,0.0,0.0,0.0,1.0,2.0,3.0,1.0,1.0,4.0,1.0,1.0,4.0,7.0,11.0,2.0,0.0,0.0,0.0,0.0,0.0,0.0,0.0,0.0,0.0,0.0,0.0,0.0,0.0,0.0,0.0,0.0,0.0,0.0,1.0,2.0,3.0,1.0,1.0,5.0,1.0,1.0,4.0,11.0,12.0,3.0
798,1.0,798.0,London_303,cons,151,453,1092.0,70.0,2.0,149490.0,0.8403535666875541,787.0,36.0,1.0,35.0,62.0,9.0,53.0,44.0,138.0,192.0,7.0,68.0,8.0,27.0,2.0,11.0,25.0,90.0,135.0,203.0,207.0,5.0,1.0,4.0,0.0,0.0,0.0,0.0,0.0,0.0,16.0,2.0,1.0,1.0,6.0,0.0,3.0,1.0,2.0,1.0,15.0,0.0,0.0,0.0,0.0,0.0,0.0,0.0,0.0,0.0,0.0,0.0,0.0,0.0,0.0,0.0,0.0,0.0,0.0,0.0,0.0,0.0,0.0,0.0,2.0,2.0,3.0,1.0,4.0,8.0,5.0,0.0,0.0,0.0,0.0,0.0,0.0,0.0,0.0,0.0,0.0,0.0,0.0,0.0,0.0,0.0,0.0,0.0,0.0,0.0,0.0,0.0,0.0,0.0,2.0,2.0,3.0,1.0,4.0,10.0,5.0
799,1.0,799.0,London_303,cons,151,453,1092.0,70.0,2.0,181200.0,1.0207677730359137,857.0,134.0,2.0,132.0,241.0,19.0,222.0,37.0,136.0,185.0,15.0,69.0,10.0,25.0,2.0,11.0,24.0,83.0,145.0,201.0,199.0,7.0,1.0,4.0,0.0,1.0,0.0,0.0,0.0,1.0,87.0,3.0,32.0,2.0,35.0,0.0,10.0,0.0,5.0,2.0,85.0,0.0,0.0,0.0,0.0,0.0,0.0,0.0,0.0,1.0,0.0,0.0,0.0,0.0,1.0,2.0,0.0,0.0,0.0,0.0,0.0,1.0,0.0,2.0,7.0,1.0,5.0,3.0,9.0,10.0,9.0,0.0,0.0,0.0,0.0,0.0,0.0,0.0,0.0,1.0,0.0,0.0,0.0,0.0,3.0,6.0,0.0,0.0,0.0,0.0,0.0,2.0,0.0,2.0,9.0,2.0,7.0,3.0,11.0,11.0,11.0
800,1.0,800.0,London_303,cons,151,453,1092.0,70.0,2.0,159456.0,0.9182692510075867,809.0,102.0,2.0,100.0,182.0,18.0,164.0,97.0,131.0,178.0,17.0,86.0,5.0,24.0,2.0,10.0,24.0,89.0,137.0,203.0,190.0,3.0,0.0,3.0,0.0,0.0,0.0,0.0,0.0,0.0,49.0,4.0,15.0,1.0,14.0,0.0,9.0,0.0,6.0,2.0,47.0,0.0,0.0,0.0,0.0,0.0,0.0,0.0,0.0,0.0,0.0,0.0,0.0,0.0,0.0,1.0,0.0,0.0,0.0,1.0,5.0,1.0,0.0,6.0,8.0,5.0,5.0,3.0,13.0,17.0,7.0,0.0,0.0,0.0,0.0,0.0,0.0,0.0,0.0,0.0,0.0,0.0,0.0,0.0,0.0,1.0,0.0,0.0,0.0,1.0,6.0,1.0,0.0,9.0,11.0,5.0,5.0,5.0,19.0,20.0,7.0
801,1.0,801.0,London_303,cons,151,453,1092.0,70.0,2.0,156738.0,0.9705683821812272,803.0,138.0,1.0,137.0,245.0,9.0,236.0,91.0,136.0,175.0,15.0,78.0,6.0,27.0,2.0,14.0,27.0,92.0,128.0,206.0,194.0,8.0,2.0,4.0,0.0,0.0,0.0,1.0,0.0,1.0,82.0,1.0,36.0,6.0,32.0,0.0,3.0,0.0,4.0,0.0,82.0,0.0,0.0,0.0,0.0,0.0,0.0,0.0,0.0,0.0,0.0,0.0,0.0,0.0,0.0,1.0,0.0,0.0,0.0,2.0,5.0,3.0,3.0,3.0,8.0,7.0,8.0,3.0,11.0,19.0,13.0,0.0,0.0,0.0,0.0,0.0,0.0,0.0,0.0,0.0,0.0,0.0,0.0,0.0,0.0,1.0,0.0,0.0,0.0,2.0,5.0,4.0,4.0,4.0,11.0,7.0,9.0,3.0,13.0,24.0,14.0
802,1.0,802.0,London_303,cons,151,453,1092.0,70.0,2.0,128652.0,1.1821937239728868,741.0,82.0,0.0,82.0,148.0,0.0,148.0,117.0,137.0,176.0,20.0,66.0,9.0,27.0,2.0,16.0,24.0,93.0,128.0,208.0,191.0,5.0,0.0,3.0,0.0,1.0,0.0,0.0,0.0,1.0,43.0,1.0,14.0,2.0,20.0,1.0,3.0,0.0,2.0,0.0,43.0,0.0,0.0,0.0,0.0,0.0,0.0,0.0,0.0,0.0,0.0,0.0,0.0,0.0,0.0,0.0,0.0,0.0,0.0,3.0,1.0,2.0,0.0,3.0,3.0,3.0,2.0,5.0,11.0,6.0,8.0,0.0,0.0,0.0,0.0,0.0,0.0,0.0,0.0,0.0,0.0,0.0,0.0,0.0,0.0,0.0,0.0,0.0,0.0,3.0,1.0,2.0,0.0,3.0,3.0,3.0,5.0,7.0,15.0,10.0,10.0
803,1.0,803.0,London_303,cons,151,453,1092.0,70.0,2.0,124122.0,0.7350269509479403,731.0,12.0,0.0,12.0,25.0,0.0,25.0,84.0,135.0,171.0,26.0,69.0,5.0,30.0,2.0,15.0,24.0,84.0,132.0,213.0,201.0,4.0,1.0,1.0,0.0,1.0,0.0,0.0,0.0,1.0,2.0,1.0,0.0,0.0,1.0,0.0,0.0,0.0,0.0,0.0,2.0,0.0,0.0,0.0,0.0,0.0,0.0,0.0,0.0,0.0,0.0,0.0,0.0,0.0,0.0,0.0,0.0,0.0,0.0,2.0,1.0,1.0,0.0,2.0,3.0,0.0,0.0,1.0,1.0,2.0,0.0,0.0,0.0,0.0,0.0,0.0,0.0,0.0,0.0,0.0,0.0,0.0,0.0,0.0,0.0,0.0,0.0,0.0,0.0,2.0,1.0,1.0,0.0,2.0,3.0,0.0,0.0,2.0,1.0,3.0,0.0
804,1.0,804.0,London_303,cons,151,453,1092.0,70.0,2.0,152208.0,1.0095439958386123,793.0,90.0,0.0,90.0,152.0,0.0,152.0,26.0,130.0,167.0,29.0,71.0,6.0,32.0,2.0,16.0,24.0,88.0,132.0,209.0,201.0,6.0,0.0,5.0,0.0,0.0,0.0,0.0,0.0,1.0,49.0,1.0,15.0,0.0,25.0,2.0,6.0,0.0,0.0,0.0,49.0,0.0,0.0,0.0,0.0,0.0,0.0,0.0,0.0,0.0,0.0,0.0,0.0,0.0,0.0,0.0,0.0,0.0,0.0,3.0,1.0,4.0,0.0,2.0,2.0,1.0,2.0,1.0,16.0,10.0,6.0,0.0,0.0,0.0,0.0,0.0,0.0,0.0,0.0,0.0,0.0,0.0,0.0,0.0,0.0,0.0,0.0,0.0,0.0,3.0,1.0,5.0,0.0,3.0,3.0,2.0,2.0,1.0,25.0,11.0,6.0
805,1.0,805.0,London_303,cons,151,453,1092.0,70.0,2.0,153114.0,1.0160226239822805,795.0,60.0,0.0,60.0,110.0,0.0,110.0,82.0,123.0,181.0,25.0,75.0,6.0,26.0,2.0,15.0,24.0,97.0,134.0,198.0,205.0,4.0,1.0,2.0,0.0,1.0,0.0,0.0,0.0,0.0,25.0,0.0,7.0,0.0,14.0,0.0,2.0,0.0,2.0,0.0,25.0,0.0,0.0,0.0,0.0,0.0,0.0,0.0,0.0,0.0,0.0,0.0,0.0,0.0,0.0,0.0,0.0,0.0,0.0,1.0,1.0,1.0,0.0,2.0,6.0,1.0,5.0,8.0,8.0,7.0,7.0,0.0,0.0,0.0,0.0,0.0,0.0,0.0,0.0,0.0,0.0,0.0,0.0,0.0,0.0,0.0,0.0,0.0,0.0,1.0,1.0,1.0,0.0,2.0,7.0,1.0,6.0,12.0,13.0,11.0,12.0
806,1.0,806.0,London_303,cons,151,453,1092.0,70.0,2.0,167610.0,1.1308367140591145,827.0,116.0,2.0,114.0,199.0,17.0,182.0,75.0,130.0,186.0,9.0,77.0,8.0,31.0,1.0,11.0,22.0,99.0,124.0,208.0,207.0,4.0,0.0,3.0,0.0,1.0,0.0,0.0,0.0,0.0,76.0,0.0,28.0,7.0,33.0,0.0,8.0,0.0,0.0,2.0,74.0,0.0,0.0,0.0,0.0,0.0,0.0,0.0,0.0,0.0,0.0,0.0,0.0,0.0,1.0,0.0,0.0,0.0,0.0,0.0,2.0,2.0,0.0,4.0,6.0,0.0,2.0,6.0,15.0,12.0,5.0,0.0,0.0,0.0,0.0,0.0,0.0,0.0,0.0,0.0,0.0,0.0,0.0,0.0,1.0,0.0,0.0,0.0,0.0,0.0,2.0,2.0,0.0,4.0,6.0,0.0,2.0,7.0,18.0,14.0,6.0
807,1.0,807.0,London_303,cons,151,453,1092.0,70.0,2.0,149943.0,1.1173798236995935,788.0,133.0,0.0,133.0,226.0,0.0,226.0,86.0,127.0,186.0,13.0,80.0,6.0,27.0,1.0,13.0,23.0,98.0,110.0,222.0,203.0,4.0,0.0,4.0,0.0,0.0,0.0,0.0,0.0,0.0,71.0,1.0,21.0,2.0,35.0,0.0,5.0,2.0,5.0,0.0,71.0,0.0,0.0,0.0,0.0,0.0,0.0,0.0,0.0,0.0,0.0,0.0,0.0,0.0,0.0,0.0,0.0,0.0,0.0,5.0,1.0,3.0,0.0,8.0,11.0,3.0,5.0,7.0,14.0,10.0,15.0,0.0,0.0,0.0,0.0,0.0,0.0,0.0,0.0,0.0,0.0,0.0,0.0,0.0,0.0,0.0,0.0,0.0,0.0,5.0,1.0,3.0,0.0,9.0,16.0,3.0,6.0,10.0,20.0,11.0,16.0
808,1.0,808.0,London_303,cons,151,453,1092.0,70.0,2.0,125481.0,0.7046642960049212,734.0,29.0,0.0,29.0,42.0,0.0,42.0,122.0,119.0,190.0,12.0,89.0,3.0,25.0,2.0,13.0,24.0,100.0,123.0,206.0,203.0,9.0,1.0,7.0,0.0,1.0,0.0,0.0,0.0,0.0,8.0,0.0,0.0,1.0,2.0,0.0,4.0,0.0,1.0,0.0,8.0,0.0,0.0,0.0,0.0,0.0,0.0,0.0,0.0,0.0,0.0,0.0,0.0,0.0,0.0,0.0,0.0,0.0,0.0,0.0,0.0,1.0,0.0,0.0,3.0,2.0,2.0,4.0,4.0,4.0,7.0,0.0,0.0,0.0,0.0,0.0,0.0,0.0,0.0,0.0,0.0,0.0,0.0,0.0,0.0,0.0,0.0,0.0,0.0,0.0,0.0,1.0,0.0,0.0,3.0,2.0,3.0,4.0,4.0,5.0,8.0
809,1.0,809.0,London_303,cons,151,453,1092.0,70.0,2.0,161721.0,1.7089708433486521,814.0,51.0,1.0,50.0,100.0,8.0,92.0,41.0,120.0,185.0,14.0,90.0,2.0,26.0,3.0,13.0,25.0,95.0,126.0,207.0,202.0,5.0,2.0,3.0,0.0,0.0,0.0,0.0,0.0,0.0,23.0,2.0,7.0,0.0,8.0,4.0,2.0,0.0,0.0,0.0,23.0,0.0,0.0,0.0,0.0,0.0,0.0,0.0,0.0,0.0,0.0,0.0,0.0,0.0,0.0,1.0,0.0,0.0,0.0,2.0,1.0,1.0,1.0,1.0,1.0,2.0,3.0,2.0,7.0,7.0,8.0,0.0,0.0,0.0,0.0,0.0,0.0,0.0,0.0,0.0,0.0,0.0,0.0,0.0,0.0,2.0,0.0,0.0,0.0,3.0,1.0,1.0,1.0,1.0,1.0,3.0,5.0,2.0,11.0,8.0,10.0
810,1.0,810.0,London_303,cons,151,453,1092.0,70.0,2.0,183918.0,1.074446382932365,863.0,49.0,2.0,47.0,103.0,17.0,86.0,66.0,114.0,190.0,10.0,91.0,3.0,31.0,3.0,11.0,23.0,95.0,133.0,202.0,196.0,1.0,1.0,0.0,0.0,0.0,0.0,0.0,0.0,0.0,23.0,1.0,8.0,1.0,7.0,0.0,3.0,0.0,3.0,0.0,23.0,0.0,0.0,0.0,0.0,0.0,0.0,0.0,0.0,0.0,0.0,0.0,0.0,0.0,1.0,1.0,0.0,0.0,0.0,1.0,0.0,4.0,0.0,1.0,2.0,1.0,2.0,6.0,9.0,8.0,4.0,0.0,0.0,0.0,0.0,0.0,0.0,0.0,0.0,0.0,0.0,0.0,0.0,0.0,6.0,2.0,0.0,0.0,0.0,1.0,0.0,4.0,0.0,1.0,2.0,1.0,2.0,7.0,14.0,11.0,4.0
811,1.0,811.0,London_303,cons,151,453,1092.0,70.0,2.0,203850.0,1.3628375809639692,907.0,153.0,2.0,151.0,279.0,18.0,261.0,65.0,116.0,183.0,12.0,86.0,5.0,37.0,3.0,11.0,20.0,99.0,122.0,212.0,192.0,0.0,0.0,0.0,0.0,0.0,0.0,0.0,0.0,0.0,85.0,0.0,39.0,4.0,29.0,0.0,8.0,2.0,3.0,2.0,83.0,0.0,0.0,0.0,0.0,0.0,0.0,0.0,0.0,0.0,0.0,0.0,1.0,0.0,1.0,0.0,0.0,0.0,0.0,2.0,2.0,3.0,1.0,5.0,7.0,5.0,7.0,8.0,15.0,23.0,11.0,0.0,0.0,0.0,0.0,0.0,0.0,0.0,0.0,0.0,0.0,0.0,1.0,0.0,3.0,0.0,0.0,0.0,0.0,2.0,3.0,3.0,1.0,5.0,8.0,6.0,10.0,10.0,19.0,24.0,12.0
812,1.0,812.0,London_303,cons,151,453,1092.0,70.0,2.0,176670.0,1.0663563646376133,847.0,70.0,0.0,70.0,118.0,0.0,118.0,137.0,109.0,192.0,13.0,87.0,6.0,31.0,2.0,13.0,18.0,98.0,117.0,220.0,191.0,3.0,2.0,1.0,0.0,0.0,0.0,0.0,0.0,0.0,23.0,0.0,1.0,1.0,15.0,0.0,3.0,1.0,2.0,0.0,23.0,0.0,0.0,0.0,0.0,0.0,0.0,0.0,0.0,0.0,0.0,0.0,0.0,0.0,0.0,0.0,0.0,0.0,0.0,2.0,2.0,2.0,0.0,4.0,5.0,6.0,4.0,7.0,12.0,12.0,10.0,0.0,0.0,0.0,0.0,0.0,0.0,0.0,0.0,0.0,0.0,0.0,0.0,0.0,0.0,0.0,0.0,0.0,0.0,2.0,2.0,3.0,0.0,4.0,5.0,7.0,6.0,8.0,15.0,14.0,12.0
813,1.0,813.0,London_303,cons,151,453,1092.0,70.0,2.0,175764.0,1.1573408809490502,845.0,82.0,2.0,80.0,150.0,22.0,128.0,85.0,113.0,190.0,10.0,82.0,5.0,35.0,3.0,15.0,18.0,97.0,127.0,211.0,201.0,3.0,0.0,2.0,0.0,0.0,0.0,0.0,0.0,1.0,38.0,0.0,16.0,5.0,12.0,0.0,4.0,0.0,1.0,1.0,37.0,0.0,0.0,0.0,0.0,0.0,0.0,0.0,0.0,0.0,0.0,0.0,0.0,0.0,0.0,0.0,0.0,0.0,0.0,2.0,1.0,1.0,0.0,5.0,5.0,4.0,0.0,7.0,12.0,11.0,7.0,0.0,0.0,0.0,0.0,0.0,0.0,0.0,0.0,0.0,0.0,0.0,0.0,0.0,0.0,0.0,0.0,0.0,0.0,2.0,1.0,1.0,0.0,5.0,6.0,4.0,0.0,8.0,12.0,16.0,11.0
814,1.0,814.0,London_303,cons,151,453,1092.0,70.0,2.0,166251.0,0.9510435918346047,824.0,137.0,0.0,137.0,245.0,0.0,245.0,96.0,111.0,182.0,7.0,85.0,8.0,42.0,3.0,15.0,14.0,104.0,119.0,216.0,196.0,0.0,0.0,0.0,0.0,0.0,0.0,0.0,0.0,0.0,83.0,1.0,32.0,7.0,34.0,1.0,3.0,0.0,5.0,0.0,83.0,0.0,0.0,0.0,0.0,0.0,0.0,0.0,0.0,0.0,0.0,0.0,0.0,0.0,0.0,0.0,0.0,0.0,0.0,4.0,2.0,2.0,0.0,7.0,9.0,4.0,3.0,5.0,11.0,20.0,11.0,0.0,0.0,0.0,0.0,0.0,0.0,0.0,0.0,0.0,0.0,0.0,0.0,0.0,0.0,0.0,0.0,0.0,0.0,4.0,2.0,2.0,0.0,7.0,10.0,4.0,5.0,7.0,13.0,25.0,13.0
815,1.0,815.0,London_303,cons,151,453,1092.0,70.0,2.0,127293.0,0.7122172256931663,738.0,159.0,0.0,159.0,280.0,0.0,280.0,113.0,112.0,182.0,10.0,95.0,5.0,34.0,3.0,12.0,15.0,104.0,122.0,212.0,204.0,2.0,0.0,2.0,0.0,0.0,0.0,0.0,0.0,0.0,97.0,1.0,27.0,5.0,49.0,3.0,8.0,2.0,2.0,0.0,97.0,0.0,0.0,0.0,0.0,0.0,0.0,0.0,0.0,0.0,0.0,0.0,0.0,0.0,0.0,0.0,0.0,0.0,0.0,0.0,3.0,2.0,0.0,7.0,9.0,6.0,3.0,9.0,14.0,18.0,14.0,0.0,0.0,0.0,0.0,0.0,0.0,0.0,0.0,0.0,0.0,0.0,0.0,0.0,0.0,0.0,0.0,0.0,0.0,0.0,3.0,2.0,0.0,7.0,10.0,8.0,3.0,10.0,19.0,23.0,16.0
816,1.0,816.0,London_303,cons,151,453,1092.0,70.0,2.0,83805.0,0.7036631451919675,642.0,49.0,2.0,47.0,110.0,19.0,91.0,128.0,114.0,185.0,8.0,91.0,4.0,38.0,3.0,10.0,20.0,104.0,105.0,224.0,205.0,5.0,0.0,4.0,0.0,0.0,0.0,0.0,1.0,0.0,11.0,0.0,2.0,0.0,4.0,0.0,3.0,1.0,1.0,2.0,9.0,0.0,0.0,0.0,0.0,0.0,0.0,0.0,0.0,0.0,0.0,0.0,0.0,1.0,0.0,2.0,0.0,0.0,0.0,1.0,6.0,1.0,0.0,2.0,13.0,5.0,2.0,9.0,10.0,12.0,6.0,0.0,0.0,0.0,0.0,0.0,0.0,0.0,0.0,0.0,0.0,0.0,0.0,4.0,0.0,5.0,0.0,0.0,0.0,1.0,9.0,2.0,0.0,2.0,21.0,6.0,2.0,14.0,17.0,18.0,7.0
817,1.0,817.0,London_303,cons,151,453,1092.0,70.0,2.0,96942.0,0.4950671116821468,671.0,44.0,2.0,42.0,104.0,17.0,87.0,98.0,118.0,185.0,10.0,88.0,5.0,36.0,2.0,9.0,16.0,111.0,111.0,215.0,199.0,10.0,2.0,7.0,0.0,0.0,0.0,1.0,0.0,0.0,17.0,2.0,2.0,0.0,6.0,1.0,4.0,1.0,1.0,2.0,15.0,0.0,0.0,0.0,0.0,0.0,0.0,0.0,0.0,0.0,0.0,0.0,1.0,0.0,1.0,2.0,0.0,0.0,0.0,1.0,6.0,3.0,0.0,2.0,3.0,2.0,2.0,1.0,8.0,8.0,9.0,0.0,0.0,0.0,0.0,0.0,0.0,0.0,0.0,0.0,0.0,0.0,1.0,0.0,7.0,3.0,0.0,0.0,0.0,1.0,6.0,3.0,0.0,2.0,5.0,2.0,2.0,2.0,11.0,14.0,11.0
818,1.0,818.0,London_303,cons,151,453,1092.0,70.0,2.0,110079.0,1.0308733126148582,700.0,31.0,0.0,31.0,50.0,0.0,50.0,80.0,121.0,184.0,14.0,86.0,2.0,32.0,2.0,12.0,14.0,104.0,116.0,219.0,191.0,2.0,1.0,0.0,0.0,0.0,0.0,0.0,0.0,1.0,9.0,1.0,1.0,1.0,5.0,0.0,0.0,0.0,1.0,0.0,9.0,0.0,0.0,0.0,0.0,0.0,0.0,0.0,0.0,0.0,0.0,0.0,0.0,0.0,0.0,0.0,0.0,0.0,0.0,0.0,3.0,1.0,0.0,2.0,2.0,3.0,1.0,6.0,8.0,3.0,2.0,0.0,0.0,0.0,0.0,0.0,0.0,0.0,0.0,0.0,0.0,0.0,0.0,0.0,0.0,0.0,0.0,0.0,0.0,0.0,5.0,1.0,0.0,2.0,2.0,4.0,1.0,7.0,10.0,3.0,2.0
819,1.0,819.0,London_303,cons,151,453,1092.0,70.0,2.0,136806.0,0.9225841392762959,759.0,62.0,0.0,62.0,103.0,0.0,103.0,39.0,127.0,178.0,14.0,85.0,2.0,33.0,3.0,11.0,15.0,107.0,121.0,210.0,191.0,7.0,4.0,2.0,0.0,1.0,0.0,0.0,0.0,0.0,28.0,1.0,10.0,0.0,12.0,0.0,4.0,0.0,1.0,0.0,28.0,0.0,0.0,0.0,0.0,0.0,0.0,0.0,0.0,0.0,0.0,0.0,0.0,0.0,0.0,0.0,0.0,0.0,0.0,1.0,0.0,2.0,1.0,3.0,6.0,1.0,5.0,1.0,8.0,7.0,3.0,0.0,0.0,0.0,0.0,0.0,0.0,0.0,0.0,0.0,0.0,0.0,0.0,0.0,0.0,0.0,0.0,0.0,0.0,1.0,0.0,2.0,1.0,4.0,6.0,1.0,6.0,2.0,12.0,8.0,4.0
820,1.0,820.0,London_303,cons,151,453,1092.0,70.0,2.0,151755.0,1.0062990500591695,792.0,16.0,0.0,16.0,27.0,0.0,27.0,70.0,125.0,174.0,16.0,88.0,3.0,34.0,3.0,10.0,19.0,105.0,116.0,213.0,198.0,4.0,0.0,4.0,0.0,0.0,0.0,0.0,0.0,0.0,3.0,0.0,0.0,1.0,0.0,1.0,0.0,0.0,1.0,0.0,3.0,0.0,0.0,0.0,0.0,0.0,0.0,0.0,0.0,0.0,0.0,0.0,0.0,0.0,0.0,0.0,0.0,0.0,0.0,1.0,3.0,0.0,1.0,1.0,2.0,2.0,4.0,2.0,3.0,4.0,5.0,0.0,0.0,0.0,0.0,0.0,0.0,0.0,0.0,0.0,0.0,0.0,0.0,0.0,0.0,0.0,0.0,0.0,0.0,1.0,3.0,0.0,2.0,1.0,2.0,3.0,5.0,2.0,6.0,4.0,6.0
821,1.0,821.0,London_303,cons,151,453,1092.0,70.0,2.0,197961.0,1.246730549260974,894.0,113.0,2.0,111.0,209.0,19.0,190.0,28.0,128.0,172.0,15.0,87.0,4.0,34.0,3.0,10.0,19.0,101.0,122.0,211.0,195.0,3.0,0.0,2.0,0.0,1.0,0.0,0.0,0.0,0.0,67.0,1.0,15.0,0.0,35.0,2.0,10.0,1.0,3.0,2.0,65.0,0.0,0.0,0.0,0.0,0.0,0.0,0.0,0.0,0.0,0.0,0.0,0.0,0.0,0.0,1.0,0.0,0.0,0.0,2.0,4.0,1.0,0.0,4.0,3.0,6.0,1.0,7.0,13.0,12.0,15.0,0.0,0.0,0.0,0.0,0.0,0.0,0.0,0.0,0.0,0.0,0.0,0.0,0.0,0.0,2.0,0.0,0.0,0.0,2.0,5.0,1.0,0.0,5.0,4.0,10.0,1.0,7.0,18.0,17.0,16.0
822,1.0,822.0,London_303,cons,151,453,1092.0,70.0,2.0,191166.0,2.1397440852597356,879.0,42.0,2.0,40.0,84.0,18.0,66.0,102.0,133.0,163.0,11.0,95.0,7.0,28.0,4.0,12.0,17.0,110.0,121.0,205.0,189.0,11.0,5.0,4.0,0.0,1.0,0.0,1.0,0.0,0.0,9.0,1.0,1.0,3.0,2.0,1.0,1.0,0.0,0.0,2.0,7.0,0.0,0.0,0.0,0.0,0.0,0.0,0.0,0.0,0.0,0.0,0.0,0.0,0.0,0.0,0.0,0.0,0.0,0.0,1.0,5.0,2.0,0.0,2.0,5.0,3.0,1.0,2.0,4.0,10.0,9.0,0.0,0.0,0.0,0.0,0.0,0.0,0.0,0.0,0.0,0.0,0.0,0.0,0.0,0.0,0.0,0.0,0.0,0.0,1.0,7.0,2.0,0.0,2.0,5.0,4.0,1.0,3.0,5.0,11.0,13.0
823,1.0,823.0,London_303,cons,151,453,1092.0,70.0,2.0,221064.0,1.5660320967435837,945.0,200.0,2.0,198.0,341.0,15.0,326.0,69.0,130.0,158.0,10.0,96.0,8.0,33.0,6.0,12.0,21.0,112.0,112.0,208.0,194.0,6.0,1.0,2.0,0.0,2.0,0.0,0.0,0.0,1.0,136.0,2.0,47.0,8.0,63.0,1.0,10.0,0.0,5.0,2.0,134.0,0.0,0.0,0.0,0.0,0.0,0.0,0.0,0.0,0.0,0.0,0.0,0.0,1.0,0.0,0.0,0.0,0.0,0.0,1.0,4.0,3.0,0.0,5.0,8.0,4.0,3.0,6.0,14.0,18.0,15.0,0.0,0.0,0.0,0.0,0.0,0.0,0.0,0.0,0.0,0.0,0.0,0.0,1.0,0.0,0.0,0.0,0.0,0.0,1.0,6.0,3.0,0.0,5.0,10.0,5.0,3.0,7.0,17.0,27.0,19.0
824,1.0,824.0,London_303,cons,151,453,1092.0,70.0,2.0,164892.0,1.0662341807037592,821.0,86.0,0.0,86.0,146.0,0.0,146.0,119.0,131.0,168.0,12.0,86.0,5.0,29.0,8.0,14.0,21.0,105.0,116.0,211.0,197.0,9.0,1.0,8.0,0.0,0.0,0.0,0.0,0.0,0.0,48.0,1.0,10.0,1.0,29.0,1.0,3.0,0.0,3.0,0.0,48.0,0.0,0.0,0.0,0.0,0.0,0.0,0.0,0.0,0.0,0.0,0.0,0.0,0.0,0.0,0.0,0.0,0.0,0.0,2.0,2.0,2.0,0.0,6.0,1.0,3.0,2.0,6.0,13.0,8.0,15.0,0.0,0.0,0.0,0.0,0.0,0.0,0.0,0.0,0.0,0.0,0.0,0.0,0.0,0.0,0.0,0.0,0.0,0.0,2.0,2.0,2.0,0.0,6.0,1.0,4.0,2.0,6.0,19.0,11.0,16.0
825,1.0,825.0,London_303,cons,151,453,1092.0,70.0,2.0,172140.0,1.0214738282375038,837.0,87.0,1.0,86.0,151.0,10.0,141.0,85.0,135.0,159.0,11.0,89.0,5.0,33.0,6.0,15.0,19.0,102.0,120.0,212.0,198.0,0.0,0.0,0.0,0.0,0.0,0.0,0.0,0.0,0.0,42.0,0.0,16.0,3.0,20.0,0.0,3.0,0.0,0.0,1.0,41.0,0.0,0.0,0.0,0.0,0.0,0.0,0.0,0.0,0.0,0.0,0.0,0.0,0.0,1.0,1.0,0.0,0.0,0.0,2.0,2.0,1.0,1.0,3.0,8.0,3.0,0.0,3.0,10.0,14.0,9.0,0.0,0.0,0.0,0.0,0.0,0.0,0.0,0.0,0.0,0.0,0.0,0.0,0.0,4.0,3.0,0.0,0.0,0.0,2.0,2.0,1.0,1.0,3.0,12.0,4.0,0.0,3.0,15.0,20.0,12.0
826,1.0,826.0,London_303,cons,151,453,1092.0,70.0,2.0,171687.0,1.2689669346436858,836.0,222.0,2.0,220.0,394.0,18.0,376.0,83.0,145.0,161.0,7.0,85.0,3.0,29.0,7.0,16.0,20.0,107.0,122.0,204.0,198.0,2.0,0.0,1.0,0.0,0.0,0.0,1.0,0.0,0.0,155.0,1.0,55.0,12.0,72.0,0.0,8.0,0.0,7.0,1.0,154.0,0.0,0.0,0.0,0.0,0.0,0.0,0.0,0.0,0.0,0.0,0.0,0.0,0.0,1.0,1.0,0.0,0.0,0.0,3.0,3.0,1.0,0.0,4.0,0.0,2.0,2.0,7.0,14.0,20.0,9.0,0.0,0.0,0.0,0.0,0.0,0.0,0.0,0.0,0.0,0.0,0.0,0.0,0.0,5.0,3.0,0.0,0.0,0.0,4.0,3.0,1.0,0.0,5.0,0.0,2.0,3.0,7.0,20.0,24.0,11.0
827,1.0,827.0,London_303,cons,151,453,1092.0,70.0,2.0,98754.0,0.5257367566227913,675.0,7.0,3.0,4.0,31.0,24.0,7.0,134.0,128.0,173.0,14.0,91.0,3.0,25.0,4.0,15.0,17.0,107.0,131.0,198.0,193.0,5.0,0.0,2.0,0.0,3.0,0.0,0.0,0.0,0.0,4.0,0.0,1.0,0.0,2.0,0.0,1.0,0.0,0.0,3.0,1.0,0.0,0.0,0.0,0.0,0.0,0.0,0.0,0.0,0.0,0.0,0.0,1.0,0.0,1.0,2.0,0.0,0.0,0.0,0.0,0.0,0.0,0.0,0.0,0.0,1.0,0.0,0.0,1.0,1.0,1.0,0.0,0.0,0.0,0.0,0.0,0.0,0.0,0.0,0.0,0.0,0.0,2.0,0.0,1.0,3.0,0.0,0.0,0.0,0.0,0.0,0.0,0.0,0.0,0.0,1.0,0.0,0.0,1.0,1.0,1.0
828,1.0,828.0,London_303,cons,151,453,1092.0,70.0,2.0,119139.0,0.7325456799007952,720.0,71.0,0.0,71.0,121.0,0.0,121.0,24.0,131.0,174.0,14.0,85.0,3.0,27.0,4.0,15.0,14.0,107.0,127.0,205.0,180.0,4.0,0.0,4.0,0.0,0.0,0.0,0.0,0.0,0.0,29.0,1.0,14.0,1.0,6.0,3.0,3.0,0.0,1.0,0.0,29.0,0.0,0.0,0.0,0.0,0.0,0.0,0.0,0.0,0.0,0.0,0.0,0.0,0.0,0.0,0.0,0.0,0.0,0.0,0.0,2.0,1.0,2.0,2.0,3.0,3.0,2.0,6.0,5.0,12.0,8.0,0.0,0.0,0.0,0.0,0.0,0.0,0.0,0.0,0.0,0.0,0.0,0.0,0.0,0.0,0.0,0.0,0.0,0.0,0.0,2.0,1.0,3.0,3.0,3.0,4.0,2.0,8.0,8.0,15.0,11.0
829,1.0,829.0,London_303,cons,151,453,1092.0,70.0,2.0,115062.0,0.6634275359101593,711.0,29.0,0.0,29.0,48.0,0.0,48.0,79.0,136.0,167.0,10.0,83.0,3.0,36.0,4.0,14.0,15.0,104.0,137.0,197.0,185.0,5.0,2.0,2.0,0.0,0.0,0.0,1.0,0.0,0.0,7.0,0.0,2.0,1.0,3.0,0.0,0.0,0.0,1.0,0.0,7.0,0.0,0.0,0.0,0.0,0.0,0.0,0.0,0.0,0.0,0.0,0.0,0.0,0.0,0.0,0.0,0.0,0.0,0.0,1.0,0.0,1.0,0.0,1.0,3.0,1.0,2.0,2.0,2.0,5.0,3.0,0.0,0.0,0.0,0.0,0.0,0.0,0.0,0.0,0.0,0.0,0.0,0.0,0.0,0.0,0.0,0.0,0.0,0.0,1.0,0.0,1.0,0.0,1.0,3.0,1.0,3.0,2.0,4.0,8.0,3.0
830,1.0,830.0,London_303,cons,151,453,1092.0,70.0,2.0,142242.0,1.194116124883294,771.0,43.0,0.0,43.0,77.0,0.0,77.0,44.0,134.0,164.0,13.0,83.0,3.0,39.0,3.0,14.0,16.0,103.0,129.0,205.0,183.0,4.0,1.0,2.0,0.0,1.0,0.0,0.0,0.0,0.0,16.0,2.0,2.0,3.0,7.0,0.0,1.0,0.0,1.0,0.0,16.0,0.0,0.0,0.0,0.0,0.0,0.0,0.0,0.0,0.0,0.0,0.0,0.0,0.0,0.0,0.0,0.0,0.0,0.0,0.0,3.0,4.0,0.0,0.0,0.0,2.0,1.0,3.0,4.0,7.0,5.0,0.0,0.0,0.0,0.0,0.0,0.0,0.0,0.0,0.0,0.0,0.0,0.0,0.0,0.0,0.0,0.0,0.0,0.0,0.0,4.0,4.0,0.0,0.0,0.0,2.0,1.0,6.0,8.0,10.0,6.0
831,1.0,831.0,London_303,cons,151,453,1092.0,70.0,2.0,154473.0,1.547836002893746,798.0,199.0,2.0,197.0,347.0,18.0,329.0,55.0,140.0,165.0,12.0,77.0,4.0,37.0,3.0,15.0,17.0,97.0,125.0,214.0,184.0,4.0,1.0,2.0,0.0,1.0,0.0,0.0,0.0,0.0,139.0,4.0,45.0,8.0,63.0,2.0,9.0,1.0,7.0,2.0,137.0,0.0,0.0,0.0,0.0,0.0,0.0,0.0,0.0,0.0,0.0,0.0,0.0,0.0,0.0,0.0,0.0,0.0,0.0,2.0,2.0,1.0,1.0,4.0,8.0,4.0,2.0,5.0,13.0,20.0,11.0,0.0,0.0,0.0,0.0,0.0,0.0,0.0,0.0,0.0,0.0,0.0,0.0,0.0,0.0,0.0,0.0,0.0,0.0,3.0,2.0,1.0,1.0,4.0,9.0,6.0,4.0,6.0,20.0,27.0,14.0
832,1.0,832.0,London_303,cons,151,453,1092.0,70.0,2.0,97395.0,1.0747221880592406,672.0,22.0,0.0,22.0,41.0,0.0,41.0,117.0,136.0,168.0,16.0,80.0,5.0,34.0,3.0,11.0,17.0,95.0,128.0,213.0,190.0,1.0,0.0,1.0,0.0,0.0,0.0,0.0,0.0,0.0,3.0,0.0,1.0,0.0,0.0,0.0,2.0,0.0,0.0,0.0,3.0,0.0,0.0,0.0,0.0,0.0,0.0,0.0,0.0,0.0,0.0,0.0,0.0,0.0,0.0,0.0,0.0,0.0,0.0,1.0,0.0,1.0,0.0,0.0,2.0,3.0,0.0,3.0,3.0,10.0,5.0,0.0,0.0,0.0,0.0,0.0,0.0,0.0,0.0,0.0,0.0,0.0,0.0,0.0,0.0,0.0,0.0,0.0,0.0,2.0,0.0,1.0,0.0,0.0,2.0,5.0,0.0,3.0,4.0,13.0,6.0
833,1.0,833.0,London_303,cons,151,453,1092.0,70.0,2.0,120498.0,0.7008165228180587,723.0,7.0,2.0,5.0,26.0,17.0,9.0,34.0,140.0,172.0,16.0,73.0,5.0,34.0,2.0,11.0,18.0,97.0,139.0,199.0,190.0,1.0,0.0,1.0,0.0,0.0,0.0,0.0,0.0,0.0,3.0,0.0,0.0,0.0,1.0,0.0,2.0,0.0,0.0,2.0,1.0,0.0,0.0,0.0,0.0,0.0,0.0,0.0,0.0,0.0,1.0,0.0,0.0,0.0,1.0,0.0,0.0,0.0,0.0,1.0,0.0,0.0,0.0,0.0,0.0,1.0,0.0,0.0,0.0,4.0,1.0,0.0,0.0,0.0,0.0,0.0,0.0,0.0,0.0,0.0,2.0,0.0,0.0,0.0,3.0,0.0,0.0,0.0,0.0,1.0,0.0,0.0,0.0,0.0,0.0,1.0,0.0,0.0,0.0,5.0,1.0
834,1.0,834.0,London_303,cons,151,453,1092.0,70.0,2.0,154926.0,0.9325045668520033,799.0,28.0,2.0,26.0,67.0,21.0,46.0,16.0,142.0,169.0,17.0,77.0,3.0,31.0,2.0,12.0,18.0,98.0,137.0,200.0,185.0,5.0,0.0,3.0,0.0,2.0,0.0,0.0,0.0,0.0,6.0,0.0,1.0,0.0,1.0,1.0,2.0,1.0,0.0,2.0,4.0,0.0,0.0,0.0,0.0,0.0,0.0,0.0,0.0,0.0,0.0,0.0,0.0,0.0,0.0,0.0,0.0,0.0,0.0,1.0,0.0,1.0,2.0,2.0,4.0,1.0,2.0,3.0,3.0,7.0,3.0,0.0,0.0,0.0,0.0,0.0,0.0,0.0,0.0,0.0,0.0,0.0,0.0,0.0,0.0,0.0,0.0,0.0,0.0,1.0,0.0,1.0,2.0,2.0,6.0,1.0,2.0,3.0,4.0,15.0,3.0
835,1.0,835.0,London_303,cons,151,453,1092.0,70.0,2.0,192978.0,1.2771038711071014,883.0,112.0,2.0,110.0,207.0,17.0,190.0,43.0,144.0,175.0,12.0,78.0,1.0,30.0,1.0,12.0,22.0,100.0,134.0,197.0,186.0,7.0,1.0,1.0,0.0,2.0,0.0,1.0,0.0,2.0,61.0,1.0,19.0,2.0,26.0,3.0,6.0,1.0,3.0,2.0,59.0,0.0,0.0,0.0,0.0,0.0,0.0,0.0,0.0,0.0,0.0,0.0,0.0,0.0,0.0,1.0,0.0,0.0,0.0,1.0,1.0,4.0,0.0,4.0,3.0,2.0,4.0,5.0,12.0,10.0,7.0,0.0,0.0,0.0,0.0,0.0,0.0,0.0,0.0,0.0,0.0,0.0,0.0,0.0,0.0,5.0,0.0,0.0,0.0,1.0,1.0,4.0,0.0,4.0,3.0,2.0,5.0,6.0,17.0,14.0,8.0
836,1.0,836.0,London_303,cons,151,453,1092.0,70.0,2.0,182559.0,1.086392258759588,860.0,149.0,0.0,149.0,255.0,0.0,255.0,117.0,150.0,173.0,12.0,64.0,4.0,37.0,1.0,12.0,19.0,111.0,121.0,202.0,183.0,6.0,1.0,4.0,0.0,1.0,0.0,0.0,0.0,0.0,86.0,0.0,21.0,4.0,46.0,1.0,6.0,1.0,7.0,0.0,86.0,0.0,0.0,0.0,0.0,0.0,0.0,0.0,0.0,0.0,0.0,0.0,0.0,0.0,0.0,0.0,0.0,0.0,0.0,2.0,4.0,4.0,2.0,6.0,8.0,5.0,12.0,2.0,19.0,14.0,13.0,0.0,0.0,0.0,0.0,0.0,0.0,0.0,0.0,0.0,0.0,0.0,0.0,0.0,0.0,0.0,0.0,0.0,0.0,2.0,5.0,4.0,3.0,6.0,8.0,7.0,13.0,3.0,25.0,17.0,13.0
837,1.0,837.0,London_303,cons,151,453,1092.0,70.0,2.0,163986.0,1.0321678426116705,819.0,76.0,0.0,76.0,136.0,0.0,136.0,123.0,142.0,164.0,13.0,78.0,3.0,40.0,1.0,12.0,20.0,105.0,120.0,208.0,194.0,6.0,0.0,4.0,0.0,2.0,0.0,0.0,0.0,0.0,29.0,0.0,10.0,0.0,14.0,1.0,0.0,1.0,3.0,0.0,29.0,0.0,0.0,0.0,0.0,0.0,0.0,0.0,0.0,0.0,0.0,0.0,0.0,0.0,0.0,0.0,0.0,0.0,0.0,5.0,3.0,8.0,1.0,3.0,5.0,4.0,2.0,8.0,8.0,7.0,13.0,0.0,0.0,0.0,0.0,0.0,0.0,0.0,0.0,0.0,0.0,0.0,0.0,0.0,0.0,0.0,0.0,0.0,0.0,5.0,4.0,8.0,1.0,3.0,6.0,5.0,2.0,9.0,11.0,9.0,17.0
838,1.0,838.0,London_303,cons,151,453,1092.0,70.0,2.0,164892.0,1.545936076901853,821.0,68.0,0.0,68.0,114.0,0.0,114.0,91.0,151.0,154.0,20.0,77.0,3.0,32.0,3.0,13.0,23.0,93.0,124.0,213.0,198.0,2.0,1.0,1.0,0.0,0.0,0.0,0.0,0.0,0.0,26.0,0.0,10.0,1.0,9.0,0.0,3.0,0.0,3.0,0.0,26.0,0.0,0.0,0.0,0.0,0.0,0.0,0.0,0.0,0.0,0.0,0.0,0.0,0.0,0.0,0.0,0.0,0.0,0.0,3.0,1.0,1.0,0.0,1.0,4.0,4.0,2.0,4.0,9.0,10.0,13.0,0.0,0.0,0.0,0.0,0.0,0.0,0.0,0.0,0.0,0.0,0.0,0.0,0.0,0.0,0.0,0.0,0.0,0.0,4.0,2.0,1.0,0.0,1.0,4.0,5.0,3.0,4.0,13.0,13.0,15.0
839,1.0,839.0,London_303,cons,151,453,1092.0,70.0,2.0,177123.0,1.167491207830608,848.0,142.0,0.0,142.0,250.0,0.0,250.0,73.0,143.0,163.0,23.0,78.0,0.0,28.0,3.0,15.0,22.0,101.0,120.0,210.0,212.0,8.0,1.0,6.0,0.0,0.0,0.0,0.0,0.0,1.0,90.0,0.0,33.0,4.0,37.0,3.0,8.0,0.0,5.0,0.0,90.0,0.0,0.0,0.0,0.0,0.0,0.0,0.0,0.0,0.0,0.0,0.0,0.0,0.0,0.0,0.0,0.0,0.0,0.0,0.0,2.0,1.0,0.0,1.0,9.0,4.0,3.0,2.0,13.0,9.0,12.0,0.0,0.0,0.0,0.0,0.0,0.0,0.0,0.0,0.0,0.0,0.0,0.0,0.0,0.0,0.0,0.0,0.0,0.0,0.0,3.0,1.0,0.0,1.0,10.0,6.0,4.0,2.0,19.0,17.0,16.0
840,1.0,840.0,London_303,cons,151,453,1092.0,70.0,2.0,146319.0,1.3710185349918902,780.0,76.0,1.0,75.0,146.0,9.0,137.0,110.0,141.0,158.0,16.0,83.0,3.0,34.0,2.0,16.0,26.0,104.0,122.0,201.0,215.0,5.0,3.0,1.0,0.0,1.0,0.0,0.0,0.0,0.0,43.0,2.0,15.0,0.0,15.0,0.0,5.0,3.0,3.0,1.0,42.0,0.0,0.0,0.0,0.0,0.0,0.0,0.0,0.0,0.0,0.0,0.0,0.0,1.0,0.0,0.0,0.0,0.0,0.0,2.0,1.0,3.0,1.0,2.0,6.0,5.0,7.0,5.0,6.0,9.0,9.0,0.0,0.0,0.0,0.0,0.0,0.0,0.0,0.0,0.0,0.0,0.0,0.0,1.0,0.0,0.0,0.0,0.0,0.0,3.0,1.0,3.0,1.0,2.0,6.0,7.0,9.0,6.0,8.0,15.0,11.0
841,1.0,841.0,London_303,cons,151,453,1092.0,70.0,2.0,152208.0,0.9173234552145004,793.0,90.0,2.0,88.0,177.0,19.0,158.0,75.0,136.0,162.0,14.0,89.0,2.0,36.0,1.0,13.0,27.0,106.0,123.0,197.0,220.0,2.0,0.0,2.0,0.0,0.0,0.0,0.0,0.0,0.0,53.0,0.0,15.0,1.0,30.0,0.0,2.0,1.0,4.0,2.0,51.0,0.0,0.0,0.0,0.0,0.0,0.0,0.0,0.0,0.0,0.0,0.0,0.0,0.0,1.0,2.0,0.0,0.0,0.0,2.0,1.0,3.0,1.0,1.0,7.0,3.0,1.0,3.0,9.0,12.0,5.0,0.0,0.0,0.0,0.0,0.0,0.0,0.0,0.0,0.0,0.0,0.0,0.0,0.0,4.0,6.0,0.0,0.0,0.0,2.0,1.0,3.0,1.0,1.0,9.0,3.0,2.0,5.0,11.0,14.0,5.0
842,1.0,842.0,London_303,cons,151,453,1092.0,70.0,2.0,144960.0,0.928393934853375,777.0,110.0,2.0,108.0,218.0,18.0,200.0,80.0,132.0,168.0,12.0,88.0,5.0,34.0,1.0,13.0,27.0,100.0,124.0,202.0,220.0,6.0,2.0,4.0,0.0,0.0,0.0,0.0,0.0,0.0,69.0,1.0,22.0,1.0,27.0,1.0,13.0,0.0,4.0,2.0,67.0,0.0,0.0,0.0,0.0,0.0,0.0,0.0,0.0,1.0,0.0,0.0,0.0,0.0,0.0,1.0,0.0,0.0,0.0,1.0,2.0,1.0,1.0,5.0,9.0,2.0,3.0,10.0,9.0,14.0,7.0,0.0,0.0,0.0,0.0,0.0,0.0,0.0,0.0,1.0,0.0,0.0,0.0,0.0,0.0,1.0,0.0,0.0,0.0,1.0,2.0,1.0,1.0,5.0,11.0,3.0,3.0,11.0,12.0,21.0,12.0
843,1.0,843.0,London_303,cons,151,453,1092.0,70.0,2.0,132276.0,0.7909926730208099,749.0,113.0,1.0,112.0,205.0,9.0,196.0,104.0,120.0,167.0,11.0,99.0,0.0,40.0,2.0,14.0,29.0,106.0,117.0,201.0,225.0,1.0,0.0,1.0,0.0,0.0,0.0,0.0,0.0,0.0,65.0,1.0,29.0,7.0,25.0,0.0,2.0,1.0,0.0,0.0,65.0,0.0,0.0,0.0,0.0,0.0,0.0,0.0,0.0,0.0,0.0,0.0,0.0,0.0,0.0,1.0,0.0,0.0,0.0,3.0,1.0,1.0,1.0,2.0,4.0,1.0,5.0,4.0,12.0,8.0,10.0,0.0,0.0,0.0,0.0,0.0,0.0,0.0,0.0,0.0,0.0,0.0,0.0,0.0,0.0,6.0,0.0,0.0,0.0,3.0,1.0,1.0,2.0,2.0,6.0,1.0,5.0,6.0,14.0,10.0,11.0
844,1.0,844.0,London_303,cons,151,453,1092.0,70.0,2.0,122763.0,0.825949386227876,728.0,16.0,0.0,16.0,28.0,0.0,28.0,99.0,116.0,169.0,7.0,97.0,4.0,44.0,2.0,14.0,28.0,107.0,120.0,198.0,222.0,1.0,0.0,1.0,0.0,0.0,0.0,0.0,0.0,0.0,0.0,0.0,0.0,0.0,0.0,0.0,0.0,0.0,0.0,0.0,0.0,0.0,0.0,0.0,0.0,0.0,0.0,0.0,0.0,0.0,0.0,0.0,0.0,0.0,0.0,0.0,0.0,0.0,0.0,2.0,1.0,0.0,1.0,1.0,2.0,4.0,2.0,2.0,2.0,4.0,5.0,0.0,0.0,0.0,0.0,0.0,0.0,0.0,0.0,0.0,0.0,0.0,0.0,0.0,0.0,0.0,0.0,0.0,0.0,2.0,1.0,0.0,1.0,1.0,2.0,7.0,2.0,3.0,4.0,4.0,6.0
845,1.0,845.0,London_303,cons,151,453,1092.0,70.0,2.0,162627.0,1.1203244719654322,816.0,109.0,0.0,109.0,179.0,0.0,179.0,29.0,119.0,160.0,9.0,99.0,5.0,45.0,2.0,14.0,28.0,106.0,117.0,202.0,225.0,3.0,1.0,1.0,0.0,0.0,0.0,1.0,0.0,0.0,61.0,0.0,21.0,1.0,28.0,0.0,7.0,0.0,4.0,0.0,61.0,0.0,0.0,0.0,0.0,0.0,0.0,0.0,0.0,0.0,0.0,0.0,0.0,0.0,0.0,0.0,0.0,0.0,0.0,0.0,1.0,2.0,0.0,4.0,4.0,0.0,1.0,2.0,12.0,18.0,14.0,0.0,0.0,0.0,0.0,0.0,0.0,0.0,0.0,0.0,0.0,0.0,0.0,0.0,0.0,0.0,0.0,0.0,0.0,0.0,1.0,2.0,0.0,4.0,4.0,0.0,1.0,3.0,15.0,22.0,16.0
846,1.0,846.0,London_303,cons,151,453,1092.0,70.0,2.0,152661.0,0.9804854136891663,794.0,60.0,0.0,60.0,101.0,0.0,101.0,89.0,117.0,168.0,14.0,93.0,7.0,35.0,3.0,16.0,29.0,103.0,120.0,201.0,231.0,12.0,3.0,3.0,0.0,3.0,0.0,1.0,0.0,2.0,32.0,1.0,13.0,2.0,10.0,0.0,3.0,0.0,3.0,0.0,32.0,0.0,0.0,0.0,0.0,0.0,0.0,0.0,0.0,0.0,0.0,0.0,0.0,0.0,0.0,0.0,0.0,0.0,0.0,0.0,3.0,0.0,1.0,4.0,5.0,2.0,2.0,5.0,6.0,14.0,7.0,0.0,0.0,0.0,0.0,0.0,0.0,0.0,0.0,0.0,0.0,0.0,0.0,0.0,0.0,0.0,0.0,0.0,0.0,0.0,3.0,0.0,1.0,4.0,5.0,2.0,2.0,7.0,9.0,16.0,8.0
847,1.0,847.0,London_303,cons,151,453,1092.0,70.0,2.0,177123.0,1.3899956699460745,848.0,22.0,0.0,22.0,34.0,0.0,34.0,64.0,119.0,172.0,15.0,89.0,9.0,31.0,2.0,16.0,29.0,105.0,129.0,190.0,226.0,7.0,1.0,3.0,0.0,1.0,0.0,2.0,0.0,0.0,11.0,0.0,3.0,1.0,5.0,0.0,1.0,0.0,1.0,0.0,11.0,0.0,0.0,0.0,0.0,0.0,0.0,0.0,0.0,0.0,0.0,0.0,0.0,0.0,0.0,0.0,0.0,0.0,0.0,1.0,2.0,1.0,0.0,0.0,2.0,0.0,1.0,1.0,3.0,0.0,2.0,0.0,0.0,0.0,0.0,0.0,0.0,0.0,0.0,0.0,0.0,0.0,0.0,0.0,0.0,0.0,0.0,0.0,0.0,1.0,3.0,1.0,0.0,0.0,2.0,0.0,2.0,1.0,4.0,0.0,3.0
848,1.0,848.0,London_303,cons,151,453,1092.0,70.0,2.0,207021.0,1.7716740369796753,914.0,126.0,2.0,124.0,240.0,17.0,223.0,28.0,125.0,167.0,16.0,90.0,8.0,31.0,2.0,14.0,30.0,105.0,127.0,191.0,226.0,9.0,2.0,4.0,0.0,2.0,0.0,0.0,0.0,1.0,81.0,0.0,34.0,0.0,38.0,0.0,7.0,0.0,2.0,2.0,79.0,0.0,0.0,0.0,0.0,0.0,0.0,0.0,0.0,0.0,0.0,0.0,0.0,0.0,0.0,0.0,0.0,0.0,0.0,1.0,3.0,4.0,1.0,4.0,7.0,2.0,8.0,3.0,11.0,14.0,11.0,0.0,0.0,0.0,0.0,0.0,0.0,0.0,0.0,0.0,0.0,0.0,0.0,0.0,0.0,0.0,0.0,0.0,0.0,1.0,4.0,4.0,1.0,5.0,11.0,2.0,8.0,4.0,15.0,17.0,13.0
849,1.0,849.0,London_303,cons,151,453,1092.0,70.0,2.0,177123.0,1.245550663676113,848.0,144.0,0.0,144.0,253.0,0.0,253.0,108.0,119.0,171.0,14.0,96.0,6.0,32.0,2.0,13.0,29.0,105.0,121.0,198.0,224.0,8.0,4.0,4.0,0.0,0.0,0.0,0.0,0.0,0.0,94.0,0.0,40.0,8.0,39.0,0.0,4.0,0.0,3.0,0.0,94.0,0.0,0.0,0.0,0.0,0.0,0.0,0.0,0.0,0.0,0.0,0.0,0.0,0.0,0.0,0.0,0.0,0.0,0.0,1.0,1.0,3.0,1.0,2.0,5.0,4.0,2.0,4.0,14.0,20.0,11.0,0.0,0.0,0.0,0.0,0.0,0.0,0.0,0.0,0.0,0.0,0.0,0.0,0.0,0.0,0.0,0.0,0.0,0.0,1.0,1.0,3.0,1.0,2.0,5.0,5.0,3.0,6.0,17.0,24.0,13.0
850,1.0,850.0,London_303,cons,151,453,1092.0,70.0,2.0,147225.0,1.1346048689447343,782.0,120.0,0.0,120.0,203.0,0.0,203.0,105.0,116.0,181.0,8.0,96.0,8.0,26.0,2.0,16.0,30.0,107.0,125.0,191.0,227.0,6.0,3.0,1.0,0.0,2.0,0.0,0.0,0.0,0.0,66.0,0.0,25.0,7.0,23.0,0.0,7.0,1.0,3.0,0.0,66.0,0.0,0.0,0.0,0.0,0.0,0.0,0.0,0.0,0.0,0.0,0.0,0.0,0.0,0.0,0.0,0.0,0.0,0.0,2.0,1.0,0.0,1.0,3.0,8.0,5.0,3.0,6.0,15.0,22.0,20.0,0.0,0.0,0.0,0.0,0.0,0.0,0.0,0.0,0.0,0.0,0.0,0.0,0.0,0.0,0.0,0.0,0.0,0.0,2.0,1.0,0.0,1.0,3.0,9.0,6.0,3.0,6.0,18.0,24.0,25.0
851,1.0,851.0,London_303,cons,151,453,1092.0,70.0,2.0,115062.0,0.64861920196563,711.0,134.0,1.0,133.0,228.0,8.0,220.0,103.0,124.0,167.0,3.0,103.0,11.0,30.0,1.0,14.0,30.0,108.0,117.0,198.0,230.0,7.0,3.0,3.0,0.0,1.0,0.0,0.0,0.0,0.0,83.0,1.0,39.0,7.0,29.0,1.0,6.0,0.0,0.0,0.0,83.0,0.0,0.0,0.0,0.0,0.0,0.0,0.0,0.0,0.0,0.0,0.0,0.0,0.0,0.0,0.0,0.0,0.0,0.0,1.0,1.0,0.0,0.0,3.0,13.0,2.0,2.0,8.0,12.0,17.0,10.0,0.0,0.0,0.0,0.0,0.0,0.0,0.0,0.0,0.0,0.0,0.0,0.0,0.0,0.0,0.0,0.0,0.0,0.0,2.0,1.0,0.0,0.0,3.0,15.0,3.0,2.0,8.0,12.0,22.0,10.0
852,1.0,852.0,London_303,cons,151,453,1092.0,70.0,2.0,83805.0,0.4246453158557415,642.0,10.0,2.0,8.0,32.0,17.0,15.0,103.0,118.0,163.0,11.0,101.0,11.0,29.0,3.0,17.0,24.0,101.0,123.0,205.0,227.0,5.0,1.0,2.0,0.0,2.0,0.0,0.0,0.0,0.0,2.0,0.0,1.0,0.0,0.0,0.0,1.0,0.0,0.0,1.0,1.0,0.0,0.0,0.0,0.0,0.0,0.0,0.0,0.0,0.0,0.0,0.0,0.0,0.0,1.0,2.0,0.0,0.0,0.0,1.0,0.0,0.0,1.0,0.0,1.0,1.0,0.0,2.0,2.0,1.0,0.0,0.0,0.0,0.0,0.0,0.0,0.0,0.0,0.0,0.0,0.0,0.0,0.0,0.0,7.0,7.0,0.0,0.0,0.0,1.0,0.0,0.0,1.0,0.0,1.0,1.0,0.0,2.0,3.0,1.0,0.0
853,1.0,853.0,London_303,cons,151,453,1092.0,70.0,2.0,118233.0,0.7105723801068962,718.0,36.0,2.0,34.0,69.0,18.0,51.0,36.0,118.0,164.0,12.0,97.0,11.0,30.0,3.0,18.0,15.0,106.0,121.0,211.0,208.0,2.0,0.0,1.0,0.0,0.0,0.0,0.0,0.0,1.0,9.0,0.0,2.0,0.0,3.0,0.0,3.0,0.0,1.0,2.0,7.0,0.0,0.0,0.0,0.0,0.0,0.0,0.0,0.0,0.0,0.0,0.0,1.0,0.0,1.0,0.0,0.0,0.0,0.0,1.0,3.0,1.0,1.0,3.0,5.0,2.0,2.0,4.0,5.0,8.0,4.0,0.0,0.0,0.0,0.0,0.0,0.0,0.0,0.0,0.0,0.0,0.0,1.0,0.0,5.0,0.0,0.0,0.0,0.0,2.0,4.0,1.0,2.0,3.0,9.0,3.0,2.0,5.0,6.0,11.0,4.0
854,1.0,854.0,London_303,cons,151,453,1092.0,70.0,2.0,141336.0,0.8496509059332311,769.0,26.0,0.0,26.0,46.0,0.0,46.0,54.0,124.0,161.0,11.0,99.0,9.0,28.0,3.0,18.0,15.0,111.0,121.0,206.0,210.0,4.0,1.0,2.0,0.0,1.0,0.0,0.0,0.0,0.0,6.0,0.0,2.0,2.0,2.0,0.0,0.0,0.0,0.0,0.0,6.0,0.0,0.0,0.0,0.0,0.0,0.0,0.0,0.0,0.0,0.0,0.0,0.0,0.0,0.0,0.0,0.0,0.0,0.0,2.0,2.0,0.0,0.0,2.0,3.0,2.0,1.0,5.0,2.0,4.0,5.0,0.0,0.0,0.0,0.0,0.0,0.0,0.0,0.0,0.0,0.0,0.0,0.0,0.0,0.0,0.0,0.0,0.0,0.0,2.0,2.0,0.0,0.0,2.0,4.0,2.0,1.0,8.0,2.0,5.0,6.0
855,1.0,855.0,London_303,cons,151,453,1092.0,70.0,2.0,174405.0,1.0191463720984757,842.0,138.0,2.0,136.0,260.0,22.0,238.0,39.0,119.0,165.0,15.0,90.0,10.0,30.0,3.0,21.0,13.0,116.0,134.0,190.0,213.0,1.0,1.0,0.0,0.0,0.0,0.0,0.0,0.0,0.0,82.0,2.0,32.0,5.0,40.0,1.0,1.0,0.0,1.0,2.0,80.0,0.0,0.0,0.0,0.0,0.0,0.0,0.0,0.0,0.0,0.0,0.0,0.0,0.0,0.0,0.0,0.0,0.0,0.0,1.0,1.0,2.0,4.0,5.0,7.0,1.0,2.0,7.0,15.0,13.0,17.0,0.0,0.0,0.0,0.0,0.0,0.0,0.0,0.0,0.0,0.0,0.0,0.0,0.0,0.0,0.0,0.0,0.0,0.0,1.0,1.0,2.0,4.0,5.0,11.0,1.0,2.0,9.0,19.0,17.0,20.0
856,1.0,856.0,London_303,cons,151,453,1092.0,70.0,2.0,144960.0,0.8543188599869609,777.0,61.0,0.0,61.0,98.0,0.0,98.0,117.0,113.0,159.0,18.0,90.0,12.0,38.0,3.0,20.0,15.0,94.0,129.0,215.0,210.0,5.0,2.0,2.0,0.0,1.0,0.0,0.0,0.0,0.0,18.0,0.0,6.0,0.0,8.0,0.0,1.0,0.0,3.0,0.0,18.0,0.0,0.0,0.0,0.0,0.0,0.0,0.0,0.0,0.0,0.0,0.0,0.0,0.0,0.0,0.0,0.0,0.0,0.0,2.0,1.0,1.0,1.0,7.0,6.0,5.0,4.0,6.0,9.0,11.0,12.0,0.0,0.0,0.0,0.0,0.0,0.0,0.0,0.0,0.0,0.0,0.0,0.0,0.0,0.0,0.0,0.0,0.0,0.0,2.0,1.0,1.0,1.0,8.0,8.0,5.0,4.0,8.0,11.0,13.0,14.0
857,1.0,857.0,London_303,cons,151,453,1092.0,70.0,2.0,155832.0,0.9824291840195656,801.0,11.0,0.0,11.0,22.0,0.0,22.0,75.0,116.0,157.0,23.0,82.0,12.0,40.0,3.0,20.0,15.0,88.0,128.0,222.0,213.0,6.0,1.0,3.0,0.0,2.0,0.0,0.0,0.0,0.0,2.0,0.0,0.0,0.0,0.0,0.0,0.0,0.0,2.0,0.0,2.0,0.0,0.0,0.0,0.0,0.0,0.0,0.0,0.0,0.0,0.0,0.0,0.0,0.0,0.0,0.0,0.0,0.0,0.0,0.0,1.0,3.0,0.0,0.0,1.0,2.0,0.0,1.0,0.0,2.0,4.0,0.0,0.0,0.0,0.0,0.0,0.0,0.0,0.0,0.0,0.0,0.0,0.0,0.0,0.0,0.0,0.0,0.0,0.0,0.0,2.0,3.0,0.0,0.0,1.0,3.0,0.0,2.0,0.0,3.0,5.0
858,1.0,858.0,London_303,cons,151,453,1092.0,70.0,2.0,195243.0,1.3816806222312152,888.0,160.0,2.0,158.0,286.0,19.0,267.0,24.0,116.0,157.0,22.0,83.0,12.0,40.0,3.0,20.0,13.0,88.0,135.0,217.0,211.0,8.0,1.0,6.0,0.0,1.0,0.0,0.0,0.0,0.0,111.0,0.0,43.0,0.0,62.0,2.0,2.0,1.0,1.0,2.0,109.0,0.0,0.0,0.0,0.0,0.0,0.0,0.0,0.0,0.0,0.0,0.0,0.0,1.0,0.0,1.0,0.0,0.0,0.0,3.0,1.0,2.0,0.0,7.0,5.0,4.0,3.0,4.0,13.0,14.0,15.0,0.0,0.0,0.0,0.0,0.0,0.0,0.0,0.0,0.0,0.0,0.0,0.0,2.0,0.0,2.0,0.0,0.0,0.0,4.0,1.0,2.0,0.0,8.0,5.0,5.0,4.0,4.0,16.0,18.0,17.0
859,1.0,859.0,London_303,cons,151,453,1092.0,70.0,2.0,163533.0,0.9582215808331966,818.0,84.0,2.0,82.0,163.0,17.0,146.0,117.0,117.0,158.0,16.0,92.0,10.0,39.0,3.0,18.0,14.0,101.0,138.0,200.0,205.0,8.0,1.0,5.0,0.0,1.0,0.0,0.0,0.0,1.0,37.0,0.0,7.0,1.0,23.0,1.0,3.0,0.0,2.0,2.0,35.0,0.0,0.0,0.0,0.0,0.0,0.0,0.0,0.0,0.0,0.0,0.0,0.0,0.0,1.0,2.0,0.0,0.0,0.0,2.0,4.0,2.0,0.0,3.0,15.0,1.0,5.0,6.0,16.0,12.0,9.0,0.0,0.0,0.0,0.0,0.0,0.0,0.0,0.0,0.0,0.0,0.0,0.0,0.0,4.0,6.0,0.0,0.0,0.0,2.0,5.0,2.0,0.0,3.0,22.0,1.0,5.0,10.0,24.0,18.0,12.0
860,1.0,860.0,London_303,cons,151,453,1092.0,70.0,2.0,167610.0,1.0068977810442448,827.0,104.0,0.0,104.0,182.0,0.0,182.0,111.0,120.0,153.0,23.0,85.0,9.0,38.0,4.0,21.0,15.0,98.0,144.0,196.0,193.0,4.0,2.0,1.0,0.0,1.0,0.0,0.0,0.0,0.0,50.0,0.0,22.0,3.0,16.0,0.0,6.0,0.0,3.0,0.0,50.0,0.0,0.0,0.0,0.0,0.0,0.0,0.0,0.0,0.0,0.0,0.0,0.0,0.0,0.0,0.0,0.0,0.0,0.0,1.0,3.0,3.0,1.0,5.0,7.0,6.0,6.0,6.0,11.0,14.0,8.0,0.0,0.0,0.0,0.0,0.0,0.0,0.0,0.0,0.0,0.0,0.0,0.0,0.0,0.0,0.0,0.0,0.0,0.0,1.0,3.0,3.0,1.0,5.0,8.0,7.0,7.0,9.0,17.0,21.0,10.0
861,1.0,861.0,London_303,cons,151,453,1092.0,70.0,2.0,149943.0,0.8546882602386177,788.0,160.0,0.0,160.0,265.0,0.0,265.0,99.0,119.0,152.0,21.0,84.0,14.0,37.0,4.0,22.0,15.0,84.0,146.0,208.0,200.0,7.0,4.0,2.0,0.0,1.0,0.0,0.0,0.0,0.0,96.0,1.0,39.0,4.0,41.0,0.0,7.0,0.0,4.0,0.0,96.0,0.0,0.0,0.0,0.0,0.0,0.0,0.0,0.0,0.0,0.0,0.0,0.0,0.0,0.0,0.0,0.0,0.0,0.0,2.0,3.0,0.0,0.0,3.0,2.0,5.0,3.0,6.0,15.0,22.0,11.0,0.0,0.0,0.0,0.0,0.0,0.0,0.0,0.0,0.0,0.0,0.0,0.0,0.0,0.0,0.0,0.0,0.0,0.0,2.0,6.0,0.0,0.0,3.0,2.0,7.0,6.0,8.0,19.0,29.0,13.0
862,1.0,862.0,London_303,cons,151,453,1092.0,70.0,2.0,104643.0,0.5824632328003645,688.0,7.0,0.0,7.0,12.0,0.0,12.0,125.0,110.0,159.0,16.0,95.0,10.0,43.0,6.0,14.0,19.0,84.0,137.0,213.0,210.0,2.0,1.0,1.0,0.0,0.0,0.0,0.0,0.0,0.0,1.0,0.0,0.0,0.0,1.0,0.0,0.0,0.0,0.0,0.0,1.0,0.0,0.0,0.0,0.0,0.0,0.0,0.0,0.0,0.0,0.0,0.0,0.0,0.0,0.0,0.0,0.0,0.0,0.0,1.0,1.0,0.0,0.0,0.0,1.0,2.0,2.0,2.0,2.0,1.0,3.0,0.0,0.0,0.0,0.0,0.0,0.0,0.0,0.0,0.0,0.0,0.0,0.0,0.0,0.0,0.0,0.0,0.0,0.0,1.0,1.0,0.0,0.0,0.0,1.0,3.0,2.0,2.0,3.0,1.0,3.0
863,1.0,863.0,London_303,cons,151,453,1092.0,70.0,2.0,141789.0,1.317969254218042,770.0,78.0,2.0,76.0,151.0,19.0,132.0,13.0,112.0,161.0,15.0,93.0,9.0,42.0,6.0,15.0,19.0,83.0,141.0,210.0,210.0,5.0,1.0,2.0,0.0,1.0,0.0,1.0,0.0,0.0,36.0,2.0,11.0,3.0,16.0,0.0,1.0,2.0,1.0,1.0,35.0,0.0,0.0,0.0,0.0,0.0,0.0,0.0,0.0,0.0,0.0,0.0,0.0,0.0,0.0,1.0,0.0,0.0,0.0,3.0,5.0,1.0,0.0,3.0,2.0,3.0,2.0,5.0,12.0,8.0,18.0,0.0,0.0,0.0,0.0,0.0,0.0,0.0,0.0,0.0,0.0,0.0,0.0,0.0,0.0,2.0,0.0,0.0,0.0,3.0,7.0,1.0,0.0,3.0,2.0,3.0,3.0,6.0,20.0,10.0,22.0
864,1.0,864.0,London_303,cons,151,453,1092.0,70.0,2.0,156738.0,0.9250460732728243,803.0,102.0,2.0,100.0,191.0,18.0,173.0,100.0,114.0,161.0,15.0,94.0,12.0,37.0,5.0,15.0,19.0,88.0,132.0,214.0,209.0,3.0,1.0,1.0,0.0,1.0,0.0,0.0,0.0,0.0,63.0,0.0,27.0,8.0,18.0,1.0,5.0,0.0,4.0,2.0,61.0,0.0,0.0,0.0,0.0,0.0,0.0,0.0,0.0,0.0,0.0,0.0,0.0,0.0,1.0,1.0,0.0,0.0,0.0,1.0,3.0,2.0,1.0,2.0,2.0,5.0,1.0,5.0,12.0,11.0,13.0,0.0,0.0,0.0,0.0,0.0,0.0,0.0,0.0,0.0,0.0,0.0,0.0,0.0,1.0,3.0,0.0,0.0,0.0,1.0,3.0,2.0,2.0,2.0,4.0,7.0,1.0,6.0,20.0,17.0,17.0
865,1.0,865.0,London_303,cons,151,453,1092.0,70.0,2.0,156285.0,1.105482857208699,802.0,37.0,2.0,35.0,76.0,15.0,61.0,93.0,112.0,161.0,15.0,102.0,7.0,34.0,6.0,16.0,22.0,87.0,131.0,213.0,217.0,3.0,1.0,1.0,0.0,1.0,0.0,0.0,0.0,0.0,16.0,0.0,4.0,2.0,8.0,1.0,0.0,1.0,0.0,2.0,14.0,0.0,0.0,0.0,0.0,0.0,0.0,0.0,0.0,0.0,0.0,0.0,0.0,1.0,0.0,1.0,0.0,0.0,0.0,0.0,4.0,2.0,1.0,3.0,6.0,2.0,2.0,0.0,3.0,13.0,7.0,0.0,0.0,0.0,0.0,0.0,0.0,0.0,0.0,0.0,0.0,0.0,0.0,1.0,0.0,1.0,0.0,0.0,0.0,0.0,4.0,2.0,1.0,4.0,7.0,2.0,3.0,0.0,5.0,17.0,9.0
866,1.0,866.0,London_303,cons,151,453,1092.0,70.0,2.0,185730.0,1.145148104056716,867.0,104.0,0.0,104.0,187.0,0.0,187.0,45.0,114.0,164.0,11.0,101.0,7.0,33.0,6.0,17.0,23.0,88.0,127.0,215.0,219.0,6.0,1.0,2.0,0.0,0.0,0.0,2.0,0.0,1.0,50.0,0.0,16.0,5.0,18.0,1.0,9.0,0.0,1.0,0.0,50.0,0.0,0.0,0.0,0.0,0.0,0.0,0.0,0.0,0.0,0.0,0.0,0.0,0.0,0.0,0.0,0.0,0.0,0.0,1.0,7.0,3.0,2.0,5.0,10.0,6.0,3.0,7.0,8.0,15.0,10.0,0.0,0.0,0.0,0.0,0.0,0.0,0.0,0.0,0.0,0.0,0.0,0.0,0.0,0.0,0.0,0.0,0.0,0.0,1.0,10.0,3.0,3.0,5.0,14.0,6.0,4.0,11.0,13.0,24.0,13.0
867,1.0,867.0,London_303,cons,151,453,1092.0,70.0,2.0,173046.0,0.9973467700183392,839.0,92.0,1.0,91.0,179.0,10.0,169.0,111.0,105.0,169.0,10.0,105.0,7.0,38.0,7.0,12.0,24.0,85.0,143.0,201.0,217.0,1.0,1.0,0.0,0.0,0.0,0.0,0.0,0.0,0.0,46.0,0.0,13.0,2.0,18.0,2.0,9.0,0.0,2.0,1.0,45.0,0.0,0.0,0.0,0.0,0.0,0.0,0.0,0.0,0.0,0.0,0.0,0.0,0.0,1.0,1.0,0.0,0.0,0.0,1.0,6.0,3.0,1.0,2.0,7.0,3.0,3.0,7.0,15.0,8.0,15.0,0.0,0.0,0.0,0.0,0.0,0.0,0.0,0.0,0.0,0.0,0.0,0.0,0.0,5.0,2.0,0.0,0.0,0.0,2.0,7.0,3.0,2.0,2.0,10.0,3.0,4.0,7.0,21.0,11.0,20.0
868,1.0,868.0,London_303,cons,151,453,1092.0,70.0,2.0,169422.0,1.069421170745045,831.0,78.0,2.0,76.0,138.0,18.0,120.0,102.0,108.0,168.0,12.0,103.0,5.0,38.0,7.0,12.0,24.0,87.0,133.0,209.0,221.0,1.0,0.0,0.0,0.0,1.0,0.0,0.0,0.0,0.0,29.0,1.0,8.0,3.0,10.0,0.0,6.0,0.0,1.0,1.0,28.0,0.0,0.0,0.0,0.0,0.0,0.0,0.0,0.0,0.0,0.0,0.0,0.0,0.0,1.0,2.0,0.0,0.0,0.0,0.0,1.0,3.0,1.0,4.0,7.0,3.0,6.0,3.0,13.0,16.0,7.0,0.0,0.0,0.0,0.0,0.0,0.0,0.0,0.0,0.0,0.0,0.0,0.0,0.0,7.0,6.0,0.0,0.0,0.0,0.0,1.0,3.0,1.0,4.0,9.0,6.0,7.0,4.0,19.0,20.0,7.0
869,1.0,869.0,London_303,cons,151,453,1092.0,70.0,2.0,173952.0,1.0817909049801528,841.0,112.0,3.0,109.0,216.0,24.0,192.0,97.0,110.0,166.0,16.0,98.0,4.0,42.0,3.0,14.0,20.0,99.0,135.0,199.0,219.0,2.0,0.0,2.0,0.0,0.0,0.0,0.0,0.0,0.0,65.0,0.0,19.0,1.0,32.0,0.0,9.0,2.0,2.0,3.0,62.0,0.0,0.0,0.0,0.0,0.0,0.0,0.0,0.0,0.0,0.0,0.0,1.0,0.0,1.0,1.0,0.0,0.0,0.0,3.0,3.0,1.0,0.0,5.0,6.0,3.0,7.0,5.0,16.0,10.0,15.0,0.0,0.0,0.0,0.0,0.0,0.0,0.0,0.0,0.0,0.0,0.0,1.0,0.0,1.0,1.0,0.0,0.0,0.0,3.0,3.0,1.0,0.0,5.0,7.0,4.0,8.0,5.0,21.0,11.0,16.0
870,1.0,870.0,London_303,cons,151,453,1092.0,70.0,2.0,152208.0,0.9675707570277154,793.0,146.0,0.0,146.0,255.0,0.0,255.0,108.0,115.0,171.0,17.0,82.0,6.0,43.0,4.0,15.0,22.0,97.0,123.0,211.0,212.0,7.0,0.0,5.0,0.0,0.0,0.0,2.0,0.0,0.0,88.0,1.0,42.0,2.0,32.0,1.0,7.0,1.0,2.0,0.0,88.0,0.0,0.0,0.0,0.0,0.0,0.0,0.0,0.0,0.0,0.0,0.0,0.0,0.0,0.0,0.0,0.0,0.0,0.0,2.0,3.0,2.0,2.0,6.0,5.0,3.0,3.0,5.0,7.0,12.0,8.0,0.0,0.0,0.0,0.0,0.0,0.0,0.0,0.0,0.0,0.0,0.0,0.0,0.0,0.0,0.0,0.0,0.0,0.0,3.0,3.0,2.0,2.0,6.0,5.0,3.0,3.0,5.0,10.0,16.0,8.0
871,1.0,871.0,London_303,cons,151,453,1092.0,70.0,2.0,121404.0,0.6451654178090394,725.0,138.0,0.0,138.0,229.0,0.0,229.0,122.0,119.0,170.0,10.0,95.0,3.0,41.0,3.0,12.0,24.0,95.0,120.0,214.0,217.0,6.0,0.0,3.0,0.0,1.0,0.0,1.0,0.0,1.0,80.0,0.0,24.0,4.0,46.0,0.0,5.0,0.0,1.0,0.0,80.0,0.0,0.0,0.0,0.0,0.0,0.0,0.0,0.0,0.0,0.0,0.0,0.0,0.0,0.0,0.0,0.0,0.0,0.0,1.0,1.0,2.0,2.0,4.0,11.0,3.0,3.0,3.0,14.0,11.0,9.0,0.0,0.0,0.0,0.0,0.0,0.0,0.0,0.0,0.0,0.0,0.0,0.0,0.0,0.0,0.0,0.0,0.0,0.0,1.0,1.0,2.0,2.0,4.0,13.0,3.0,3.0,3.0,18.0,15.0,9.0
872,1.0,872.0,London_303,cons,151,453,1092.0,70.0,2.0,90600.0,0.5691983099095523,657.0,0.0,0.0,0.0,0.0,0.0,0.0,107.0,118.0,173.0,6.0,87.0,7.0,44.0,3.0,15.0,25.0,103.0,114.0,211.0,224.0,8.0,1.0,5.0,0.0,2.0,0.0,0.0,0.0,0.0,0.0,0.0,0.0,0.0,0.0,0.0,0.0,0.0,0.0,0.0,0.0,0.0,0.0,0.0,0.0,0.0,0.0,0.0,0.0,0.0,0.0,0.0,0.0,0.0,0.0,0.0,0.0,0.0,0.0,0.0,0.0,0.0,0.0,0.0,0.0,0.0,0.0,0.0,0.0,0.0,0.0,0.0,0.0,0.0,0.0,0.0,0.0,0.0,0.0,0.0,0.0,0.0,0.0,0.0,0.0,0.0,0.0,0.0,0.0,0.0,0.0,0.0,0.0,0.0,0.0,0.0,0.0,0.0,0.0,0.0,0.0
873,1.0,873.0,London_303,cons,151,453,1092.0,70.0,2.0,142695.0,0.9881408726796508,772.0,32.0,2.0,30.0,79.0,18.0,61.0,8.0,117.0,171.0,7.0,87.0,7.0,46.0,3.0,15.0,24.0,104.0,115.0,210.0,217.0,8.0,0.0,4.0,0.0,2.0,0.0,1.0,0.0,1.0,10.0,0.0,0.0,0.0,7.0,0.0,2.0,0.0,1.0,2.0,8.0,0.0,0.0,0.0,0.0,0.0,0.0,0.0,0.0,0.0,0.0,0.0,0.0,0.0,0.0,0.0,0.0,0.0,0.0,3.0,0.0,2.0,1.0,3.0,3.0,3.0,4.0,5.0,7.0,2.0,3.0,0.0,0.0,0.0,0.0,0.0,0.0,0.0,0.0,0.0,0.0,0.0,0.0,0.0,0.0,0.0,0.0,0.0,0.0,6.0,0.0,2.0,2.0,4.0,4.0,5.0,4.0,8.0,11.0,3.0,4.0
874,1.0,874.0,London_303,cons,151,453,1092.0,70.0,2.0,161721.0,1.0562477298080921,814.0,82.0,0.0,82.0,143.0,0.0,143.0,59.0,117.0,170.0,12.0,86.0,7.0,45.0,3.0,13.0,21.0,106.0,124.0,202.0,220.0,7.0,1.0,5.0,0.0,0.0,0.0,1.0,0.0,0.0,45.0,1.0,11.0,4.0,19.0,0.0,7.0,2.0,1.0,0.0,45.0,0.0,0.0,0.0,0.0,0.0,0.0,0.0,0.0,0.0,0.0,0.0,0.0,0.0,0.0,0.0,0.0,0.0,0.0,2.0,0.0,3.0,0.0,1.0,3.0,5.0,1.0,8.0,9.0,13.0,4.0,0.0,0.0,0.0,0.0,0.0,0.0,0.0,0.0,0.0,0.0,0.0,0.0,0.0,0.0,0.0,0.0,0.0,0.0,2.0,0.0,3.0,0.0,1.0,4.0,7.0,1.0,9.0,12.0,20.0,4.0
875,1.0,875.0,London_303,cons,151,453,1092.0,70.0,2.0,161268.0,0.9923500269651413,813.0,58.0,2.0,56.0,109.0,17.0,92.0,80.0,116.0,176.0,7.0,84.0,7.0,44.0,5.0,14.0,22.0,107.0,131.0,193.0,226.0,7.0,0.0,6.0,0.0,1.0,0.0,0.0,0.0,0.0,25.0,0.0,9.0,4.0,9.0,0.0,3.0,0.0,0.0,2.0,23.0,0.0,0.0,0.0,0.0,0.0,0.0,0.0,0.0,0.0,1.0,0.0,0.0,0.0,1.0,0.0,0.0,0.0,0.0,2.0,3.0,3.0,0.0,1.0,2.0,2.0,0.0,5.0,8.0,8.0,7.0,0.0,0.0,0.0,0.0,0.0,0.0,0.0,0.0,0.0,2.0,0.0,0.0,0.0,2.0,0.0,0.0,0.0,0.0,3.0,3.0,3.0,0.0,1.0,2.0,2.0,0.0,7.0,9.0,11.0,8.0
876,1.0,876.0,London_303,cons,151,453,1092.0,70.0,2.0,171687.0,1.0581254521384835,836.0,73.0,2.0,71.0,154.0,21.0,133.0,67.0,112.0,170.0,14.0,89.0,7.0,41.0,6.0,14.0,21.0,103.0,137.0,192.0,221.0,4.0,1.0,1.0,0.0,1.0,0.0,1.0,0.0,0.0,40.0,0.0,17.0,0.0,17.0,1.0,5.0,0.0,0.0,2.0,38.0,0.0,0.0,0.0,0.0,0.0,0.0,0.0,0.0,0.0,0.0,0.0,0.0,1.0,0.0,1.0,0.0,0.0,0.0,3.0,2.0,3.0,1.0,5.0,7.0,3.0,3.0,4.0,6.0,8.0,6.0,0.0,0.0,0.0,0.0,0.0,0.0,0.0,0.0,0.0,0.0,0.0,0.0,1.0,0.0,1.0,0.0,0.0,0.0,4.0,2.0,3.0,1.0,5.0,9.0,3.0,3.0,8.0,11.0,11.0,6.0
877,1.0,877.0,London_303,cons,151,453,1092.0,70.0,2.0,176670.0,1.1685795271769166,847.0,115.0,2.0,113.0,220.0,17.0,203.0,74.0,112.0,174.0,15.0,91.0,6.0,32.0,7.0,16.0,22.0,106.0,132.0,193.0,217.0,5.0,0.0,4.0,0.0,0.0,0.0,1.0,0.0,0.0,69.0,0.0,25.0,4.0,29.0,2.0,7.0,0.0,2.0,2.0,67.0,0.0,0.0,0.0,0.0,0.0,0.0,0.0,0.0,0.0,0.0,0.0,0.0,0.0,0.0,1.0,0.0,0.0,0.0,1.0,2.0,1.0,0.0,5.0,6.0,5.0,2.0,6.0,17.0,14.0,14.0,0.0,0.0,0.0,0.0,0.0,0.0,0.0,0.0,0.0,0.0,0.0,0.0,0.0,0.0,4.0,0.0,0.0,0.0,1.0,3.0,1.0,0.0,5.0,8.0,5.0,3.0,7.0,24.0,18.0,18.0
878,1.0,878.0,London_303,cons,151,453,1092.0,70.0,2.0,157644.0,0.8895532819442451,805.0,119.0,0.0,119.0,195.0,0.0,195.0,115.0,99.0,183.0,15.0,93.0,4.0,39.0,5.0,15.0,21.0,107.0,130.0,195.0,219.0,3.0,1.0,1.0,0.0,0.0,0.0,1.0,0.0,0.0,69.0,1.0,24.0,4.0,29.0,2.0,3.0,0.0,6.0,0.0,69.0,0.0,0.0,0.0,0.0,0.0,0.0,0.0,0.0,0.0,0.0,0.0,0.0,0.0,0.0,0.0,0.0,0.0,0.0,4.0,6.0,4.0,0.0,5.0,6.0,4.0,1.0,5.0,10.0,22.0,8.0,0.0,0.0,0.0,0.0,0.0,0.0,0.0,0.0,0.0,0.0,0.0,0.0,0.0,0.0,0.0,0.0,0.0,0.0,5.0,7.0,4.0,0.0,5.0,8.0,5.0,1.0,9.0,11.0,27.0,8.0
879,1.0,879.0,London_303,cons,151,453,1092.0,70.0,2.0,132276.0,0.7347624017857015,749.0,104.0,0.0,104.0,174.0,0.0,174.0,97.0,100.0,182.0,17.0,97.0,4.0,38.0,4.0,11.0,23.0,110.0,136.0,184.0,226.0,0.0,0.0,0.0,0.0,0.0,0.0,0.0,0.0,0.0,54.0,1.0,22.0,4.0,19.0,1.0,3.0,0.0,4.0,0.0,54.0,0.0,0.0,0.0,0.0,0.0,0.0,0.0,0.0,0.0,0.0,0.0,0.0,0.0,0.0,0.0,0.0,0.0,0.0,0.0,1.0,2.0,1.0,5.0,5.0,5.0,5.0,10.0,13.0,19.0,10.0,0.0,0.0,0.0,0.0,0.0,0.0,0.0,0.0,0.0,0.0,0.0,0.0,0.0,0.0,0.0,0.0,0.0,0.0,0.0,1.0,3.0,1.0,6.0,9.0,5.0,6.0,11.0,17.0,25.0,12.0
880,1.0,880.0,London_303,cons,151,453,1092.0,70.0,2.0,110532.0,0.5858683153055608,701.0,30.0,0.0,30.0,54.0,0.0,54.0,103.0,90.0,201.0,15.0,97.0,4.0,30.0,5.0,11.0,23.0,98.0,133.0,199.0,231.0,6.0,0.0,3.0,0.0,2.0,0.0,0.0,0.0,1.0,6.0,0.0,1.0,0.0,2.0,0.0,2.0,0.0,1.0,0.0,6.0,0.0,0.0,0.0,0.0,0.0,0.0,0.0,0.0,0.0,0.0,0.0,0.0,0.0,0.0,0.0,0.0,0.0,0.0,1.0,4.0,2.0,1.0,0.0,3.0,3.0,2.0,2.0,4.0,6.0,7.0,0.0,0.0,0.0,0.0,0.0,0.0,0.0,0.0,0.0,0.0,0.0,0.0,0.0,0.0,0.0,0.0,0.0,0.0,1.0,5.0,2.0,1.0,0.0,3.0,5.0,4.0,2.0,6.0,8.0,8.0
881,1.0,881.0,London_303,cons,151,453,1092.0,70.0,2.0,138618.0,0.7646546228788793,763.0,85.0,0.0,85.0,149.0,0.0,149.0,49.0,93.0,195.0,22.0,86.0,6.0,36.0,5.0,10.0,24.0,98.0,142.0,189.0,227.0,2.0,0.0,1.0,0.0,1.0,0.0,0.0,0.0,0.0,47.0,2.0,4.0,0.0,31.0,2.0,3.0,3.0,2.0,0.0,47.0,0.0,0.0,0.0,0.0,0.0,0.0,0.0,0.0,0.0,0.0,0.0,0.0,0.0,0.0,0.0,0.0,0.0,0.0,0.0,3.0,1.0,1.0,2.0,5.0,3.0,1.0,4.0,9.0,8.0,13.0,0.0,0.0,0.0,0.0,0.0,0.0,0.0,0.0,0.0,0.0,0.0,0.0,0.0,0.0,0.0,0.0,0.0,0.0,0.0,5.0,1.0,1.0,2.0,6.0,4.0,1.0,5.0,11.0,9.0,16.0
882,1.0,882.0,London_303,cons,151,453,1092.0,70.0,2.0,136806.0,0.7863860069774091,759.0,109.0,1.0,108.0,192.0,9.0,183.0,73.0,100.0,188.0,19.0,86.0,7.0,37.0,5.0,11.0,26.0,100.0,144.0,183.0,233.0,4.0,0.0,3.0,0.0,1.0,0.0,0.0,0.0,0.0,68.0,0.0,24.0,7.0,27.0,2.0,2.0,1.0,5.0,1.0,67.0,0.0,0.0,0.0,0.0,0.0,0.0,0.0,0.0,0.0,0.0,0.0,0.0,1.0,0.0,0.0,0.0,0.0,0.0,1.0,0.0,0.0,0.0,3.0,3.0,3.0,0.0,5.0,7.0,14.0,10.0,0.0,0.0,0.0,0.0,0.0,0.0,0.0,0.0,0.0,0.0,0.0,0.0,2.0,0.0,0.0,0.0,0.0,0.0,2.0,0.0,0.0,0.0,3.0,4.0,3.0,0.0,5.0,8.0,19.0,11.0
883,1.0,883.0,London_303,cons,151,453,1092.0,70.0,2.0,125028.0,0.6438060807995498,733.0,17.0,2.0,15.0,43.0,19.0,24.0,82.0,101.0,191.0,17.0,85.0,8.0,35.0,3.0,13.0,28.0,95.0,144.0,186.0,232.0,3.0,0.0,1.0,0.0,1.0,0.0,0.0,0.0,1.0,4.0,0.0,1.0,0.0,2.0,0.0,1.0,0.0,0.0,2.0,2.0,0.0,0.0,0.0,0.0,0.0,0.0,0.0,0.0,0.0,0.0,0.0,0.0,0.0,1.0,2.0,0.0,0.0,0.0,0.0,0.0,2.0,0.0,0.0,2.0,0.0,2.0,0.0,1.0,6.0,2.0,0.0,0.0,0.0,0.0,0.0,0.0,0.0,0.0,0.0,0.0,0.0,0.0,0.0,3.0,5.0,0.0,0.0,0.0,0.0,0.0,2.0,0.0,0.0,4.0,0.0,2.0,0.0,1.0,7.0,4.0
884,1.0,884.0,London_303,cons,151,453,1092.0,70.0,2.0,154020.0,0.9239680171012878,797.0,93.0,2.0,91.0,183.0,18.0,165.0,34.0,104.0,188.0,16.0,84.0,7.0,36.0,3.0,15.0,29.0,94.0,142.0,188.0,228.0,4.0,2.0,1.0,0.0,1.0,0.0,0.0,0.0,0.0,53.0,0.0,18.0,4.0,22.0,0.0,9.0,0.0,0.0,2.0,51.0,0.0,0.0,0.0,0.0,0.0,0.0,0.0,0.0,0.0,0.0,0.0,0.0,0.0,0.0,2.0,0.0,0.0,0.0,1.0,2.0,2.0,0.0,3.0,4.0,5.0,4.0,2.0,13.0,12.0,11.0,0.0,0.0,0.0,0.0,0.0,0.0,0.0,0.0,0.0,0.0,0.0,0.0,0.0,0.0,4.0,0.0,0.0,0.0,1.0,2.0,2.0,0.0,3.0,4.0,8.0,5.0,3.0,15.0,15.0,13.0
885,1.0,885.0,London_303,cons,151,453,1092.0,70.0,2.0,144507.0,0.8512080581858754,776.0,51.0,1.0,50.0,93.0,9.0,84.0,99.0,92.0,200.0,16.0,100.0,5.0,25.0,0.0,15.0,31.0,95.0,135.0,192.0,232.0,5.0,1.0,2.0,0.0,2.0,0.0,0.0,0.0,0.0,15.0,0.0,2.0,1.0,9.0,0.0,0.0,1.0,2.0,0.0,15.0,0.0,0.0,0.0,0.0,0.0,0.0,0.0,0.0,0.0,0.0,0.0,0.0,0.0,0.0,1.0,0.0,0.0,0.0,5.0,4.0,0.0,0.0,2.0,5.0,5.0,7.0,2.0,9.0,9.0,12.0,0.0,0.0,0.0,0.0,0.0,0.0,0.0,0.0,0.0,0.0,0.0,0.0,0.0,0.0,5.0,0.0,0.0,0.0,6.0,5.0,0.0,0.0,2.0,6.0,6.0,12.0,4.0,14.0,11.0,13.0
886,1.0,886.0,London_303,cons,151,453,1092.0,70.0,2.0,163080.0,0.9943620692938566,817.0,63.0,0.0,63.0,105.0,0.0,105.0,77.0,97.0,209.0,10.0,91.0,6.0,24.0,0.0,16.0,31.0,96.0,139.0,187.0,235.0,8.0,1.0,4.0,0.0,0.0,0.0,1.0,0.0,2.0,30.0,1.0,11.0,1.0,13.0,0.0,3.0,0.0,1.0,0.0,30.0,0.0,0.0,0.0,0.0,0.0,0.0,0.0,0.0,0.0,0.0,0.0,0.0,0.0,0.0,0.0,0.0,0.0,0.0,0.0,1.0,2.0,1.0,3.0,2.0,12.0,2.0,5.0,12.0,9.0,7.0,0.0,0.0,0.0,0.0,0.0,0.0,0.0,0.0,0.0,0.0,0.0,0.0,0.0,0.0,0.0,0.0,0.0,0.0,0.0,2.0,2.0,1.0,4.0,3.0,14.0,2.0,5.0,14.0,12.0,8.0
887,1.0,887.0,London_303,cons,151,453,1092.0,70.0,2.0,179388.0,1.237723235040903,853.0,111.0,0.0,111.0,191.0,0.0,191.0,69.0,99.0,199.0,18.0,100.0,3.0,21.0,0.0,13.0,29.0,101.0,143.0,180.0,234.0,1.0,0.0,1.0,0.0,0.0,0.0,0.0,0.0,0.0,66.0,0.0,24.0,0.0,30.0,1.0,8.0,1.0,2.0,0.0,66.0,0.0,0.0,0.0,0.0,0.0,0.0,0.0,0.0,0.0,0.0,0.0,0.0,0.0,0.0,0.0,0.0,0.0,0.0,2.0,2.0,5.0,0.0,3.0,5.0,1.0,1.0,1.0,10.0,10.0,15.0,0.0,0.0,0.0,0.0,0.0,0.0,0.0,0.0,0.0,0.0,0.0,0.0,0.0,0.0,0.0,0.0,0.0,0.0,2.0,2.0,6.0,0.0,3.0,5.0,1.0,1.0,1.0,11.0,12.0,20.0
888,1.0,888.0,London_303,cons,151,453,1092.0,70.0,2.0,173952.0,1.164062279742211,841.0,147.0,0.0,147.0,247.0,0.0,247.0,81.0,101.0,196.0,8.0,108.0,4.0,25.0,0.0,11.0,30.0,102.0,140.0,181.0,247.0,5.0,1.0,4.0,0.0,0.0,0.0,0.0,0.0,0.0,105.0,0.0,44.0,15.0,36.0,0.0,5.0,1.0,4.0,0.0,105.0,0.0,0.0,0.0,0.0,0.0,0.0,0.0,0.0,0.0,0.0,0.0,0.0,0.0,0.0,0.0,0.0,0.0,0.0,1.0,4.0,4.0,1.0,3.0,4.0,3.0,1.0,5.0,12.0,14.0,10.0,0.0,0.0,0.0,0.0,0.0,0.0,0.0,0.0,0.0,0.0,0.0,0.0,0.0,0.0,0.0,0.0,0.0,0.0,1.0,4.0,4.0,1.0,3.0,4.0,3.0,1.0,5.0,16.0,16.0,11.0
889,1.0,889.0,London_303,cons,151,453,1092.0,70.0,2.0,140883.0,0.8830591500736773,768.0,57.0,0.0,57.0,100.0,0.0,100.0,96.0,100.0,197.0,3.0,110.0,4.0,26.0,2.0,11.0,32.0,102.0,139.0,180.0,244.0,4.0,0.0,4.0,0.0,0.0,0.0,0.0,0.0,0.0,23.0,0.0,3.0,5.0,10.0,0.0,1.0,1.0,3.0,0.0,23.0,0.0,0.0,0.0,0.0,0.0,0.0,0.0,0.0,0.0,0.0,0.0,0.0,0.0,0.0,0.0,0.0,0.0,0.0,1.0,6.0,4.0,0.0,4.0,6.0,1.0,3.0,7.0,8.0,8.0,9.0,0.0,0.0,0.0,0.0,0.0,0.0,0.0,0.0,0.0,0.0,0.0,0.0,0.0,0.0,0.0,0.0,0.0,0.0,1.0,8.0,4.0,0.0,4.0,6.0,1.0,4.0,8.0,10.0,9.0,12.0
890,1.0,890.0,London_303,cons,151,453,1092.0,70.0,2.0,161721.0,1.1011269888840616,814.0,80.0,2.0,78.0,154.0,17.0,137.0,68.0,105.0,205.0,0.0,98.0,5.0,26.0,0.0,14.0,31.0,108.0,131.0,183.0,246.0,10.0,1.0,6.0,0.0,3.0,0.0,0.0,0.0,0.0,45.0,0.0,17.0,4.0,16.0,2.0,4.0,0.0,2.0,2.0,43.0,0.0,0.0,0.0,0.0,0.0,0.0,0.0,0.0,0.0,0.0,0.0,0.0,0.0,0.0,0.0,0.0,0.0,0.0,0.0,7.0,0.0,2.0,8.0,2.0,4.0,0.0,1.0,9.0,8.0,3.0,0.0,0.0,0.0,0.0,0.0,0.0,0.0,0.0,0.0,0.0,0.0,0.0,0.0,0.0,0.0,0.0,0.0,0.0,0.0,7.0,0.0,2.0,8.0,4.0,4.0,0.0,1.0,12.0,10.0,4.0
891,1.0,891.0,London_303,cons,151,453,1092.0,70.0,2.0,160815.0,1.13592668203637,812.0,65.0,0.0,65.0,113.0,0.0,113.0,83.0,99.0,201.0,6.0,109.0,1.0,21.0,1.0,15.0,30.0,99.0,136.0,188.0,246.0,0.0,0.0,0.0,0.0,0.0,0.0,0.0,0.0,0.0,22.0,1.0,5.0,3.0,7.0,1.0,1.0,0.0,4.0,0.0,22.0,0.0,0.0,0.0,0.0,0.0,0.0,0.0,0.0,0.0,0.0,0.0,0.0,0.0,0.0,0.0,0.0,0.0,0.0,3.0,3.0,2.0,0.0,6.0,3.0,8.0,5.0,4.0,10.0,12.0,7.0,0.0,0.0,0.0,0.0,0.0,0.0,0.0,0.0,0.0,0.0,0.0,0.0,0.0,0.0,0.0,0.0,0.0,0.0,3.0,3.0,2.0,0.0,7.0,4.0,14.0,5.0,5.0,17.0,15.0,10.0
892,1.0,892.0,London_303,cons,151,453,1092.0,70.0,2.0,165798.0,1.1210325630381703,823.0,68.0,0.0,68.0,112.0,0.0,112.0,78.0,101.0,204.0,4.0,100.0,2.0,28.0,1.0,13.0,30.0,100.0,146.0,177.0,253.0,1.0,1.0,0.0,0.0,0.0,0.0,0.0,0.0,0.0,40.0,0.0,13.0,6.0,19.0,1.0,1.0,0.0,0.0,0.0,40.0,0.0,0.0,0.0,0.0,0.0,0.0,0.0,0.0,0.0,0.0,0.0,0.0,0.0,0.0,0.0,0.0,0.0,0.0,0.0,2.0,1.0,1.0,4.0,2.0,5.0,4.0,2.0,10.0,10.0,6.0,0.0,0.0,0.0,0.0,0.0,0.0,0.0,0.0,0.0,0.0,0.0,0.0,0.0,0.0,0.0,0.0,0.0,0.0,0.0,2.0,1.0,1.0,4.0,3.0,6.0,4.0,2.0,11.0,13.0,8.0
893,1.0,893.0,London_303,cons,151,453,1092.0,70.0,2.0,170328.0,1.0917962682433426,833.0,172.0,1.0,171.0,313.0,8.0,305.0,56.0,96.0,204.0,5.0,100.0,2.0,30.0,1.0,15.0,31.0,102.0,142.0,178.0,260.0,7.0,0.0,3.0,0.0,4.0,0.0,0.0,0.0,0.0,128.0,1.0,38.0,19.0,60.0,1.0,5.0,3.0,1.0,0.0,128.0,0.0,0.0,0.0,0.0,0.0,0.0,0.0,0.0,0.0,0.0,0.0,0.0,0.0,0.0,0.0,0.0,0.0,0.0,0.0,3.0,2.0,0.0,6.0,3.0,8.0,1.0,3.0,16.0,8.0,9.0,0.0,0.0,0.0,0.0,0.0,0.0,0.0,0.0,0.0,0.0,0.0,0.0,0.0,0.0,0.0,0.0,0.0,0.0,0.0,3.0,2.0,0.0,6.0,4.0,10.0,2.0,4.0,21.0,8.0,10.0
894,1.0,894.0,London_303,cons,151,453,1092.0,70.0,2.0,122763.0,0.7554140398278832,728.0,27.0,2.0,25.0,65.0,17.0,48.0,105.0,92.0,214.0,6.0,101.0,0.0,23.0,0.0,17.0,30.0,98.0,139.0,186.0,255.0,8.0,0.0,6.0,0.0,1.0,0.0,0.0,0.0,1.0,11.0,0.0,0.0,1.0,8.0,0.0,2.0,0.0,0.0,1.0,10.0,0.0,0.0,0.0,0.0,0.0,0.0,0.0,0.0,0.0,0.0,0.0,0.0,0.0,1.0,2.0,0.0,0.0,0.0,1.0,3.0,1.0,0.0,2.0,4.0,1.0,1.0,1.0,3.0,4.0,4.0,0.0,0.0,0.0,0.0,0.0,0.0,0.0,0.0,0.0,0.0,0.0,0.0,0.0,4.0,4.0,0.0,0.0,0.0,1.0,3.0,1.0,0.0,2.0,5.0,1.0,1.0,2.0,4.0,5.0,5.0
895,1.0,895.0,London_303,cons,151,453,1092.0,70.0,2.0,152661.0,0.8737724311649799,794.0,101.0,2.0,99.0,202.0,18.0,184.0,55.0,101.0,205.0,6.0,95.0,2.0,30.0,0.0,14.0,23.0,102.0,139.0,189.0,236.0,7.0,2.0,4.0,0.0,1.0,0.0,0.0,0.0,0.0,56.0,1.0,12.0,4.0,35.0,0.0,3.0,1.0,0.0,1.0,55.0,0.0,0.0,0.0,0.0,0.0,0.0,0.0,0.0,0.0,0.0,0.0,0.0,0.0,1.0,0.0,0.0,0.0,0.0,3.0,1.0,3.0,0.0,2.0,2.0,1.0,4.0,4.0,12.0,18.0,9.0,0.0,0.0,0.0,0.0,0.0,0.0,0.0,0.0,0.0,0.0,0.0,0.0,0.0,1.0,0.0,0.0,0.0,0.0,4.0,1.0,3.0,0.0,2.0,2.0,1.0,4.0,6.0,15.0,23.0,12.0
896,1.0,896.0,London_303,cons,151,453,1092.0,70.0,2.0,139071.0,1.3508188989944756,764.0,129.0,0.0,129.0,223.0,0.0,223.0,114.0,98.0,191.0,8.0,111.0,7.0,23.0,0.0,15.0,24.0,104.0,132.0,193.0,225.0,7.0,3.0,2.0,0.0,1.0,0.0,1.0,0.0,0.0,73.0,2.0,31.0,3.0,27.0,0.0,7.0,0.0,3.0,0.0,73.0,0.0,0.0,0.0,0.0,0.0,0.0,0.0,0.0,0.0,0.0,0.0,0.0,0.0,0.0,0.0,0.0,0.0,0.0,1.0,0.0,2.0,0.0,3.0,7.0,4.0,2.0,8.0,15.0,13.0,12.0,0.0,0.0,0.0,0.0,0.0,0.0,0.0,0.0,0.0,0.0,0.0,0.0,0.0,0.0,0.0,0.0,0.0,0.0,1.0,0.0,2.0,0.0,3.0,9.0,4.0,2.0,9.0,19.0,15.0,15.0
897,1.0,897.0,London_303,cons,151,453,1092.0,70.0,2.0,115515.0,1.0419651200063527,712.0,52.0,2.0,50.0,105.0,22.0,83.0,111.0,97.0,188.0,10.0,106.0,8.0,25.0,1.0,18.0,26.0,98.0,151.0,178.0,228.0,2.0,1.0,1.0,0.0,0.0,0.0,0.0,0.0,0.0,19.0,0.0,5.0,3.0,5.0,0.0,2.0,1.0,3.0,2.0,17.0,0.0,0.0,0.0,0.0,0.0,0.0,0.0,0.0,0.0,0.0,0.0,1.0,0.0,0.0,0.0,0.0,0.0,0.0,2.0,2.0,1.0,2.0,2.0,5.0,6.0,3.0,5.0,6.0,14.0,9.0,0.0,0.0,0.0,0.0,0.0,0.0,0.0,0.0,0.0,0.0,0.0,1.0,0.0,0.0,0.0,0.0,0.0,0.0,2.0,2.0,1.0,3.0,2.0,7.0,8.0,3.0,6.0,7.0,22.0,9.0
898,1.0,898.0,London_303,cons,151,453,1092.0,70.0,2.0,118686.0,0.7183583877049387,719.0,9.0,0.0,9.0,17.0,0.0,17.0,75.0,98.0,181.0,7.0,115.0,5.0,29.0,0.0,18.0,22.0,98.0,152.0,181.0,224.0,6.0,1.0,4.0,0.0,1.0,0.0,0.0,0.0,0.0,4.0,0.0,1.0,1.0,2.0,0.0,0.0,0.0,0.0,0.0,4.0,0.0,0.0,0.0,0.0,0.0,0.0,0.0,0.0,0.0,0.0,0.0,0.0,0.0,0.0,0.0,0.0,0.0,0.0,0.0,1.0,0.0,0.0,0.0,1.0,0.0,1.0,3.0,1.0,1.0,2.0,0.0,0.0,0.0,0.0,0.0,0.0,0.0,0.0,0.0,0.0,0.0,0.0,0.0,0.0,0.0,0.0,0.0,0.0,0.0,1.0,0.0,0.0,0.0,1.0,0.0,2.0,5.0,2.0,1.0,2.0
899,1.0,899.0,London_303,cons,151,453,1092.0,70.0,2.0,157644.0,1.416811385191977,805.0,54.0,0.0,54.0,96.0,0.0,96.0,20.0,96.0,180.0,3.0,118.0,7.0,31.0,0.0,18.0,21.0,96.0,151.0,185.0,221.0,7.0,2.0,2.0,0.0,2.0,0.0,0.0,0.0,1.0,21.0,0.0,5.0,4.0,11.0,0.0,0.0,1.0,0.0,0.0,21.0,0.0,0.0,0.0,0.0,0.0,0.0,0.0,0.0,0.0,0.0,0.0,0.0,0.0,0.0,0.0,0.0,0.0,0.0,2.0,4.0,2.0,0.0,1.0,6.0,1.0,3.0,1.0,9.0,10.0,4.0,0.0,0.0,0.0,0.0,0.0,0.0,0.0,0.0,0.0,0.0,0.0,0.0,0.0,0.0,0.0,0.0,0.0,0.0,2.0,4.0,2.0,0.0,1.0,7.0,1.0,7.0,1.0,12.0,13.0,5.0
900,1.0,900.0,London_303,cons,151,453,1092.0,70.0,2.0,179388.0,1.1737013040110469,853.0,70.0,2.0,68.0,129.0,19.0,110.0,75.0,87.0,182.0,7.0,121.0,8.0,33.0,0.0,15.0,21.0,102.0,148.0,182.0,225.0,3.0,1.0,2.0,0.0,0.0,0.0,0.0,0.0,0.0,30.0,0.0,15.0,0.0,13.0,1.0,0.0,0.0,1.0,2.0,28.0,0.0,0.0,0.0,0.0,0.0,0.0,0.0,0.0,0.0,0.0,0.0,0.0,0.0,0.0,1.0,0.0,0.0,0.0,0.0,4.0,1.0,0.0,1.0,7.0,4.0,3.0,7.0,12.0,12.0,9.0,0.0,0.0,0.0,0.0,0.0,0.0,0.0,0.0,0.0,0.0,0.0,0.0,0.0,0.0,4.0,0.0,0.0,0.0,0.0,5.0,1.0,0.0,1.0,10.0,4.0,4.0,9.0,17.0,14.0,9.0
901,1.0,901.0,London_303,cons,151,453,1092.0,70.0,2.0,202491.0,1.4983192472718656,904.0,153.0,2.0,151.0,275.0,17.0,258.0,80.0,81.0,184.0,4.0,121.0,8.0,39.0,0.0,16.0,19.0,110.0,141.0,183.0,234.0,8.0,2.0,4.0,0.0,2.0,0.0,0.0,0.0,0.0,103.0,1.0,30.0,10.0,53.0,0.0,1.0,2.0,6.0,2.0,101.0,0.0,0.0,0.0,0.0,0.0,0.0,0.0,0.0,0.0,0.0,0.0,0.0,0.0,1.0,2.0,0.0,0.0,0.0,1.0,1.0,2.0,1.0,4.0,4.0,3.0,3.0,4.0,20.0,9.0,10.0,0.0,0.0,0.0,0.0,0.0,0.0,0.0,0.0,0.0,0.0,0.0,0.0,0.0,7.0,4.0,0.0,0.0,0.0,1.0,2.0,2.0,1.0,4.0,4.0,3.0,6.0,5.0,29.0,12.0,12.0
902,1.0,902.0,London_303,cons,151,453,1092.0,70.0,2.0,179388.0,1.8145081899128854,853.0,131.0,0.0,131.0,212.0,0.0,212.0,118.0,83.0,187.0,5.0,119.0,13.0,26.0,2.0,18.0,14.0,107.0,146.0,186.0,237.0,7.0,3.0,3.0,0.0,1.0,0.0,0.0,0.0,0.0,78.0,0.0,23.0,7.0,40.0,0.0,4.0,0.0,4.0,0.0,78.0,0.0,0.0,0.0,0.0,0.0,0.0,0.0,0.0,0.0,0.0,0.0,0.0,0.0,0.0,0.0,0.0,0.0,0.0,4.0,0.0,2.0,0.0,7.0,5.0,8.0,3.0,10.0,9.0,19.0,18.0,0.0,0.0,0.0,0.0,0.0,0.0,0.0,0.0,0.0,0.0,0.0,0.0,0.0,0.0,0.0,0.0,0.0,0.0,4.0,0.0,3.0,0.0,8.0,6.0,10.0,3.0,12.0,12.0,23.0,21.0
903,1.0,903.0,London_303,cons,151,453,1092.0,70.0,2.0,162627.0,0.920302988961339,816.0,12.0,0.0,12.0,20.0,0.0,20.0,114.0,86.0,181.0,8.0,122.0,13.0,23.0,0.0,20.0,16.0,104.0,149.0,184.0,247.0,6.0,1.0,3.0,0.0,1.0,0.0,0.0,0.0,1.0,3.0,0.0,0.0,0.0,0.0,0.0,3.0,0.0,0.0,0.0,3.0,0.0,0.0,0.0,0.0,0.0,0.0,0.0,0.0,0.0,0.0,0.0,0.0,0.0,0.0,0.0,0.0,0.0,0.0,0.0,2.0,2.0,0.0,0.0,3.0,0.0,0.0,0.0,4.0,2.0,2.0,0.0,0.0,0.0,0.0,0.0,0.0,0.0,0.0,0.0,0.0,0.0,0.0,0.0,0.0,0.0,0.0,0.0,0.0,0.0,2.0,2.0,0.0,0.0,5.0,0.0,0.0,0.0,6.0,2.0,2.0
904,1.0,904.0,London_303,cons,151,453,1092.0,70.0,2.0,207021.0,1.2345800697803497,914.0,57.0,0.0,57.0,97.0,0.0,97.0,23.0,86.0,176.0,11.0,124.0,14.0,22.0,1.0,19.0,15.0,108.0,154.0,176.0,242.0,3.0,0.0,2.0,0.0,1.0,0.0,0.0,0.0,0.0,19.0,0.0,9.0,1.0,6.0,0.0,1.0,0.0,2.0,0.0,19.0,0.0,0.0,0.0,0.0,0.0,0.0,0.0,0.0,0.0,0.0,0.0,0.0,0.0,0.0,0.0,0.0,0.0,0.0,2.0,4.0,3.0,0.0,3.0,2.0,2.0,2.0,2.0,7.0,11.0,9.0,0.0,0.0,0.0,0.0,0.0,0.0,0.0,0.0,0.0,0.0,0.0,0.0,0.0,0.0,0.0,0.0,0.0,0.0,2.0,4.0,3.0,0.0,3.0,3.0,3.0,2.0,2.0,12.0,15.0,10.0
905,1.0,905.0,London_303,cons,151,453,1092.0,70.0,2.0,226047.0,1.3810125109739602,956.0,209.0,2.0,207.0,364.0,19.0,345.0,69.0,82.0,178.0,18.0,114.0,14.0,24.0,2.0,21.0,18.0,115.0,160.0,160.0,246.0,8.0,1.0,4.0,0.0,2.0,0.0,1.0,0.0,0.0,147.0,0.0,58.0,11.0,63.0,5.0,9.0,0.0,1.0,1.0,146.0,0.0,0.0,0.0,0.0,0.0,0.0,0.0,0.0,0.0,0.0,0.0,0.0,0.0,0.0,1.0,0.0,0.0,0.0,2.0,6.0,3.0,0.0,3.0,5.0,6.0,0.0,9.0,15.0,22.0,5.0,0.0,0.0,0.0,0.0,0.0,0.0,0.0,0.0,0.0,0.0,0.0,0.0,0.0,0.0,1.0,0.0,0.0,0.0,2.0,7.0,3.0,0.0,3.0,7.0,6.0,0.0,13.0,17.0,31.0,5.0
906,1.0,906.0,London_303,cons,151,453,1092.0,70.0,2.0,173046.0,0.9595861192792654,839.0,99.0,2.0,97.0,186.0,18.0,168.0,138.0,79.0,202.0,13.0,114.0,9.0,18.0,1.0,17.0,15.0,106.0,169.0,163.0,249.0,9.0,0.0,2.0,0.0,6.0,0.0,0.0,0.0,1.0,53.0,1.0,17.0,4.0,17.0,7.0,5.0,0.0,2.0,2.0,51.0,0.0,0.0,0.0,0.0,0.0,0.0,0.0,0.0,0.0,0.0,0.0,0.0,0.0,0.0,2.0,0.0,0.0,0.0,4.0,5.0,2.0,0.0,2.0,4.0,4.0,3.0,3.0,12.0,10.0,5.0,0.0,0.0,0.0,0.0,0.0,0.0,0.0,0.0,0.0,0.0,0.0,0.0,0.0,0.0,4.0,0.0,0.0,0.0,4.0,6.0,2.0,0.0,2.0,5.0,7.0,3.0,3.0,17.0,12.0,5.0
907,1.0,907.0,London_303,cons,151,453,1092.0,70.0,2.0,169875.0,1.00788436178118,832.0,179.0,2.0,177.0,324.0,15.0,309.0,103.0,84.0,200.0,12.0,121.0,4.0,18.0,1.0,13.0,16.0,101.0,179.0,157.0,247.0,0.0,0.0,0.0,0.0,0.0,0.0,0.0,0.0,0.0,116.0,0.0,42.0,11.0,41.0,3.0,13.0,1.0,5.0,2.0,114.0,0.0,0.0,0.0,0.0,0.0,0.0,0.0,0.0,0.0,0.0,0.0,0.0,1.0,0.0,1.0,0.0,0.0,0.0,5.0,2.0,6.0,0.0,3.0,2.0,2.0,4.0,8.0,20.0,16.0,16.0,0.0,0.0,0.0,0.0,0.0,0.0,0.0,0.0,0.0,0.0,0.0,0.0,4.0,0.0,2.0,0.0,0.0,0.0,5.0,2.0,6.0,0.0,3.0,2.0,2.0,6.0,10.0,25.0,21.0,19.0
908,1.0,908.0,London_303,cons,151,453,1092.0,70.0,2.0,121404.0,1.2963973619043827,725.0,6.0,0.0,6.0,12.0,0.0,12.0,131.0,73.0,209.0,14.0,120.0,3.0,22.0,0.0,12.0,16.0,90.0,176.0,171.0,252.0,8.0,0.0,6.0,0.0,2.0,0.0,0.0,0.0,0.0,1.0,0.0,1.0,0.0,0.0,0.0,0.0,0.0,0.0,0.0,1.0,0.0,0.0,0.0,0.0,0.0,0.0,0.0,0.0,0.0,0.0,0.0,0.0,0.0,0.0,0.0,0.0,0.0,0.0,0.0,0.0,1.0,0.0,0.0,0.0,1.0,0.0,1.0,2.0,0.0,1.0,0.0,0.0,0.0,0.0,0.0,0.0,0.0,0.0,0.0,0.0,0.0,0.0,0.0,0.0,0.0,0.0,0.0,0.0,0.0,0.0,1.0,0.0,0.0,0.0,1.0,0.0,2.0,3.0,0.0,2.0
909,1.0,909.0,London_303,cons,151,453,1092.0,70.0,2.0,153114.0,0.8585792309604585,795.0,29.0,1.0,28.0,59.0,10.0,49.0,18.0,76.0,204.0,12.0,124.0,3.0,23.0,0.0,11.0,17.0,89.0,179.0,168.0,243.0,9.0,0.0,6.0,0.0,3.0,0.0,0.0,0.0,0.0,7.0,0.0,3.0,2.0,0.0,0.0,1.0,1.0,0.0,1.0,6.0,0.0,0.0,0.0,0.0,0.0,0.0,0.0,0.0,0.0,0.0,0.0,0.0,0.0,1.0,1.0,0.0,0.0,0.0,0.0,0.0,1.0,0.0,0.0,4.0,2.0,2.0,4.0,6.0,2.0,10.0,0.0,0.0,0.0,0.0,0.0,0.0,0.0,0.0,0.0,0.0,0.0,0.0,0.0,6.0,4.0,0.0,0.0,0.0,0.0,0.0,2.0,0.0,0.0,6.0,2.0,2.0,4.0,9.0,2.0,11.0
910,1.0,910.0,London_303,cons,151,453,1092.0,70.0,2.0,175764.0,1.3419664157554507,845.0,184.0,2.0,182.0,322.0,18.0,304.0,55.0,91.0,195.0,8.0,118.0,3.0,25.0,2.0,11.0,17.0,92.0,177.0,167.0,240.0,4.0,0.0,3.0,0.0,1.0,0.0,0.0,0.0,0.0,122.0,0.0,44.0,16.0,49.0,2.0,8.0,1.0,2.0,1.0,121.0,0.0,0.0,0.0,0.0,0.0,0.0,0.0,0.0,0.0,0.0,0.0,0.0,0.0,1.0,1.0,0.0,0.0,0.0,0.0,1.0,1.0,2.0,5.0,2.0,0.0,2.0,6.0,10.0,20.0,16.0,0.0,0.0,0.0,0.0,0.0,0.0,0.0,0.0,0.0,0.0,0.0,0.0,0.0,6.0,2.0,0.0,0.0,0.0,0.0,1.0,1.0,2.0,5.0,2.0,0.0,3.0,6.0,12.0,22.0,17.0
911,1.0,911.0,London_303,cons,151,453,1092.0,70.0,2.0,126840.0,0.7444571009837091,737.0,3.0,3.0,0.0,24.0,24.0,0.0,130.0,87.0,208.0,11.0,107.0,3.0,23.0,3.0,11.0,16.0,94.0,171.0,172.0,235.0,3.0,0.0,3.0,0.0,0.0,0.0,0.0,0.0,0.0,1.0,0.0,0.0,0.0,0.0,0.0,1.0,0.0,0.0,1.0,0.0,0.0,0.0,0.0,0.0,0.0,0.0,0.0,0.0,0.0,0.0,0.0,1.0,0.0,1.0,2.0,0.0,0.0,0.0,0.0,0.0,0.0,0.0,0.0,0.0,0.0,0.0,0.0,0.0,0.0,0.0,0.0,0.0,0.0,0.0,0.0,0.0,0.0,0.0,0.0,0.0,0.0,2.0,0.0,2.0,3.0,0.0,0.0,0.0,0.0,0.0,0.0,0.0,0.0,0.0,0.0,0.0,0.0,0.0,0.0,0.0
912,1.0,912.0,London_303,cons,151,453,1092.0,70.0,2.0,163080.0,1.294160895049572,817.0,134.0,0.0,134.0,222.0,0.0,222.0,20.0,91.0,211.0,13.0,96.0,3.0,24.0,4.0,11.0,14.0,97.0,162.0,180.0,220.0,7.0,0.0,6.0,0.0,1.0,0.0,0.0,0.0,0.0,66.0,0.0,14.0,6.0,36.0,0.0,4.0,0.0,6.0,0.0,66.0,0.0,0.0,0.0,0.0,0.0,0.0,0.0,0.0,0.0,0.0,0.0,0.0,0.0,0.0,0.0,0.0,0.0,0.0,2.0,3.0,2.0,0.0,5.0,5.0,5.0,2.0,6.0,20.0,22.0,17.0,0.0,0.0,0.0,0.0,0.0,0.0,0.0,0.0,0.0,0.0,0.0,0.0,0.0,0.0,0.0,0.0,0.0,0.0,2.0,4.0,2.0,0.0,5.0,6.0,6.0,3.0,8.0,23.0,29.0,20.0
913,1.0,913.0,London_303,cons,151,453,1092.0,70.0,2.0,145413.0,0.8898497391492128,778.0,76.0,0.0,76.0,133.0,0.0,133.0,120.0,90.0,202.0,14.0,99.0,4.0,27.0,3.0,14.0,19.0,98.0,166.0,170.0,230.0,7.0,0.0,4.0,0.0,1.0,0.0,2.0,0.0,0.0,36.0,0.0,10.0,1.0,20.0,1.0,2.0,0.0,2.0,0.0,36.0,0.0,0.0,0.0,0.0,0.0,0.0,0.0,0.0,0.0,0.0,0.0,0.0,0.0,0.0,0.0,0.0,0.0,0.0,1.0,2.0,1.0,1.0,1.0,4.0,2.0,3.0,8.0,4.0,10.0,18.0,0.0,0.0,0.0,0.0,0.0,0.0,0.0,0.0,0.0,0.0,0.0,0.0,0.0,0.0,0.0,0.0,0.0,0.0,1.0,3.0,1.0,2.0,1.0,4.0,3.0,4.0,8.0,5.0,13.0,21.0
914,1.0,914.0,London_303,cons,151,453,1092.0,70.0,2.0,149943.0,0.8787222639657557,788.0,163.0,0.0,163.0,271.0,0.0,271.0,80.0,87.0,195.0,14.0,101.0,6.0,32.0,4.0,14.0,19.0,98.0,156.0,180.0,231.0,3.0,0.0,2.0,0.0,1.0,0.0,0.0,0.0,0.0,102.0,4.0,36.0,5.0,49.0,1.0,0.0,0.0,7.0,0.0,102.0,0.0,0.0,0.0,0.0,0.0,0.0,0.0,0.0,0.0,0.0,0.0,0.0,0.0,0.0,0.0,0.0,0.0,0.0,3.0,4.0,1.0,0.0,6.0,1.0,6.0,7.0,1.0,17.0,12.0,8.0,0.0,0.0,0.0,0.0,0.0,0.0,0.0,0.0,0.0,0.0,0.0,0.0,0.0,0.0,0.0,0.0,0.0,0.0,3.0,4.0,1.0,0.0,6.0,1.0,8.0,9.0,1.0,22.0,16.0,13.0
915,1.0,915.0,London_303,cons,151,453,1092.0,70.0,2.0,106455.0,0.6689719841815531,692.0,2.0,2.0,0.0,18.0,18.0,0.0,117.0,78.0,190.0,19.0,107.0,9.0,35.0,2.0,13.0,20.0,97.0,159.0,177.0,232.0,1.0,0.0,1.0,0.0,0.0,0.0,0.0,0.0,0.0,2.0,0.0,0.0,0.0,0.0,0.0,2.0,0.0,0.0,2.0,0.0,0.0,0.0,0.0,0.0,0.0,0.0,0.0,0.0,0.0,0.0,0.0,0.0,0.0,0.0,1.0,0.0,0.0,0.0,0.0,0.0,0.0,0.0,0.0,0.0,0.0,0.0,0.0,0.0,0.0,0.0,0.0,0.0,0.0,0.0,0.0,0.0,0.0,0.0,0.0,0.0,0.0,0.0,0.0,0.0,2.0,0.0,0.0,0.0,0.0,0.0,0.0,0.0,0.0,0.0,0.0,0.0,0.0,0.0,0.0,0.0
916,1.0,916.0,London_303,cons,151,453,1092.0,70.0,2.0,139977.0,1.137378990650177,766.0,41.0,0.0,41.0,69.0,0.0,69.0,5.0,79.0,191.0,19.0,107.0,7.0,33.0,2.0,15.0,20.0,99.0,156.0,178.0,231.0,7.0,1.0,4.0,0.0,1.0,0.0,0.0,0.0,1.0,9.0,0.0,1.0,0.0,6.0,0.0,0.0,1.0,1.0,0.0,9.0,0.0,0.0,0.0,0.0,0.0,0.0,0.0,0.0,0.0,0.0,0.0,0.0,0.0,0.0,0.0,0.0,0.0,0.0,1.0,3.0,2.0,3.0,1.0,7.0,0.0,2.0,7.0,11.0,9.0,9.0,0.0,0.0,0.0,0.0,0.0,0.0,0.0,0.0,0.0,0.0,0.0,0.0,0.0,0.0,0.0,0.0,0.0,0.0,1.0,4.0,2.0,4.0,1.0,10.0,0.0,2.0,9.0,13.0,13.0,12.0
917,1.0,917.0,London_303,cons,151,453,1092.0,70.0,2.0,162627.0,1.0551393730565906,816.0,127.0,2.0,125.0,228.0,17.0,211.0,62.0,84.0,189.0,24.0,100.0,7.0,31.0,2.0,16.0,21.0,91.0,162.0,179.0,237.0,2.0,1.0,1.0,0.0,0.0,0.0,0.0,0.0,0.0,68.0,0.0,25.0,6.0,31.0,0.0,5.0,1.0,0.0,2.0,66.0,0.0,0.0,0.0,0.0,0.0,0.0,0.0,0.0,0.0,0.0,0.0,0.0,0.0,0.0,0.0,0.0,0.0,0.0,1.0,4.0,4.0,1.0,6.0,4.0,4.0,3.0,4.0,9.0,16.0,15.0,0.0,0.0,0.0,0.0,0.0,0.0,0.0,0.0,0.0,0.0,0.0,0.0,0.0,0.0,0.0,0.0,0.0,0.0,1.0,4.0,4.0,1.0,7.0,5.0,4.0,3.0,6.0,13.0,18.0,19.0
918,1.0,918.0,London_303,cons,151,453,1092.0,70.0,2.0,144960.0,0.9630869789980352,777.0,20.0,2.0,18.0,52.0,21.0,31.0,115.0,82.0,203.0,14.0,97.0,7.0,35.0,2.0,13.0,23.0,82.0,163.0,185.0,244.0,4.0,0.0,3.0,0.0,1.0,0.0,0.0,0.0,0.0,6.0,0.0,0.0,1.0,2.0,1.0,2.0,0.0,0.0,2.0,4.0,0.0,0.0,0.0,0.0,0.0,0.0,0.0,0.0,0.0,0.0,0.0,0.0,1.0,0.0,0.0,0.0,0.0,0.0,2.0,0.0,0.0,0.0,0.0,4.0,2.0,1.0,3.0,1.0,2.0,3.0,0.0,0.0,0.0,0.0,0.0,0.0,0.0,0.0,0.0,0.0,0.0,0.0,1.0,0.0,0.0,0.0,0.0,0.0,3.0,0.0,0.0,0.0,0.0,4.0,2.0,1.0,4.0,1.0,2.0,4.0
919,1.0,919.0,London_303,cons,151,453,1092.0,70.0,2.0,185730.0,1.1006830800324678,867.0,149.0,2.0,147.0,270.0,17.0,253.0,33.0,81.0,208.0,13.0,99.0,6.0,31.0,2.0,13.0,24.0,78.0,161.0,190.0,247.0,4.0,0.0,4.0,0.0,0.0,0.0,0.0,0.0,0.0,98.0,0.0,21.0,3.0,60.0,0.0,5.0,2.0,7.0,1.0,97.0,0.0,0.0,0.0,0.0,0.0,0.0,0.0,0.0,0.0,0.0,0.0,0.0,0.0,0.0,1.0,0.0,0.0,0.0,8.0,4.0,3.0,0.0,3.0,4.0,4.0,3.0,5.0,14.0,14.0,12.0,0.0,0.0,0.0,0.0,0.0,0.0,0.0,0.0,0.0,0.0,0.0,0.0,0.0,0.0,5.0,0.0,0.0,0.0,9.0,6.0,3.0,0.0,3.0,4.0,4.0,3.0,5.0,17.0,21.0,15.0
920,1.0,920.0,London_303,cons,151,453,1092.0,70.0,2.0,146772.0,0.8704632660374045,781.0,46.0,0.0,46.0,73.0,0.0,73.0,108.0,86.0,196.0,15.0,103.0,6.0,31.0,2.0,14.0,22.0,95.0,155.0,181.0,242.0,5.0,1.0,3.0,0.0,1.0,0.0,0.0,0.0,0.0,13.0,0.0,4.0,1.0,5.0,0.0,1.0,0.0,2.0,0.0,13.0,0.0,0.0,0.0,0.0,0.0,0.0,0.0,0.0,0.0,0.0,0.0,0.0,0.0,0.0,0.0,0.0,0.0,0.0,1.0,5.0,3.0,0.0,1.0,6.0,2.0,4.0,5.0,6.0,11.0,6.0,0.0,0.0,0.0,0.0,0.0,0.0,0.0,0.0,0.0,0.0,0.0,0.0,0.0,0.0,0.0,0.0,0.0,0.0,1.0,9.0,3.0,0.0,1.0,11.0,2.0,4.0,6.0,7.0,15.0,6.0
921,1.0,921.0,London_303,cons,151,453,1092.0,70.0,2.0,168969.0,1.2273405399173498,830.0,138.0,0.0,138.0,224.0,0.0,224.0,61.0,86.0,184.0,18.0,109.0,6.0,32.0,3.0,15.0,22.0,93.0,166.0,172.0,244.0,2.0,0.0,0.0,0.0,1.0,0.0,0.0,0.0,1.0,88.0,0.0,32.0,5.0,42.0,0.0,7.0,0.0,2.0,0.0,88.0,0.0,0.0,0.0,0.0,0.0,0.0,0.0,0.0,0.0,0.0,0.0,0.0,0.0,0.0,0.0,0.0,0.0,0.0,1.0,0.0,2.0,0.0,4.0,7.0,1.0,2.0,4.0,7.0,12.0,8.0,0.0,0.0,0.0,0.0,0.0,0.0,0.0,0.0,0.0,0.0,0.0,0.0,0.0,0.0,0.0,0.0,0.0,0.0,1.0,0.0,2.0,0.0,5.0,10.0,1.0,2.0,4.0,9.0,14.0,9.0
922,1.0,922.0,London_303,cons,151,453,1092.0,70.0,2.0,134541.0,0.7108211740851402,754.0,82.0,0.0,82.0,150.0,0.0,150.0,94.0,82.0,193.0,13.0,107.0,6.0,32.0,5.0,15.0,24.0,87.0,162.0,180.0,247.0,8.0,0.0,3.0,0.0,4.0,0.0,0.0,0.0,1.0,41.0,0.0,12.0,2.0,22.0,1.0,3.0,0.0,1.0,0.0,41.0,0.0,0.0,0.0,0.0,0.0,0.0,0.0,0.0,0.0,0.0,0.0,0.0,0.0,0.0,0.0,0.0,0.0,0.0,2.0,2.0,3.0,3.0,3.0,5.0,4.0,2.0,5.0,10.0,10.0,6.0,0.0,0.0,0.0,0.0,0.0,0.0,0.0,0.0,0.0,0.0,0.0,0.0,0.0,0.0,0.0,0.0,0.0,0.0,2.0,2.0,3.0,4.0,3.0,7.0,4.0,2.0,7.0,15.0,15.0,7.0
923,1.0,923.0,London_303,cons,151,453,1092.0,70.0,2.0,123669.0,0.7722671767696738,730.0,33.0,0.0,33.0,57.0,0.0,57.0,90.0,86.0,197.0,17.0,101.0,5.0,27.0,5.0,15.0,24.0,89.0,156.0,184.0,244.0,5.0,0.0,4.0,0.0,1.0,0.0,0.0,0.0,0.0,10.0,0.0,0.0,0.0,8.0,0.0,1.0,0.0,1.0,0.0,10.0,0.0,0.0,0.0,0.0,0.0,0.0,0.0,0.0,0.0,0.0,0.0,0.0,0.0,0.0,0.0,0.0,0.0,0.0,1.0,0.0,2.0,0.0,1.0,2.0,3.0,1.0,7.0,7.0,8.0,5.0,0.0,0.0,0.0,0.0,0.0,0.0,0.0,0.0,0.0,0.0,0.0,0.0,0.0,0.0,0.0,0.0,0.0,0.0,2.0,0.0,4.0,0.0,1.0,3.0,4.0,2.0,8.0,10.0,9.0,7.0
924,1.0,924.0,London_303,cons,151,453,1092.0,70.0,2.0,144507.0,0.8337136819027364,776.0,105.0,1.0,104.0,187.0,9.0,178.0,48.0,83.0,194.0,17.0,103.0,5.0,29.0,5.0,17.0,25.0,90.0,162.0,176.0,243.0,1.0,0.0,0.0,0.0,0.0,0.0,1.0,0.0,0.0,64.0,0.0,16.0,5.0,28.0,3.0,5.0,1.0,6.0,1.0,63.0,0.0,0.0,0.0,0.0,0.0,0.0,0.0,0.0,0.0,0.0,0.0,0.0,1.0,0.0,0.0,0.0,0.0,0.0,1.0,0.0,1.0,0.0,3.0,4.0,4.0,2.0,5.0,9.0,11.0,15.0,0.0,0.0,0.0,0.0,0.0,0.0,0.0,0.0,0.0,0.0,0.0,0.0,1.0,0.0,0.0,0.0,0.0,0.0,1.0,0.0,1.0,0.0,4.0,5.0,5.0,2.0,6.0,9.0,17.0,17.0
925,1.0,925.0,London_303,cons,151,453,1092.0,70.0,2.0,132729.0,0.75794692710042,750.0,89.0,2.0,87.0,178.0,19.0,159.0,83.0,69.0,212.0,14.0,106.0,7.0,26.0,3.0,16.0,30.0,92.0,160.0,171.0,251.0,4.0,0.0,1.0,0.0,1.0,0.0,1.0,0.0,1.0,47.0,0.0,13.0,3.0,18.0,2.0,9.0,0.0,2.0,2.0,45.0,0.0,0.0,0.0,0.0,0.0,0.0,0.0,0.0,0.0,0.0,0.0,0.0,0.0,1.0,1.0,0.0,0.0,0.0,3.0,4.0,2.0,1.0,2.0,3.0,8.0,3.0,8.0,10.0,15.0,18.0,0.0,0.0,0.0,0.0,0.0,0.0,0.0,0.0,0.0,0.0,0.0,0.0,0.0,4.0,2.0,0.0,0.0,0.0,4.0,4.0,2.0,1.0,2.0,7.0,11.0,3.0,9.0,12.0,19.0,22.0
926,1.0,926.0,London_303,cons,151,453,1092.0,70.0,2.0,137712.0,0.7255442258901894,761.0,14.0,2.0,12.0,38.0,18.0,20.0,96.0,84.0,201.0,9.0,113.0,4.0,22.0,4.0,16.0,29.0,92.0,168.0,164.0,244.0,5.0,0.0,4.0,0.0,1.0,0.0,0.0,0.0,0.0,4.0,0.0,0.0,0.0,2.0,0.0,2.0,0.0,0.0,2.0,2.0,0.0,0.0,0.0,0.0,0.0,0.0,0.0,0.0,1.0,0.0,0.0,0.0,0.0,0.0,0.0,0.0,0.0,0.0,2.0,0.0,0.0,0.0,1.0,1.0,1.0,2.0,1.0,4.0,1.0,4.0,0.0,0.0,0.0,0.0,0.0,0.0,0.0,0.0,1.0,0.0,0.0,0.0,0.0,0.0,0.0,0.0,0.0,0.0,4.0,0.0,0.0,0.0,1.0,1.0,2.0,2.0,1.0,7.0,2.0,5.0
927,1.0,927.0,London_303,cons,151,453,1092.0,70.0,2.0,170781.0,1.005105552263558,834.0,143.0,1.0,142.0,254.0,9.0,245.0,25.0,86.0,202.0,9.0,115.0,3.0,20.0,2.0,16.0,31.0,89.0,170.0,163.0,241.0,3.0,1.0,2.0,0.0,0.0,0.0,0.0,0.0,0.0,90.0,0.0,22.0,8.0,41.0,0.0,13.0,2.0,4.0,0.0,90.0,0.0,0.0,0.0,0.0,0.0,0.0,0.0,0.0,0.0,0.0,0.0,0.0,0.0,0.0,1.0,0.0,0.0,0.0,2.0,2.0,1.0,1.0,4.0,3.0,2.0,2.0,3.0,6.0,22.0,17.0,0.0,0.0,0.0,0.0,0.0,0.0,0.0,0.0,0.0,0.0,0.0,0.0,0.0,0.0,3.0,0.0,0.0,0.0,2.0,2.0,1.0,1.0,4.0,4.0,2.0,3.0,3.0,8.0,29.0,20.0
928,1.0,928.0,London_303,cons,151,453,1092.0,70.0,2.0,136353.0,0.8141925879754126,758.0,35.0,0.0,35.0,66.0,0.0,66.0,111.0,91.0,203.0,9.0,111.0,6.0,16.0,0.0,17.0,28.0,92.0,163.0,170.0,245.0,12.0,0.0,9.0,0.0,3.0,0.0,0.0,0.0,0.0,11.0,0.0,4.0,1.0,3.0,1.0,1.0,1.0,0.0,0.0,11.0,0.0,0.0,0.0,0.0,0.0,0.0,0.0,0.0,0.0,0.0,0.0,0.0,0.0,0.0,0.0,0.0,0.0,0.0,1.0,4.0,6.0,2.0,2.0,1.0,4.0,1.0,2.0,6.0,8.0,9.0,0.0,0.0,0.0,0.0,0.0,0.0,0.0,0.0,0.0,0.0,0.0,0.0,0.0,0.0,0.0,0.0,0.0,0.0,1.0,4.0,6.0,2.0,2.0,3.0,7.0,2.0,5.0,11.0,12.0,10.0
929,1.0,929.0,London_303,cons,151,453,1092.0,70.0,2.0,163080.0,1.147236072923988,817.0,57.0,0.0,57.0,89.0,0.0,89.0,63.0,97.0,193.0,8.0,114.0,5.0,18.0,1.0,17.0,29.0,94.0,156.0,174.0,241.0,3.0,0.0,1.0,0.0,2.0,0.0,0.0,0.0,0.0,17.0,0.0,9.0,1.0,7.0,0.0,0.0,0.0,0.0,0.0,17.0,0.0,0.0,0.0,0.0,0.0,0.0,0.0,0.0,0.0,0.0,0.0,0.0,0.0,0.0,0.0,0.0,0.0,0.0,1.0,4.0,3.0,0.0,2.0,4.0,1.0,0.0,3.0,9.0,11.0,8.0,0.0,0.0,0.0,0.0,0.0,0.0,0.0,0.0,0.0,0.0,0.0,0.0,0.0,0.0,0.0,0.0,0.0,0.0,1.0,4.0,3.0,0.0,2.0,4.0,2.0,0.0,3.0,11.0,15.0,10.0
930,1.0,930.0,London_303,cons,151,453,1092.0,70.0,2.0,174858.0,1.185460951179266,843.0,135.0,0.0,135.0,243.0,0.0,243.0,66.0,99.0,179.0,8.0,125.0,7.0,16.0,1.0,18.0,30.0,88.0,160.0,175.0,244.0,10.0,1.0,4.0,0.0,5.0,0.0,0.0,0.0,0.0,86.0,2.0,46.0,9.0,20.0,0.0,7.0,1.0,1.0,0.0,86.0,0.0,0.0,0.0,0.0,0.0,0.0,0.0,0.0,0.0,0.0,0.0,0.0,0.0,0.0,0.0,0.0,0.0,0.0,3.0,2.0,1.0,1.0,3.0,7.0,4.0,2.0,5.0,10.0,16.0,10.0,0.0,0.0,0.0,0.0,0.0,0.0,0.0,0.0,0.0,0.0,0.0,0.0,0.0,0.0,0.0,0.0,0.0,0.0,4.0,2.0,1.0,2.0,3.0,8.0,4.0,2.0,9.0,12.0,24.0,13.0
931,1.0,931.0,London_303,cons,151,453,1092.0,70.0,2.0,149943.0,0.8367355857044458,788.0,57.0,0.0,57.0,100.0,0.0,100.0,108.0,93.0,191.0,14.0,119.0,5.0,14.0,1.0,16.0,31.0,93.0,155.0,174.0,240.0,3.0,0.0,3.0,0.0,0.0,0.0,0.0,0.0,0.0,26.0,0.0,8.0,0.0,12.0,1.0,2.0,2.0,1.0,0.0,26.0,0.0,0.0,0.0,0.0,0.0,0.0,0.0,0.0,0.0,0.0,0.0,0.0,0.0,0.0,0.0,0.0,0.0,0.0,1.0,1.0,2.0,0.0,2.0,6.0,3.0,4.0,5.0,7.0,6.0,6.0,0.0,0.0,0.0,0.0,0.0,0.0,0.0,0.0,0.0,0.0,0.0,0.0,0.0,0.0,0.0,0.0,0.0,0.0,1.0,1.0,2.0,0.0,2.0,6.0,3.0,5.0,6.0,7.0,9.0,9.0
932,1.0,932.0,London_303,cons,151,453,1092.0,70.0,2.0,168063.0,1.1513493531383574,828.0,185.0,2.0,183.0,329.0,17.0,312.0,66.0,99.0,184.0,15.0,116.0,5.0,16.0,1.0,17.0,29.0,98.0,154.0,172.0,243.0,5.0,0.0,4.0,0.0,1.0,0.0,0.0,0.0,0.0,129.0,0.0,53.0,3.0,53.0,3.0,12.0,2.0,3.0,2.0,127.0,0.0,0.0,0.0,0.0,0.0,0.0,0.0,0.0,0.0,0.0,0.0,0.0,0.0,0.0,0.0,0.0,0.0,0.0,0.0,0.0,1.0,1.0,6.0,3.0,4.0,1.0,16.0,12.0,12.0,13.0,0.0,0.0,0.0,0.0,0.0,0.0,0.0,0.0,0.0,0.0,0.0,0.0,0.0,0.0,0.0,0.0,0.0,0.0,0.0,0.0,1.0,2.0,7.0,3.0,5.0,2.0,19.0,16.0,15.0,16.0
933,1.0,933.0,London_303,cons,151,453,1092.0,70.0,2.0,119592.0,0.6161727830767632,721.0,22.0,0.0,22.0,41.0,0.0,41.0,116.0,100.0,183.0,9.0,130.0,3.0,14.0,1.0,13.0,31.0,81.0,173.0,168.0,242.0,2.0,0.0,0.0,0.0,2.0,0.0,0.0,0.0,0.0,7.0,0.0,6.0,0.0,0.0,1.0,0.0,0.0,0.0,0.0,7.0,0.0,0.0,0.0,0.0,0.0,0.0,0.0,0.0,0.0,0.0,0.0,0.0,0.0,0.0,0.0,0.0,0.0,0.0,0.0,2.0,0.0,0.0,1.0,2.0,2.0,1.0,5.0,2.0,3.0,7.0,0.0,0.0,0.0,0.0,0.0,0.0,0.0,0.0,0.0,0.0,0.0,0.0,0.0,0.0,0.0,0.0,0.0,0.0,0.0,2.0,0.0,0.0,1.0,2.0,3.0,1.0,5.0,2.0,3.0,10.0
934,1.0,934.0,London_303,cons,151,453,1092.0,70.0,2.0,148131.0,0.8302283212542534,784.0,52.0,0.0,52.0,98.0,0.0,98.0,30.0,101.0,177.0,8.0,130.0,2.0,19.0,1.0,15.0,32.0,75.0,177.0,169.0,243.0,6.0,0.0,5.0,0.0,1.0,0.0,0.0,0.0,0.0,24.0,0.0,14.0,4.0,2.0,1.0,2.0,0.0,1.0,0.0,24.0,0.0,0.0,0.0,0.0,0.0,0.0,0.0,0.0,0.0,0.0,0.0,0.0,0.0,0.0,0.0,0.0,0.0,0.0,1.0,1.0,0.0,0.0,3.0,6.0,2.0,5.0,5.0,10.0,7.0,13.0,0.0,0.0,0.0,0.0,0.0,0.0,0.0,0.0,0.0,0.0,0.0,0.0,0.0,0.0,0.0,0.0,0.0,0.0,2.0,1.0,0.0,0.0,3.0,9.0,3.0,5.0,5.0,16.0,11.0,14.0
935,1.0,935.0,London_303,cons,151,453,1092.0,70.0,2.0,161721.0,1.222034063655883,814.0,138.0,1.0,137.0,232.0,8.0,224.0,67.0,95.0,174.0,8.0,127.0,6.0,27.0,2.0,14.0,34.0,81.0,165.0,173.0,244.0,7.0,0.0,5.0,0.0,2.0,0.0,0.0,0.0,0.0,83.0,0.0,35.0,7.0,31.0,1.0,6.0,0.0,3.0,0.0,83.0,0.0,0.0,0.0,0.0,0.0,0.0,0.0,0.0,0.0,0.0,0.0,0.0,0.0,0.0,1.0,0.0,0.0,0.0,5.0,1.0,1.0,2.0,4.0,10.0,8.0,2.0,6.0,12.0,12.0,8.0,0.0,0.0,0.0,0.0,0.0,0.0,0.0,0.0,0.0,0.0,0.0,0.0,0.0,0.0,1.0,0.0,0.0,0.0,7.0,1.0,1.0,4.0,4.0,11.0,9.0,2.0,9.0,14.0,14.0,10.0
936,1.0,936.0,London_303,cons,151,453,1092.0,70.0,2.0,129558.0,0.6520872008986771,743.0,40.0,2.0,38.0,80.0,17.0,63.0,113.0,88.0,181.0,12.0,130.0,3.0,28.0,0.0,11.0,35.0,81.0,158.0,179.0,249.0,8.0,0.0,6.0,0.0,2.0,0.0,0.0,0.0,0.0,3.0,0.0,1.0,0.0,2.0,0.0,0.0,0.0,0.0,0.0,3.0,0.0,0.0,0.0,0.0,0.0,0.0,0.0,0.0,0.0,0.0,0.0,0.0,0.0,1.0,2.0,0.0,0.0,0.0,2.0,4.0,2.0,0.0,2.0,5.0,3.0,1.0,5.0,8.0,6.0,9.0,0.0,0.0,0.0,0.0,0.0,0.0,0.0,0.0,0.0,0.0,0.0,0.0,0.0,7.0,3.0,0.0,0.0,0.0,2.0,4.0,2.0,0.0,2.0,7.0,4.0,1.0,7.0,12.0,8.0,11.0
937,1.0,937.0,London_303,cons,151,453,1092.0,70.0,2.0,152661.0,0.8535266583785415,794.0,98.0,2.0,96.0,180.0,18.0,162.0,83.0,97.0,173.0,19.0,122.0,3.0,28.0,0.0,11.0,29.0,81.0,161.0,182.0,234.0,12.0,2.0,8.0,0.0,2.0,0.0,0.0,0.0,0.0,48.0,1.0,15.0,4.0,20.0,3.0,2.0,1.0,2.0,1.0,47.0,0.0,0.0,0.0,0.0,0.0,0.0,0.0,0.0,0.0,0.0,0.0,0.0,0.0,1.0,0.0,0.0,0.0,0.0,1.0,4.0,1.0,0.0,4.0,8.0,7.0,4.0,2.0,11.0,17.0,9.0,0.0,0.0,0.0,0.0,0.0,0.0,0.0,0.0,0.0,0.0,0.0,0.0,0.0,2.0,0.0,0.0,0.0,0.0,1.0,5.0,1.0,0.0,4.0,9.0,9.0,4.0,2.0,11.0,23.0,10.0
938,1.0,938.0,London_303,cons,151,453,1092.0,70.0,2.0,147225.0,0.9083888437598944,782.0,112.0,0.0,112.0,199.0,0.0,199.0,116.0,108.0,162.0,15.0,127.0,2.0,27.0,0.0,12.0,22.0,77.0,167.0,187.0,218.0,1.0,0.0,1.0,0.0,0.0,0.0,0.0,0.0,0.0,69.0,0.0,40.0,2.0,15.0,2.0,8.0,0.0,2.0,0.0,69.0,0.0,0.0,0.0,0.0,0.0,0.0,0.0,0.0,0.0,0.0,0.0,0.0,0.0,0.0,0.0,0.0,0.0,0.0,5.0,1.0,4.0,1.0,5.0,1.0,2.0,4.0,4.0,11.0,21.0,12.0,0.0,0.0,0.0,0.0,0.0,0.0,0.0,0.0,0.0,0.0,0.0,0.0,0.0,0.0,0.0,0.0,0.0,0.0,6.0,1.0,4.0,2.0,5.0,2.0,2.0,4.0,4.0,14.0,28.0,13.0
939,1.0,939.0,London_303,cons,151,453,1092.0,70.0,2.0,141789.0,0.8972554607316852,770.0,42.0,2.0,40.0,91.0,22.0,69.0,102.0,109.0,162.0,17.0,120.0,3.0,31.0,0.0,11.0,24.0,79.0,168.0,182.0,227.0,6.0,1.0,3.0,0.0,2.0,0.0,0.0,0.0,0.0,22.0,0.0,9.0,1.0,3.0,1.0,7.0,1.0,0.0,2.0,20.0,0.0,0.0,0.0,0.0,0.0,0.0,0.0,0.0,0.0,0.0,0.0,0.0,0.0,0.0,0.0,0.0,0.0,0.0,1.0,2.0,1.0,0.0,2.0,3.0,2.0,4.0,4.0,6.0,6.0,5.0,0.0,0.0,0.0,0.0,0.0,0.0,0.0,0.0,0.0,0.0,0.0,0.0,0.0,0.0,0.0,0.0,0.0,0.0,2.0,2.0,1.0,0.0,2.0,4.0,3.0,6.0,5.0,10.0,8.0,5.0
940,1.0,940.0,London_303,cons,151,453,1092.0,70.0,2.0,167157.0,1.1006637113168836,826.0,120.0,0.0,120.0,212.0,0.0,212.0,53.0,111.0,164.0,13.0,120.0,4.0,27.0,1.0,13.0,24.0,81.0,164.0,184.0,223.0,9.0,0.0,5.0,0.0,2.0,0.0,0.0,0.0,2.0,70.0,1.0,16.0,10.0,34.0,0.0,6.0,0.0,3.0,0.0,70.0,0.0,0.0,0.0,0.0,0.0,0.0,0.0,0.0,0.0,0.0,0.0,0.0,0.0,0.0,0.0,0.0,0.0,0.0,5.0,2.0,1.0,0.0,6.0,4.0,3.0,0.0,3.0,12.0,13.0,14.0,0.0,0.0,0.0,0.0,0.0,0.0,0.0,0.0,0.0,0.0,0.0,0.0,0.0,0.0,0.0,0.0,0.0,0.0,5.0,2.0,1.0,0.0,7.0,4.0,4.0,0.0,3.0,16.0,19.0,18.0
941,1.0,941.0,London_303,cons,151,453,1092.0,70.0,2.0,140883.0,0.8554833042435348,768.0,46.0,0.0,46.0,83.0,0.0,83.0,107.0,100.0,165.0,10.0,123.0,6.0,34.0,1.0,14.0,26.0,72.0,160.0,195.0,221.0,11.0,4.0,4.0,0.0,2.0,0.0,0.0,0.0,1.0,21.0,0.0,8.0,2.0,6.0,0.0,0.0,1.0,4.0,0.0,21.0,0.0,0.0,0.0,0.0,0.0,0.0,0.0,0.0,0.0,0.0,0.0,0.0,0.0,0.0,0.0,0.0,0.0,0.0,1.0,4.0,4.0,0.0,2.0,3.0,3.0,1.0,2.0,5.0,6.0,6.0,0.0,0.0,0.0,0.0,0.0,0.0,0.0,0.0,0.0,0.0,0.0,0.0,0.0,0.0,0.0,0.0,0.0,0.0,1.0,4.0,5.0,0.0,2.0,3.0,4.0,1.0,3.0,6.0,8.0,9.0
942,1.0,942.0,London_303,cons,151,453,1092.0,70.0,2.0,156285.0,0.9557606359012425,802.0,32.0,2.0,30.0,69.0,19.0,50.0,66.0,110.0,163.0,8.0,119.0,5.0,33.0,1.0,14.0,27.0,66.0,173.0,187.0,220.0,8.0,3.0,4.0,0.0,1.0,0.0,0.0,0.0,0.0,10.0,0.0,2.0,2.0,2.0,0.0,2.0,1.0,1.0,2.0,8.0,0.0,0.0,0.0,0.0,0.0,0.0,0.0,0.0,0.0,0.0,0.0,0.0,1.0,0.0,2.0,0.0,0.0,0.0,0.0,0.0,1.0,1.0,1.0,3.0,3.0,0.0,2.0,4.0,4.0,4.0,0.0,0.0,0.0,0.0,0.0,0.0,0.0,0.0,0.0,0.0,0.0,0.0,7.0,0.0,7.0,0.0,0.0,0.0,0.0,0.0,1.0,1.0,1.0,4.0,4.0,0.0,3.0,6.0,4.0,5.0
943,1.0,943.0,London_303,cons,151,453,1092.0,70.0,2.0,176217.0,1.426661740988493,846.0,156.0,2.0,154.0,288.0,17.0,271.0,56.0,111.0,159.0,9.0,115.0,6.0,39.0,0.0,14.0,23.0,66.0,178.0,186.0,213.0,0.0,0.0,0.0,0.0,0.0,0.0,0.0,0.0,0.0,108.0,0.0,43.0,5.0,51.0,2.0,2.0,1.0,4.0,2.0,106.0,0.0,0.0,0.0,0.0,0.0,0.0,0.0,0.0,0.0,0.0,0.0,0.0,0.0,1.0,1.0,0.0,0.0,0.0,4.0,1.0,1.0,0.0,4.0,1.0,4.0,3.0,2.0,15.0,17.0,9.0,0.0,0.0,0.0,0.0,0.0,0.0,0.0,0.0,0.0,0.0,0.0,0.0,0.0,3.0,4.0,0.0,0.0,0.0,4.0,2.0,1.0,0.0,4.0,1.0,5.0,4.0,2.0,20.0,20.0,10.0
944,1.0,944.0,London_303,cons,151,453,1092.0,70.0,2.0,137712.0,0.7577774347737432,761.0,65.0,0.0,65.0,116.0,0.0,116.0,105.0,120.0,145.0,14.0,117.0,5.0,40.0,0.0,12.0,24.0,58.0,165.0,206.0,211.0,2.0,1.0,1.0,0.0,0.0,0.0,0.0,0.0,0.0,27.0,0.0,10.0,0.0,9.0,2.0,3.0,1.0,2.0,0.0,27.0,0.0,0.0,0.0,0.0,0.0,0.0,0.0,0.0,0.0,0.0,0.0,0.0,0.0,0.0,0.0,0.0,0.0,0.0,2.0,3.0,2.0,1.0,4.0,4.0,2.0,0.0,7.0,7.0,12.0,5.0,0.0,0.0,0.0,0.0,0.0,0.0,0.0,0.0,0.0,0.0,0.0,0.0,0.0,0.0,0.0,0.0,0.0,0.0,4.0,3.0,2.0,1.0,4.0,6.0,3.0,0.0,7.0,8.0,18.0,8.0
945,1.0,945.0,London_303,cons,151,453,1092.0,70.0,2.0,145866.0,0.9141542259603739,779.0,111.0,0.0,111.0,193.0,0.0,193.0,81.0,125.0,144.0,9.0,120.0,7.0,36.0,1.0,11.0,27.0,61.0,167.0,198.0,210.0,5.0,0.0,4.0,0.0,1.0,0.0,0.0,0.0,0.0,71.0,0.0,23.0,10.0,28.0,1.0,8.0,0.0,1.0,0.0,71.0,0.0,0.0,0.0,0.0,0.0,0.0,0.0,0.0,0.0,0.0,0.0,0.0,0.0,0.0,0.0,0.0,0.0,0.0,1.0,2.0,2.0,1.0,2.0,3.0,6.0,1.0,7.0,14.0,15.0,11.0,0.0,0.0,0.0,0.0,0.0,0.0,0.0,0.0,0.0,0.0,0.0,0.0,0.0,0.0,0.0,0.0,0.0,0.0,1.0,2.0,3.0,1.0,2.0,4.0,6.0,1.0,10.0,18.0,17.0,12.0
946,1.0,946.0,London_303,cons,151,453,1092.0,70.0,2.0,142242.0,0.7855506800115108,771.0,124.0,0.0,124.0,218.0,0.0,218.0,92.0,130.0,143.0,11.0,119.0,4.0,32.0,1.0,13.0,28.0,70.0,170.0,185.0,202.0,1.0,0.0,0.0,0.0,1.0,0.0,0.0,0.0,0.0,77.0,0.0,37.0,4.0,28.0,1.0,4.0,0.0,3.0,0.0,77.0,0.0,0.0,0.0,0.0,0.0,0.0,0.0,0.0,0.0,0.0,0.0,0.0,0.0,0.0,0.0,0.0,0.0,0.0,3.0,4.0,2.0,1.0,2.0,6.0,3.0,2.0,8.0,17.0,12.0,12.0,0.0,0.0,0.0,0.0,0.0,0.0,0.0,0.0,0.0,0.0,0.0,0.0,0.0,0.0,0.0,0.0,0.0,0.0,3.0,4.0,2.0,2.0,2.0,7.0,3.0,2.0,11.0,28.0,14.0,15.0
947,1.0,947.0,London_303,cons,151,453,1092.0,70.0,2.0,126387.0,0.727840076200664,736.0,2.0,2.0,0.0,19.0,19.0,0.0,95.0,131.0,139.0,13.0,124.0,7.0,27.0,2.0,10.0,30.0,70.0,169.0,184.0,210.0,9.0,0.0,5.0,0.0,4.0,0.0,0.0,0.0,0.0,1.0,0.0,0.0,0.0,1.0,0.0,0.0,0.0,0.0,1.0,0.0,0.0,0.0,0.0,0.0,0.0,0.0,0.0,0.0,0.0,0.0,0.0,1.0,0.0,0.0,1.0,0.0,0.0,0.0,0.0,0.0,0.0,0.0,0.0,0.0,0.0,0.0,0.0,0.0,0.0,0.0,0.0,0.0,0.0,0.0,0.0,0.0,0.0,0.0,0.0,0.0,0.0,2.0,0.0,0.0,1.0,0.0,0.0,0.0,0.0,0.0,0.0,0.0,0.0,0.0,0.0,0.0,0.0,0.0,0.0,0.0
948,1.0,948.0,London_303,cons,151,453,1092.0,70.0,2.0,169422.0,0.9528606608510017,831.0,56.0,2.0,54.0,99.0,18.0,81.0,27.0,133.0,147.0,13.0,121.0,8.0,18.0,3.0,10.0,27.0,72.0,164.0,190.0,199.0,4.0,0.0,3.0,0.0,1.0,0.0,0.0,0.0,0.0,17.0,0.0,4.0,1.0,4.0,1.0,3.0,1.0,3.0,2.0,15.0,0.0,0.0,0.0,0.0,0.0,0.0,0.0,0.0,0.0,0.0,0.0,1.0,0.0,1.0,1.0,0.0,0.0,0.0,2.0,1.0,2.0,0.0,3.0,2.0,4.0,2.0,6.0,10.0,5.0,9.0,0.0,0.0,0.0,0.0,0.0,0.0,0.0,0.0,0.0,0.0,0.0,1.0,0.0,2.0,1.0,0.0,0.0,0.0,2.0,1.0,2.0,0.0,3.0,2.0,6.0,2.0,6.0,10.0,5.0,12.0
949,1.0,949.0,London_303,cons,151,453,1092.0,70.0,2.0,188448.0,1.1263711513020098,873.0,63.0,2.0,61.0,111.0,15.0,96.0,62.0,135.0,140.0,15.0,117.0,10.0,22.0,2.0,12.0,28.0,72.0,171.0,182.0,204.0,4.0,0.0,3.0,0.0,1.0,0.0,0.0,0.0,0.0,26.0,1.0,8.0,0.0,15.0,1.0,0.0,0.0,1.0,2.0,24.0,0.0,0.0,0.0,0.0,0.0,0.0,0.0,0.0,0.0,0.0,0.0,1.0,1.0,0.0,0.0,0.0,0.0,0.0,2.0,0.0,3.0,0.0,4.0,6.0,3.0,5.0,1.0,9.0,10.0,9.0,0.0,0.0,0.0,0.0,0.0,0.0,0.0,0.0,0.0,0.0,0.0,1.0,1.0,0.0,0.0,0.0,0.0,0.0,2.0,0.0,3.0,0.0,4.0,7.0,5.0,6.0,1.0,14.0,13.0,11.0
950,1.0,950.0,London_303,cons,151,453,1092.0,70.0,2.0,202491.0,1.3040315420366824,904.0,96.0,0.0,96.0,170.0,0.0,170.0,67.0,127.0,146.0,13.0,119.0,12.0,24.0,2.0,10.0,27.0,75.0,172.0,179.0,206.0,0.0,0.0,0.0,0.0,0.0,0.0,0.0,0.0,0.0,55.0,1.0,17.0,2.0,28.0,0.0,4.0,1.0,2.0,0.0,55.0,0.0,0.0,0.0,0.0,0.0,0.0,0.0,0.0,0.0,0.0,0.0,0.0,0.0,0.0,0.0,0.0,0.0,0.0,1.0,3.0,1.0,1.0,6.0,2.0,3.0,4.0,6.0,7.0,8.0,17.0,0.0,0.0,0.0,0.0,0.0,0.0,0.0,0.0,0.0,0.0,0.0,0.0,0.0,0.0,0.0,0.0,0.0,0.0,1.0,3.0,1.0,1.0,6.0,2.0,4.0,5.0,8.0,12.0,12.0,21.0
951,1.0,951.0,London_303,cons,151,453,1092.0,70.0,2.0,197961.0,1.0477273799479008,894.0,133.0,1.0,132.0,252.0,10.0,242.0,78.0,133.0,140.0,10.0,120.0,12.0,24.0,3.0,11.0,29.0,78.0,173.0,173.0,216.0,4.0,0.0,2.0,0.0,1.0,0.0,0.0,0.0,1.0,87.0,0.0,35.0,6.0,37.0,0.0,7.0,0.0,2.0,0.0,87.0,0.0,0.0,0.0,0.0,0.0,0.0,0.0,0.0,0.0,0.0,0.0,0.0,0.0,1.0,1.0,0.0,0.0,0.0,1.0,3.0,2.0,0.0,3.0,3.0,3.0,1.0,7.0,13.0,13.0,4.0,0.0,0.0,0.0,0.0,0.0,0.0,0.0,0.0,0.0,0.0,0.0,0.0,0.0,10.0,1.0,0.0,0.0,0.0,1.0,4.0,2.0,0.0,3.0,4.0,3.0,3.0,7.0,14.0,14.0,5.0
952,1.0,952.0,London_303,cons,151,453,1092.0,70.0,2.0,175764.0,1.0986063131131232,845.0,141.0,2.0,139.0,260.0,18.0,242.0,101.0,132.0,155.0,12.0,113.0,8.0,17.0,4.0,12.0,33.0,84.0,164.0,172.0,208.0,8.0,1.0,6.0,0.0,1.0,0.0,0.0,0.0,0.0,83.0,0.0,35.0,7.0,32.0,1.0,6.0,0.0,2.0,1.0,82.0,0.0,0.0,0.0,0.0,0.0,0.0,0.0,0.0,0.0,0.0,0.0,0.0,0.0,2.0,0.0,0.0,0.0,0.0,2.0,3.0,3.0,1.0,8.0,2.0,1.0,3.0,6.0,17.0,13.0,10.0,0.0,0.0,0.0,0.0,0.0,0.0,0.0,0.0,0.0,0.0,0.0,0.0,0.0,10.0,0.0,0.0,0.0,0.0,2.0,3.0,4.0,1.0,8.0,2.0,2.0,3.0,6.0,21.0,17.0,11.0
953,1.0,953.0,London_303,cons,151,453,1092.0,70.0,2.0,145413.0,0.8930866443552077,778.0,173.0,3.0,170.0,313.0,24.0,289.0,127.0,124.0,158.0,13.0,116.0,9.0,17.0,5.0,11.0,27.0,85.0,142.0,199.0,196.0,3.0,0.0,1.0,0.0,2.0,0.0,0.0,0.0,0.0,103.0,1.0,41.0,7.0,38.0,1.0,11.0,0.0,4.0,2.0,101.0,0.0,0.0,0.0,0.0,0.0,0.0,0.0,0.0,0.0,0.0,0.0,0.0,0.0,1.0,1.0,0.0,0.0,0.0,5.0,0.0,7.0,4.0,6.0,7.0,4.0,2.0,3.0,24.0,23.0,19.0,0.0,0.0,0.0,0.0,0.0,0.0,0.0,0.0,0.0,0.0,0.0,0.0,0.0,1.0,1.0,0.0,0.0,0.0,5.0,0.0,8.0,6.0,6.0,8.0,6.0,2.0,4.0,30.0,29.0,23.0
954,1.0,954.0,London_303,cons,151,453,1092.0,70.0,2.0,97395.0,0.5857849018648267,672.0,15.0,0.0,15.0,28.0,0.0,28.0,148.0,121.0,169.0,10.0,105.0,12.0,19.0,6.0,11.0,26.0,81.0,148.0,198.0,187.0,9.0,1.0,6.0,0.0,2.0,0.0,0.0,0.0,0.0,7.0,0.0,0.0,1.0,2.0,1.0,1.0,0.0,2.0,0.0,7.0,0.0,0.0,0.0,0.0,0.0,0.0,0.0,0.0,0.0,0.0,0.0,0.0,0.0,0.0,0.0,0.0,0.0,0.0,0.0,2.0,0.0,1.0,0.0,2.0,1.0,0.0,1.0,2.0,1.0,4.0,0.0,0.0,0.0,0.0,0.0,0.0,0.0,0.0,0.0,0.0,0.0,0.0,0.0,0.0,0.0,0.0,0.0,0.0,0.0,3.0,0.0,1.0,0.0,3.0,1.0,0.0,1.0,4.0,2.0,5.0
955,1.0,955.0,London_303,cons,151,453,1092.0,70.0,2.0,123669.0,0.7832454391755164,730.0,47.0,0.0,47.0,78.0,0.0,78.0,25.0,123.0,160.0,11.0,110.0,13.0,19.0,7.0,10.0,25.0,78.0,155.0,195.0,178.0,4.0,1.0,1.0,0.0,2.0,0.0,0.0,0.0,0.0,15.0,0.0,3.0,2.0,8.0,1.0,1.0,0.0,0.0,0.0,15.0,0.0,0.0,0.0,0.0,0.0,0.0,0.0,0.0,0.0,0.0,0.0,0.0,0.0,0.0,0.0,0.0,0.0,0.0,3.0,0.0,0.0,1.0,2.0,4.0,4.0,5.0,4.0,4.0,11.0,10.0,0.0,0.0,0.0,0.0,0.0,0.0,0.0,0.0,0.0,0.0,0.0,0.0,0.0,0.0,0.0,0.0,0.0,0.0,3.0,0.0,0.0,2.0,2.0,4.0,6.0,5.0,4.0,8.0,16.0,12.0
956,1.0,956.0,London_303,cons,151,453,1092.0,70.0,2.0,148584.0,1.033532824832946,785.0,49.0,0.0,49.0,89.0,0.0,89.0,61.0,124.0,162.0,10.0,108.0,14.0,18.0,7.0,10.0,25.0,77.0,146.0,205.0,183.0,6.0,1.0,1.0,0.0,4.0,0.0,0.0,0.0,0.0,17.0,0.0,4.0,1.0,6.0,0.0,4.0,1.0,1.0,0.0,17.0,0.0,0.0,0.0,0.0,0.0,0.0,0.0,0.0,0.0,0.0,0.0,0.0,0.0,0.0,0.0,0.0,0.0,0.0,1.0,0.0,1.0,1.0,2.0,2.0,2.0,3.0,8.0,8.0,10.0,7.0,0.0,0.0,0.0,0.0,0.0,0.0,0.0,0.0,0.0,0.0,0.0,0.0,0.0,0.0,0.0,0.0,0.0,0.0,2.0,0.0,1.0,1.0,2.0,2.0,6.0,4.0,12.0,15.0,16.0,9.0
957,1.0,957.0,London_303,cons,151,453,1092.0,70.0,2.0,174405.0,1.2175234891474247,842.0,37.0,2.0,35.0,79.0,18.0,61.0,75.0,126.0,160.0,9.0,102.0,17.0,24.0,4.0,11.0,26.0,77.0,155.0,195.0,188.0,8.0,2.0,4.0,0.0,2.0,0.0,0.0,0.0,0.0,17.0,0.0,3.0,2.0,7.0,0.0,4.0,0.0,1.0,2.0,15.0,0.0,0.0,0.0,0.0,0.0,0.0,0.0,0.0,0.0,0.0,0.0,0.0,0.0,0.0,1.0,0.0,0.0,0.0,1.0,0.0,1.0,0.0,0.0,3.0,1.0,3.0,6.0,7.0,5.0,4.0,0.0,0.0,0.0,0.0,0.0,0.0,0.0,0.0,0.0,0.0,0.0,0.0,0.0,0.0,1.0,0.0,0.0,0.0,1.0,0.0,1.0,0.0,0.0,3.0,1.0,3.0,9.0,11.0,6.0,4.0
958,1.0,958.0,London_303,cons,151,453,1092.0,70.0,2.0,196602.0,1.3688084348104894,891.0,128.0,0.0,128.0,213.0,0.0,213.0,53.0,130.0,163.0,7.0,103.0,16.0,19.0,3.0,12.0,29.0,77.0,147.0,200.0,186.0,1.0,0.0,0.0,0.0,0.0,0.0,0.0,0.0,1.0,81.0,0.0,26.0,11.0,35.0,0.0,3.0,0.0,6.0,0.0,81.0,0.0,0.0,0.0,0.0,0.0,0.0,0.0,0.0,0.0,0.0,0.0,0.0,0.0,0.0,0.0,0.0,0.0,0.0,0.0,7.0,3.0,1.0,4.0,4.0,5.0,1.0,5.0,17.0,16.0,7.0,0.0,0.0,0.0,0.0,0.0,0.0,0.0,0.0,0.0,0.0,0.0,0.0,0.0,0.0,0.0,0.0,0.0,0.0,0.0,10.0,3.0,1.0,4.0,4.0,6.0,1.0,5.0,21.0,18.0,9.0
959,1.0,959.0,London_303,cons,151,453,1092.0,70.0,2.0,173499.0,1.0607992527075112,840.0,112.0,2.0,110.0,211.0,17.0,194.0,97.0,136.0,162.0,9.0,100.0,16.0,18.0,3.0,9.0,29.0,72.0,142.0,210.0,193.0,1.0,0.0,0.0,0.0,1.0,0.0,0.0,0.0,0.0,64.0,2.0,11.0,5.0,36.0,0.0,7.0,0.0,3.0,2.0,62.0,0.0,0.0,0.0,0.0,0.0,0.0,0.0,0.0,0.0,0.0,0.0,0.0,0.0,0.0,0.0,0.0,0.0,0.0,5.0,4.0,0.0,1.0,5.0,17.0,3.0,1.0,5.0,9.0,4.0,12.0,0.0,0.0,0.0,0.0,0.0,0.0,0.0,0.0,0.0,0.0,0.0,0.0,0.0,0.0,0.0,0.0,0.0,0.0,6.0,5.0,0.0,1.0,6.0,22.0,3.0,1.0,7.0,12.0,6.0,14.0
960,1.0,960.0,London_303,cons,151,453,1092.0,70.0,2.0,160362.0,1.0383692518807948,811.0,53.0,2.0,51.0,107.0,21.0,86.0,93.0,136.0,168.0,9.0,97.0,13.0,17.0,2.0,11.0,31.0,77.0,145.0,200.0,200.0,5.0,3.0,1.0,0.0,1.0,0.0,0.0,0.0,0.0,21.0,0.0,3.0,1.0,12.0,1.0,2.0,1.0,1.0,2.0,19.0,0.0,0.0,0.0,0.0,0.0,0.0,0.0,0.0,0.0,0.0,0.0,0.0,1.0,0.0,1.0,0.0,0.0,0.0,2.0,3.0,0.0,0.0,1.0,2.0,3.0,4.0,2.0,10.0,11.0,9.0,0.0,0.0,0.0,0.0,0.0,0.0,0.0,0.0,0.0,0.0,0.0,0.0,1.0,0.0,1.0,0.0,0.0,0.0,2.0,3.0,0.0,0.0,1.0,2.0,4.0,5.0,2.0,12.0,11.0,10.0
961,1.0,961.0,London_303,cons,151,453,1092.0,70.0,2.0,173046.0,1.1722942236810923,839.0,145.0,2.0,143.0,261.0,17.0,244.0,60.0,139.0,164.0,12.0,97.0,13.0,17.0,2.0,9.0,32.0,73.0,154.0,194.0,204.0,2.0,0.0,2.0,0.0,0.0,0.0,0.0,0.0,0.0,98.0,0.0,36.0,9.0,37.0,0.0,9.0,0.0,7.0,1.0,97.0,0.0,0.0,0.0,0.0,0.0,0.0,0.0,0.0,0.0,0.0,0.0,0.0,0.0,0.0,1.0,0.0,0.0,0.0,4.0,1.0,0.0,1.0,2.0,7.0,1.0,3.0,4.0,15.0,15.0,15.0,0.0,0.0,0.0,0.0,0.0,0.0,0.0,0.0,0.0,0.0,0.0,0.0,0.0,0.0,6.0,0.0,0.0,0.0,4.0,1.0,0.0,2.0,3.0,7.0,2.0,4.0,5.0,22.0,18.0,20.0
962,1.0,962.0,London_303,cons,151,453,1092.0,70.0,2.0,140883.0,0.8007795191369951,768.0,140.0,0.0,140.0,244.0,0.0,244.0,102.0,147.0,167.0,6.0,86.0,13.0,24.0,2.0,8.0,24.0,82.0,138.0,209.0,206.0,7.0,1.0,4.0,0.0,2.0,0.0,0.0,0.0,0.0,100.0,2.0,36.0,8.0,42.0,3.0,6.0,1.0,2.0,0.0,100.0,0.0,0.0,0.0,0.0,0.0,0.0,0.0,0.0,0.0,0.0,0.0,0.0,0.0,0.0,0.0,0.0,0.0,0.0,0.0,3.0,3.0,1.0,5.0,2.0,1.0,2.0,3.0,17.0,16.0,12.0,0.0,0.0,0.0,0.0,0.0,0.0,0.0,0.0,0.0,0.0,0.0,0.0,0.0,0.0,0.0,0.0,0.0,0.0,0.0,4.0,3.0,1.0,5.0,2.0,1.0,2.0,3.0,21.0,23.0,13.0
963,1.0,963.0,London_303,cons,151,453,1092.0,70.0,2.0,111891.0,0.6744682402350008,704.0,40.0,0.0,40.0,74.0,0.0,74.0,96.0,148.0,165.0,8.0,92.0,6.0,23.0,2.0,9.0,25.0,78.0,141.0,209.0,206.0,1.0,0.0,0.0,0.0,1.0,0.0,0.0,0.0,0.0,16.0,0.0,7.0,1.0,7.0,0.0,1.0,0.0,0.0,0.0,16.0,0.0,0.0,0.0,0.0,0.0,0.0,0.0,0.0,0.0,0.0,0.0,0.0,0.0,0.0,0.0,0.0,0.0,0.0,5.0,2.0,1.0,0.0,3.0,3.0,5.0,3.0,6.0,5.0,6.0,7.0,0.0,0.0,0.0,0.0,0.0,0.0,0.0,0.0,0.0,0.0,0.0,0.0,0.0,0.0,0.0,0.0,0.0,0.0,5.0,3.0,1.0,0.0,3.0,3.0,7.0,3.0,8.0,6.0,8.0,8.0
964,1.0,964.0,London_303,cons,151,453,1092.0,70.0,2.0,129105.0,0.738302931189537,742.0,33.0,0.0,33.0,57.0,0.0,57.0,51.0,150.0,163.0,9.0,90.0,8.0,21.0,2.0,10.0,25.0,71.0,151.0,206.0,209.0,2.0,0.0,1.0,0.0,1.0,0.0,0.0,0.0,0.0,10.0,0.0,3.0,1.0,3.0,0.0,3.0,0.0,0.0,0.0,10.0,0.0,0.0,0.0,0.0,0.0,0.0,0.0,0.0,0.0,0.0,0.0,0.0,0.0,0.0,0.0,0.0,0.0,0.0,1.0,4.0,2.0,0.0,1.0,3.0,2.0,3.0,4.0,8.0,2.0,3.0,0.0,0.0,0.0,0.0,0.0,0.0,0.0,0.0,0.0,0.0,0.0,0.0,0.0,0.0,0.0,0.0,0.0,0.0,1.0,5.0,2.0,0.0,1.0,6.0,4.0,3.0,6.0,11.0,2.0,5.0
965,1.0,965.0,London_303,cons,151,453,1092.0,70.0,2.0,150396.0,0.8732593809254467,789.0,61.0,0.0,61.0,100.0,0.0,100.0,44.0,151.0,164.0,9.0,93.0,5.0,19.0,2.0,10.0,24.0,74.0,146.0,209.0,213.0,3.0,0.0,3.0,0.0,0.0,0.0,0.0,0.0,0.0,30.0,1.0,8.0,4.0,11.0,2.0,2.0,0.0,2.0,0.0,30.0,0.0,0.0,0.0,0.0,0.0,0.0,0.0,0.0,0.0,0.0,0.0,0.0,0.0,0.0,0.0,0.0,0.0,0.0,1.0,3.0,1.0,0.0,1.0,7.0,1.0,3.0,4.0,7.0,7.0,6.0,0.0,0.0,0.0,0.0,0.0,0.0,0.0,0.0,0.0,0.0,0.0,0.0,0.0,0.0,0.0,0.0,0.0,0.0,1.0,4.0,1.0,0.0,1.0,10.0,1.0,5.0,4.0,9.0,9.0,8.0
966,1.0,966.0,London_303,cons,151,453,1092.0,70.0,2.0,160362.0,0.9341222648508847,811.0,81.0,1.0,80.0,153.0,9.0,144.0,56.0,146.0,163.0,8.0,95.0,7.0,25.0,1.0,8.0,26.0,78.0,155.0,194.0,217.0,4.0,0.0,2.0,0.0,2.0,0.0,0.0,0.0,0.0,47.0,0.0,15.0,2.0,23.0,0.0,3.0,1.0,3.0,1.0,46.0,0.0,0.0,0.0,0.0,0.0,0.0,0.0,0.0,0.0,0.0,0.0,0.0,0.0,0.0,0.0,0.0,0.0,0.0,3.0,2.0,2.0,1.0,2.0,9.0,1.0,1.0,4.0,8.0,10.0,9.0,0.0,0.0,0.0,0.0,0.0,0.0,0.0,0.0,0.0,0.0,0.0,0.0,0.0,0.0,0.0,0.0,0.0,0.0,3.0,3.0,2.0,1.0,2.0,10.0,1.0,1.0,4.0,11.0,11.0,12.0
967,1.0,967.0,London_303,cons,151,453,1092.0,70.0,2.0,152208.0,0.8714715628884733,793.0,76.0,2.0,74.0,141.0,19.0,122.0,78.0,142.0,164.0,11.0,96.0,8.0,23.0,0.0,9.0,27.0,81.0,151.0,194.0,223.0,4.0,3.0,1.0,0.0,0.0,0.0,0.0,0.0,0.0,39.0,0.0,15.0,2.0,15.0,1.0,3.0,1.0,2.0,2.0,37.0,0.0,0.0,0.0,0.0,0.0,0.0,0.0,0.0,0.0,0.0,0.0,0.0,0.0,1.0,2.0,0.0,0.0,0.0,0.0,3.0,3.0,0.0,3.0,4.0,1.0,2.0,5.0,11.0,7.0,5.0,0.0,0.0,0.0,0.0,0.0,0.0,0.0,0.0,0.0,0.0,0.0,0.0,0.0,4.0,3.0,0.0,0.0,0.0,0.0,4.0,3.0,0.0,4.0,6.0,1.0,2.0,7.0,14.0,10.0,8.0
968,1.0,968.0,London_303,cons,151,453,1092.0,70.0,2.0,148584.0,0.8868343150243163,785.0,182.0,2.0,180.0,331.0,18.0,313.0,81.0,136.0,182.0,12.0,87.0,7.0,21.0,0.0,8.0,25.0,69.0,153.0,206.0,221.0,1.0,0.0,1.0,0.0,0.0,0.0,0.0,0.0,0.0,135.0,0.0,36.0,10.0,70.0,1.0,10.0,0.0,8.0,2.0,133.0,0.0,0.0,0.0,0.0,0.0,0.0,0.0,0.0,0.0,0.0,0.0,0.0,0.0,0.0,2.0,0.0,0.0,0.0,2.0,0.0,3.0,0.0,4.0,6.0,2.0,2.0,3.0,13.0,9.0,11.0,0.0,0.0,0.0,0.0,0.0,0.0,0.0,0.0,0.0,0.0,0.0,0.0,0.0,0.0,5.0,0.0,0.0,0.0,2.0,0.0,4.0,0.0,4.0,7.0,2.0,2.0,5.0,15.0,11.0,15.0
969,1.0,969.0,London_303,cons,151,453,1092.0,70.0,2.0,93771.0,0.5745872240513563,664.0,50.0,1.0,49.0,90.0,9.0,81.0,107.0,136.0,181.0,13.0,94.0,4.0,16.0,0.0,9.0,30.0,75.0,151.0,197.0,226.0,3.0,0.0,2.0,0.0,1.0,0.0,0.0,0.0,0.0,18.0,1.0,6.0,1.0,6.0,0.0,3.0,0.0,1.0,0.0,18.0,0.0,0.0,0.0,0.0,0.0,0.0,0.0,0.0,0.0,0.0,0.0,0.0,0.0,0.0,1.0,0.0,0.0,0.0,1.0,1.0,0.0,0.0,2.0,2.0,3.0,3.0,8.0,6.0,9.0,5.0,0.0,0.0,0.0,0.0,0.0,0.0,0.0,0.0,0.0,0.0,0.0,0.0,0.0,0.0,5.0,0.0,0.0,0.0,1.0,1.0,0.0,0.0,2.0,2.0,4.0,5.0,9.0,7.0,9.0,6.0
970,1.0,970.0,London_303,cons,151,453,1092.0,70.0,2.0,97395.0,0.5174674279987812,672.0,2.0,0.0,2.0,3.0,0.0,3.0,67.0,140.0,188.0,11.0,76.0,8.0,19.0,0.0,11.0,29.0,76.0,153.0,195.0,220.0,14.0,1.0,7.0,0.0,6.0,0.0,0.0,0.0,0.0,0.0,0.0,0.0,0.0,0.0,0.0,0.0,0.0,0.0,0.0,0.0,0.0,0.0,0.0,0.0,0.0,0.0,0.0,0.0,0.0,0.0,0.0,0.0,0.0,0.0,0.0,0.0,0.0,0.0,0.0,0.0,0.0,0.0,0.0,0.0,0.0,0.0,1.0,0.0,0.0,0.0,0.0,0.0,0.0,0.0,0.0,0.0,0.0,0.0,0.0,0.0,0.0,0.0,0.0,0.0,0.0,0.0,0.0,0.0,0.0,0.0,0.0,0.0,0.0,0.0,0.0,0.0,2.0,0.0,0.0,0.0
971,1.0,971.0,London_303,cons,151,453,1092.0,70.0,2.0,129105.0,0.8116581607609987,742.0,50.0,0.0,50.0,87.0,0.0,87.0,17.0,140.0,189.0,9.0,75.0,8.0,21.0,0.0,11.0,27.0,79.0,156.0,191.0,209.0,6.0,1.0,5.0,0.0,0.0,0.0,0.0,0.0,0.0,25.0,0.0,1.0,4.0,15.0,0.0,4.0,0.0,1.0,0.0,25.0,0.0,0.0,0.0,0.0,0.0,0.0,0.0,0.0,0.0,0.0,0.0,0.0,0.0,0.0,0.0,0.0,0.0,0.0,3.0,1.0,1.0,0.0,6.0,3.0,3.0,0.0,1.0,6.0,4.0,5.0,0.0,0.0,0.0,0.0,0.0,0.0,0.0,0.0,0.0,0.0,0.0,0.0,0.0,0.0,0.0,0.0,0.0,0.0,3.0,1.0,1.0,0.0,6.0,4.0,5.0,0.0,1.0,8.0,6.0,5.0
972,1.0,972.0,London_303,cons,151,453,1092.0,70.0,2.0,152661.0,1.1951772458851337,794.0,145.0,0.0,145.0,249.0,0.0,249.0,50.0,139.0,184.0,9.0,80.0,8.0,22.0,0.0,11.0,29.0,81.0,155.0,188.0,211.0,5.0,1.0,2.0,0.0,2.0,0.0,0.0,0.0,0.0,86.0,0.0,27.0,8.0,43.0,0.0,3.0,1.0,4.0,0.0,86.0,0.0,0.0,0.0,0.0,0.0,0.0,0.0,0.0,0.0,0.0,0.0,0.0,0.0,0.0,0.0,0.0,0.0,0.0,0.0,1.0,0.0,1.0,4.0,5.0,1.0,0.0,4.0,14.0,17.0,3.0,0.0,0.0,0.0,0.0,0.0,0.0,0.0,0.0,0.0,0.0,0.0,0.0,0.0,0.0,0.0,0.0,0.0,0.0,0.0,1.0,0.0,1.0,4.0,5.0,1.0,0.0,4.0,20.0,23.0,3.0
973,1.0,973.0,London_303,cons,151,453,1092.0,70.0,2.0,130917.0,0.9827445819973946,746.0,29.0,0.0,29.0,51.0,0.0,51.0,114.0,131.0,186.0,6.0,80.0,4.0,29.0,1.0,16.0,28.0,84.0,160.0,181.0,204.0,6.0,0.0,4.0,0.0,2.0,0.0,0.0,0.0,0.0,4.0,0.0,1.0,0.0,2.0,0.0,1.0,0.0,0.0,0.0,4.0,0.0,0.0,0.0,0.0,0.0,0.0,0.0,0.0,0.0,0.0,0.0,0.0,0.0,0.0,0.0,0.0,0.0,0.0,0.0,3.0,2.0,1.0,2.0,5.0,3.0,4.0,4.0,6.0,6.0,3.0,0.0,0.0,0.0,0.0,0.0,0.0,0.0,0.0,0.0,0.0,0.0,0.0,0.0,0.0,0.0,0.0,0.0,0.0,0.0,6.0,2.0,1.0,2.0,6.0,4.0,4.0,4.0,9.0,9.0,5.0
974,1.0,974.0,London_303,cons,151,453,1092.0,70.0,2.0,155832.0,1.0195978917181492,801.0,35.0,2.0,33.0,75.0,17.0,58.0,49.0,137.0,183.0,8.0,74.0,5.0,32.0,1.0,13.0,28.0,84.0,168.0,173.0,205.0,3.0,2.0,1.0,0.0,0.0,0.0,0.0,0.0,0.0,13.0,0.0,1.0,1.0,8.0,0.0,3.0,0.0,0.0,2.0,11.0,0.0,0.0,0.0,0.0,0.0,0.0,0.0,0.0,0.0,0.0,0.0,0.0,0.0,0.0,0.0,0.0,0.0,0.0,2.0,1.0,4.0,0.0,2.0,6.0,1.0,0.0,2.0,6.0,6.0,5.0,0.0,0.0,0.0,0.0,0.0,0.0,0.0,0.0,0.0,0.0,0.0,0.0,0.0,0.0,0.0,0.0,0.0,0.0,2.0,1.0,6.0,0.0,2.0,7.0,1.0,0.0,3.0,7.0,6.0,7.0
975,1.0,975.0,London_303,cons,151,453,1092.0,70.0,2.0,183012.0,1.1885690069757402,861.0,78.0,0.0,78.0,125.0,0.0,125.0,48.0,135.0,189.0,11.0,68.0,5.0,29.0,2.0,14.0,26.0,87.0,161.0,179.0,207.0,4.0,1.0,3.0,0.0,0.0,0.0,0.0,0.0,0.0,40.0,1.0,11.0,2.0,18.0,2.0,5.0,0.0,1.0,0.0,40.0,0.0,0.0,0.0,0.0,0.0,0.0,0.0,0.0,0.0,0.0,0.0,0.0,0.0,0.0,0.0,0.0,0.0,0.0,0.0,5.0,2.0,0.0,3.0,4.0,4.0,4.0,1.0,10.0,13.0,11.0,0.0,0.0,0.0,0.0,0.0,0.0,0.0,0.0,0.0,0.0,0.0,0.0,0.0,0.0,0.0,0.0,0.0,0.0,0.0,7.0,2.0,0.0,3.0,4.0,4.0,5.0,1.0,12.0,17.0,13.0
976,1.0,976.0,London_303,cons,151,453,1092.0,70.0,2.0,189354.0,1.2420538747683167,875.0,126.0,0.0,126.0,212.0,0.0,212.0,73.0,137.0,184.0,10.0,71.0,6.0,26.0,2.0,17.0,26.0,83.0,165.0,179.0,207.0,4.0,2.0,2.0,0.0,0.0,0.0,0.0,0.0,0.0,79.0,2.0,25.0,5.0,37.0,0.0,8.0,1.0,1.0,0.0,79.0,0.0,0.0,0.0,0.0,0.0,0.0,0.0,0.0,0.0,0.0,0.0,0.0,0.0,0.0,0.0,0.0,0.0,0.0,2.0,0.0,2.0,2.0,6.0,9.0,1.0,3.0,2.0,13.0,13.0,11.0,0.0,0.0,0.0,0.0,0.0,0.0,0.0,0.0,0.0,0.0,0.0,0.0,0.0,0.0,0.0,0.0,0.0,0.0,2.0,0.0,2.0,5.0,6.0,10.0,1.0,3.0,2.0,17.0,18.0,16.0
977,1.0,977.0,London_303,cons,151,453,1092.0,70.0,2.0,165345.0,1.0148588018491864,822.0,90.0,1.0,89.0,170.0,8.0,162.0,92.0,132.0,182.0,8.0,84.0,7.0,18.0,4.0,18.0,26.0,89.0,164.0,174.0,212.0,4.0,2.0,0.0,0.0,1.0,0.0,0.0,0.0,1.0,44.0,1.0,12.0,12.0,15.0,0.0,3.0,0.0,1.0,0.0,44.0,0.0,0.0,0.0,0.0,0.0,0.0,0.0,0.0,0.0,0.0,0.0,0.0,0.0,0.0,1.0,0.0,0.0,0.0,3.0,5.0,2.0,0.0,2.0,7.0,6.0,6.0,6.0,8.0,16.0,12.0,0.0,0.0,0.0,0.0,0.0,0.0,0.0,0.0,0.0,0.0,0.0,0.0,0.0,0.0,1.0,0.0,0.0,0.0,3.0,5.0,2.0,0.0,2.0,9.0,7.0,8.0,6.0,11.0,20.0,12.0
978,1.0,978.0,London_303,cons,151,453,1092.0,70.0,2.0,163080.0,0.9487918172962964,817.0,178.0,2.0,176.0,305.0,17.0,288.0,100.0,133.0,186.0,5.0,84.0,5.0,19.0,4.0,17.0,27.0,91.0,158.0,177.0,206.0,6.0,0.0,6.0,0.0,0.0,0.0,0.0,0.0,0.0,111.0,1.0,26.0,20.0,44.0,2.0,13.0,0.0,5.0,1.0,110.0,0.0,0.0,0.0,0.0,0.0,0.0,0.0,0.0,0.0,0.0,0.0,0.0,0.0,1.0,2.0,0.0,0.0,0.0,1.0,1.0,2.0,0.0,5.0,4.0,4.0,3.0,5.0,12.0,22.0,10.0,0.0,0.0,0.0,0.0,0.0,0.0,0.0,0.0,0.0,0.0,0.0,0.0,0.0,5.0,4.0,0.0,0.0,0.0,1.0,1.0,2.0,0.0,5.0,4.0,5.0,3.0,7.0,18.0,30.0,11.0
979,1.0,979.0,London_303,cons,151,453,1092.0,70.0,2.0,108267.0,0.7909571500495076,696.0,63.0,2.0,61.0,122.0,18.0,104.0,140.0,116.0,176.0,11.0,96.0,8.0,19.0,8.0,19.0,19.0,88.0,174.0,172.0,196.0,5.0,1.0,2.0,0.0,2.0,0.0,0.0,0.0,0.0,15.0,0.0,5.0,1.0,3.0,0.0,6.0,0.0,0.0,2.0,13.0,0.0,0.0,0.0,0.0,0.0,0.0,0.0,0.0,0.0,0.0,0.0,0.0,0.0,1.0,0.0,0.0,0.0,0.0,2.0,2.0,3.0,1.0,5.0,4.0,3.0,4.0,3.0,7.0,15.0,9.0,0.0,0.0,0.0,0.0,0.0,0.0,0.0,0.0,0.0,0.0,0.0,0.0,0.0,6.0,0.0,0.0,0.0,0.0,3.0,3.0,3.0,1.0,6.0,5.0,3.0,5.0,6.0,8.0,21.0,11.0
980,1.0,980.0,London_303,cons,151,453,1092.0,70.0,2.0,120951.0,0.7123061320744455,724.0,62.0,0.0,62.0,100.0,0.0,100.0,97.0,121.0,170.0,10.0,93.0,6.0,27.0,8.0,18.0,18.0,90.0,177.0,168.0,200.0,7.0,1.0,4.0,0.0,2.0,0.0,0.0,0.0,0.0,16.0,0.0,4.0,3.0,8.0,0.0,0.0,0.0,1.0,0.0,16.0,0.0,0.0,0.0,0.0,0.0,0.0,0.0,0.0,0.0,0.0,0.0,0.0,0.0,0.0,0.0,0.0,0.0,0.0,4.0,2.0,4.0,1.0,5.0,3.0,6.0,5.0,3.0,9.0,14.0,9.0,0.0,0.0,0.0,0.0,0.0,0.0,0.0,0.0,0.0,0.0,0.0,0.0,0.0,0.0,0.0,0.0,0.0,0.0,4.0,2.0,4.0,1.0,5.0,3.0,8.0,8.0,5.0,12.0,21.0,10.0
981,1.0,981.0,London_303,cons,151,453,1092.0,70.0,2.0,134088.0,0.8649798431433737,753.0,74.0,2.0,72.0,144.0,22.0,122.0,89.0,125.0,165.0,11.0,88.0,7.0,30.0,8.0,19.0,18.0,100.0,180.0,155.0,201.0,3.0,1.0,1.0,0.0,1.0,0.0,0.0,0.0,0.0,38.0,1.0,12.0,5.0,14.0,2.0,0.0,2.0,2.0,1.0,37.0,0.0,0.0,0.0,0.0,0.0,0.0,0.0,0.0,0.0,0.0,0.0,0.0,0.0,0.0,0.0,0.0,0.0,0.0,2.0,3.0,1.0,0.0,3.0,2.0,2.0,0.0,1.0,10.0,17.0,5.0,0.0,0.0,0.0,0.0,0.0,0.0,0.0,0.0,0.0,0.0,0.0,0.0,0.0,0.0,0.0,0.0,0.0,0.0,2.0,4.0,1.0,0.0,3.0,2.0,2.0,0.0,1.0,12.0,22.0,5.0
982,1.0,982.0,London_303,cons,151,453,1092.0,70.0,2.0,146772.0,0.8567077689804137,781.0,87.0,0.0,87.0,157.0,0.0,157.0,89.0,118.0,151.0,16.0,91.0,8.0,44.0,6.0,19.0,17.0,85.0,190.0,161.0,190.0,3.0,0.0,2.0,0.0,1.0,0.0,0.0,0.0,0.0,46.0,1.0,14.0,2.0,24.0,0.0,1.0,2.0,2.0,0.0,46.0,0.0,0.0,0.0,0.0,0.0,0.0,0.0,0.0,0.0,0.0,0.0,0.0,0.0,0.0,0.0,0.0,0.0,0.0,3.0,2.0,3.0,0.0,5.0,2.0,4.0,3.0,8.0,6.0,15.0,3.0,0.0,0.0,0.0,0.0,0.0,0.0,0.0,0.0,0.0,0.0,0.0,0.0,0.0,0.0,0.0,0.0,0.0,0.0,3.0,2.0,3.0,0.0,5.0,4.0,7.0,3.0,10.0,10.0,20.0,3.0
983,1.0,983.0,London_303,cons,151,453,1092.0,70.0,2.0,145413.0,0.809027539100498,778.0,5.0,0.0,5.0,11.0,0.0,11.0,87.0,118.0,158.0,12.0,95.0,12.0,32.0,6.0,20.0,17.0,93.0,187.0,156.0,195.0,2.0,0.0,1.0,0.0,0.0,0.0,0.0,0.0,1.0,3.0,0.0,0.0,1.0,2.0,0.0,0.0,0.0,0.0,0.0,3.0,0.0,0.0,0.0,0.0,0.0,0.0,0.0,0.0,0.0,0.0,0.0,0.0,0.0,0.0,0.0,0.0,0.0,0.0,1.0,0.0,0.0,0.0,1.0,0.0,0.0,0.0,1.0,1.0,1.0,1.0,0.0,0.0,0.0,0.0,0.0,0.0,0.0,0.0,0.0,0.0,0.0,0.0,0.0,0.0,0.0,0.0,0.0,0.0,2.0,0.0,0.0,0.0,1.0,0.0,0.0,0.0,3.0,1.0,3.0,1.0
984,1.0,984.0,London_303,cons,151,453,1092.0,70.0,2.0,183012.0,1.211170105729252,861.0,88.0,2.0,86.0,172.0,19.0,153.0,10.0,118.0,156.0,13.0,96.0,13.0,32.0,6.0,19.0,18.0,93.0,186.0,156.0,194.0,5.0,0.0,5.0,0.0,0.0,0.0,0.0,0.0,0.0,55.0,2.0,18.0,0.0,26.0,0.0,5.0,0.0,4.0,2.0,53.0,0.0,0.0,0.0,0.0,0.0,0.0,0.0,0.0,0.0,0.0,0.0,0.0,1.0,0.0,1.0,0.0,0.0,0.0,1.0,3.0,2.0,0.0,3.0,5.0,1.0,3.0,5.0,7.0,7.0,9.0,0.0,0.0,0.0,0.0,0.0,0.0,0.0,0.0,0.0,0.0,0.0,0.0,1.0,0.0,3.0,0.0,0.0,0.0,1.0,4.0,2.0,0.0,3.0,5.0,2.0,6.0,7.0,8.0,8.0,11.0
985,1.0,985.0,London_303,cons,151,453,1092.0,70.0,2.0,183465.0,1.5392726343125105,862.0,96.0,2.0,94.0,194.0,17.0,177.0,73.0,124.0,157.0,10.0,87.0,15.0,37.0,4.0,19.0,19.0,89.0,188.0,157.0,193.0,6.0,1.0,4.0,0.0,1.0,0.0,0.0,0.0,0.0,52.0,1.0,14.0,2.0,24.0,0.0,6.0,1.0,4.0,1.0,51.0,0.0,0.0,0.0,0.0,0.0,0.0,0.0,0.0,0.0,0.0,0.0,0.0,0.0,1.0,1.0,0.0,0.0,0.0,3.0,0.0,2.0,0.0,6.0,2.0,2.0,3.0,6.0,12.0,16.0,7.0,0.0,0.0,0.0,0.0,0.0,0.0,0.0,0.0,0.0,0.0,0.0,0.0,0.0,9.0,2.0,0.0,0.0,0.0,4.0,0.0,2.0,0.0,6.0,3.0,2.0,4.0,9.0,15.0,23.0,11.0
986,1.0,986.0,London_303,cons,151,453,1092.0,70.0,2.0,181200.0,1.3523587328381836,857.0,159.0,0.0,159.0,279.0,0.0,279.0,101.0,125.0,157.0,8.0,88.0,13.0,39.0,6.0,17.0,16.0,86.0,179.0,172.0,188.0,9.0,2.0,7.0,0.0,0.0,0.0,0.0,0.0,0.0,97.0,3.0,38.0,7.0,31.0,1.0,8.0,1.0,8.0,0.0,97.0,0.0,0.0,0.0,0.0,0.0,0.0,0.0,0.0,0.0,0.0,0.0,0.0,0.0,0.0,0.0,0.0,0.0,0.0,2.0,3.0,2.0,2.0,8.0,3.0,2.0,4.0,5.0,18.0,22.0,16.0,0.0,0.0,0.0,0.0,0.0,0.0,0.0,0.0,0.0,0.0,0.0,0.0,0.0,0.0,0.0,0.0,0.0,0.0,3.0,4.0,2.0,3.0,8.0,6.0,2.0,5.0,5.0,21.0,33.0,22.0
987,1.0,987.0,London_303,cons,151,453,1092.0,70.0,2.0,143148.0,1.0197631949558854,773.0,42.0,0.0,42.0,87.0,0.0,87.0,144.0,105.0,153.0,10.0,109.0,14.0,44.0,3.0,15.0,13.0,75.0,192.0,173.0,189.0,6.0,2.0,0.0,0.0,1.0,0.0,2.0,0.0,1.0,12.0,0.0,4.0,0.0,6.0,0.0,1.0,0.0,1.0,0.0,12.0,0.0,0.0,0.0,0.0,0.0,0.0,0.0,0.0,0.0,0.0,0.0,0.0,0.0,0.0,0.0,0.0,0.0,0.0,1.0,2.0,3.0,0.0,1.0,4.0,4.0,4.0,7.0,12.0,4.0,11.0,0.0,0.0,0.0,0.0,0.0,0.0,0.0,0.0,0.0,0.0,0.0,0.0,0.0,0.0,0.0,0.0,0.0,0.0,1.0,3.0,4.0,0.0,1.0,8.0,5.0,4.0,10.0,24.0,7.0,14.0
988,1.0,988.0,London_303,cons,151,453,1092.0,70.0,2.0,160362.0,1.292897007893771,811.0,96.0,0.0,96.0,164.0,0.0,164.0,75.0,107.0,157.0,8.0,108.0,14.0,41.0,3.0,15.0,15.0,79.0,197.0,162.0,195.0,7.0,2.0,3.0,0.0,1.0,0.0,1.0,0.0,0.0,41.0,0.0,18.0,4.0,11.0,0.0,6.0,0.0,2.0,0.0,41.0,0.0,0.0,0.0,0.0,0.0,0.0,0.0,0.0,0.0,0.0,0.0,0.0,0.0,0.0,0.0,0.0,0.0,0.0,2.0,1.0,2.0,1.0,2.0,3.0,5.0,7.0,5.0,11.0,15.0,9.0,0.0,0.0,0.0,0.0,0.0,0.0,0.0,0.0,0.0,0.0,0.0,0.0,0.0,0.0,0.0,0.0,0.0,0.0,2.0,1.0,2.0,1.0,3.0,4.0,6.0,8.0,6.0,13.0,17.0,14.0
989,1.0,989.0,London_303,cons,151,453,1092.0,70.0,2.0,158097.0,1.1211569351144135,806.0,77.0,2.0,75.0,159.0,19.0,140.0,108.0,107.0,157.0,11.0,96.0,15.0,47.0,4.0,16.0,17.0,85.0,198.0,153.0,201.0,2.0,2.0,0.0,0.0,0.0,0.0,0.0,0.0,0.0,34.0,0.0,8.0,4.0,17.0,1.0,1.0,0.0,3.0,1.0,33.0,0.0,0.0,0.0,0.0,0.0,0.0,0.0,0.0,0.0,0.0,0.0,0.0,0.0,0.0,1.0,0.0,0.0,0.0,0.0,3.0,2.0,1.0,2.0,6.0,4.0,5.0,4.0,15.0,12.0,12.0,0.0,0.0,0.0,0.0,0.0,0.0,0.0,0.0,0.0,0.0,0.0,0.0,0.0,0.0,1.0,0.0,0.0,0.0,0.0,4.0,3.0,1.0,2.0,6.0,5.0,8.0,5.0,19.0,17.0,17.0
990,1.0,990.0,London_303,cons,151,453,1092.0,70.0,2.0,162174.0,0.8732283399440348,815.0,96.0,2.0,94.0,179.0,18.0,161.0,102.0,98.0,168.0,11.0,103.0,13.0,38.0,5.0,17.0,15.0,92.0,187.0,159.0,208.0,2.0,0.0,1.0,0.0,1.0,0.0,0.0,0.0,0.0,46.0,0.0,19.0,5.0,13.0,2.0,5.0,0.0,2.0,2.0,44.0,0.0,0.0,0.0,0.0,0.0,0.0,0.0,0.0,0.0,0.0,0.0,0.0,0.0,0.0,2.0,0.0,0.0,0.0,2.0,1.0,2.0,0.0,4.0,3.0,3.0,5.0,7.0,8.0,12.0,12.0,0.0,0.0,0.0,0.0,0.0,0.0,0.0,0.0,0.0,0.0,0.0,0.0,0.0,0.0,4.0,0.0,0.0,0.0,3.0,1.0,2.0,0.0,4.0,3.0,3.0,6.0,9.0,10.0,15.0,13.0
991,1.0,991.0,London_303,cons,151,453,1092.0,70.0,2.0,155832.0,0.9014657568186522,801.0,66.0,2.0,64.0,129.0,15.0,114.0,97.0,102.0,159.0,10.0,111.0,11.0,36.0,5.0,19.0,17.0,98.0,172.0,166.0,218.0,4.0,0.0,3.0,0.0,1.0,0.0,0.0,0.0,0.0,39.0,0.0,15.0,6.0,10.0,1.0,3.0,1.0,3.0,2.0,37.0,0.0,0.0,0.0,0.0,0.0,0.0,0.0,0.0,0.0,0.0,0.0,1.0,0.0,0.0,0.0,0.0,0.0,0.0,0.0,1.0,5.0,2.0,2.0,5.0,4.0,2.0,3.0,6.0,13.0,4.0,0.0,0.0,0.0,0.0,0.0,0.0,0.0,0.0,0.0,0.0,0.0,1.0,0.0,0.0,0.0,0.0,0.0,0.0,0.0,1.0,5.0,2.0,2.0,8.0,4.0,2.0,4.0,6.0,18.0,5.0
992,1.0,992.0,London_303,cons,151,453,1092.0,70.0,2.0,170781.0,0.9733766843564808,834.0,79.0,0.0,79.0,129.0,0.0,129.0,61.0,107.0,159.0,11.0,110.0,11.0,32.0,5.0,18.0,18.0,102.0,184.0,149.0,219.0,5.0,1.0,2.0,0.0,1.0,0.0,0.0,0.0,1.0,38.0,0.0,20.0,0.0,15.0,1.0,1.0,0.0,1.0,0.0,38.0,0.0,0.0,0.0,0.0,0.0,0.0,0.0,0.0,0.0,0.0,0.0,0.0,0.0,0.0,0.0,0.0,0.0,0.0,1.0,2.0,1.0,2.0,6.0,5.0,4.0,2.0,3.0,12.0,13.0,5.0,0.0,0.0,0.0,0.0,0.0,0.0,0.0,0.0,0.0,0.0,0.0,0.0,0.0,0.0,0.0,0.0,0.0,0.0,1.0,2.0,1.0,3.0,6.0,7.0,7.0,2.0,3.0,17.0,14.0,5.0
993,1.0,993.0,London_303,cons,151,453,1092.0,70.0,2.0,182559.0,1.2160365749150515,860.0,120.0,1.0,119.0,215.0,10.0,205.0,82.0,108.0,170.0,6.0,101.0,10.0,34.0,5.0,19.0,19.0,94.0,183.0,157.0,221.0,6.0,2.0,3.0,0.0,1.0,0.0,0.0,0.0,0.0,65.0,0.0,24.0,6.0,26.0,0.0,2.0,1.0,6.0,1.0,64.0,0.0,0.0,0.0,0.0,0.0,0.0,0.0,0.0,0.0,0.0,0.0,0.0,0.0,1.0,1.0,0.0,0.0,0.0,3.0,0.0,4.0,3.0,7.0,4.0,3.0,4.0,8.0,17.0,11.0,9.0,0.0,0.0,0.0,0.0,0.0,0.0,0.0,0.0,0.0,0.0,0.0,0.0,0.0,5.0,1.0,0.0,0.0,0.0,3.0,0.0,4.0,3.0,7.0,4.0,3.0,5.0,9.0,21.0,12.0,10.0
994,1.0,994.0,London_303,cons,151,453,1092.0,70.0,2.0,169422.0,1.6716434299014509,831.0,94.0,2.0,92.0,169.0,18.0,151.0,115.0,106.0,177.0,11.0,101.0,4.0,35.0,3.0,16.0,19.0,85.0,182.0,167.0,224.0,4.0,1.0,1.0,0.0,1.0,0.0,0.0,0.0,1.0,49.0,0.0,13.0,3.0,21.0,3.0,7.0,0.0,2.0,1.0,48.0,0.0,0.0,0.0,0.0,0.0,0.0,0.0,0.0,0.0,0.0,0.0,0.0,0.0,2.0,1.0,0.0,0.0,0.0,3.0,3.0,1.0,0.0,4.0,0.0,6.0,3.0,3.0,13.0,12.0,7.0,0.0,0.0,0.0,0.0,0.0,0.0,0.0,0.0,0.0,0.0,0.0,0.0,0.0,6.0,1.0,0.0,0.0,0.0,3.0,3.0,1.0,0.0,4.0,0.0,7.0,3.0,3.0,15.0,16.0,9.0
995,1.0,995.0,London_303,cons,151,453,1092.0,70.0,2.0,167157.0,1.5009790319018066,826.0,100.0,3.0,97.0,186.0,24.0,162.0,94.0,106.0,181.0,13.0,96.0,3.0,36.0,2.0,16.0,20.0,91.0,177.0,165.0,226.0,3.0,0.0,2.0,0.0,1.0,0.0,0.0,0.0,0.0,56.0,1.0,19.0,2.0,24.0,0.0,6.0,1.0,3.0,3.0,53.0,0.0,0.0,0.0,0.0,0.0,0.0,0.0,0.0,0.0,0.0,0.0,1.0,0.0,1.0,2.0,0.0,0.0,0.0,2.0,6.0,2.0,2.0,1.0,5.0,1.0,2.0,3.0,3.0,19.0,9.0,0.0,0.0,0.0,0.0,0.0,0.0,0.0,0.0,0.0,0.0,0.0,1.0,0.0,2.0,3.0,0.0,0.0,0.0,2.0,7.0,2.0,3.0,1.0,7.0,1.0,2.0,3.0,3.0,23.0,10.0
996,1.0,996.0,London_303,cons,151,453,1092.0,70.0,2.0,156738.0,1.057884180918336,803.0,90.0,0.0,90.0,149.0,0.0,149.0,91.0,110.0,183.0,14.0,86.0,6.0,36.0,2.0,16.0,18.0,97.0,176.0,162.0,217.0,9.0,1.0,5.0,0.0,3.0,0.0,0.0,0.0,0.0,40.0,0.0,13.0,1.0,21.0,0.0,1.0,0.0,4.0,0.0,40.0,0.0,0.0,0.0,0.0,0.0,0.0,0.0,0.0,0.0,0.0,0.0,0.0,0.0,0.0,0.0,0.0,0.0,0.0,0.0,2.0,0.0,1.0,2.0,5.0,3.0,6.0,6.0,14.0,11.0,12.0,0.0,0.0,0.0,0.0,0.0,0.0,0.0,0.0,0.0,0.0,0.0,0.0,0.0,0.0,0.0,0.0,0.0,0.0,0.0,3.0,0.0,1.0,2.0,6.0,5.0,7.0,7.0,15.0,15.0,14.0
997,1.0,997.0,London_303,cons,151,453,1092.0,70.0,2.0,155832.0,1.1158564570359886,801.0,83.0,0.0,83.0,136.0,0.0,136.0,95.0,103.0,179.0,13.0,94.0,7.0,33.0,2.0,22.0,16.0,89.0,182.0,166.0,226.0,7.0,2.0,4.0,0.0,1.0,0.0,0.0,0.0,0.0,40.0,0.0,16.0,2.0,18.0,0.0,2.0,1.0,1.0,0.0,40.0,0.0,0.0,0.0,0.0,0.0,0.0,0.0,0.0,0.0,0.0,0.0,0.0,0.0,0.0,0.0,0.0,0.0,0.0,2.0,6.0,5.0,0.0,0.0,5.0,3.0,3.0,3.0,14.0,10.0,14.0,0.0,0.0,0.0,0.0,0.0,0.0,0.0,0.0,0.0,0.0,0.0,0.0,0.0,0.0,0.0,0.0,0.0,0.0,2.0,8.0,5.0,0.0,0.0,5.0,4.0,3.0,3.0,14.0,13.0,15.0
998,1.0,998.0,London_303,cons,151,453,1092.0,70.0,2.0,163986.0,1.00583416223526,819.0,94.0,0.0,94.0,165.0,0.0,165.0,83.0,99.0,183.0,9.0,93.0,9.0,38.0,1.0,21.0,18.0,93.0,184.0,158.0,232.0,3.0,0.0,1.0,0.0,2.0,0.0,0.0,0.0,0.0,50.0,1.0,13.0,3.0,28.0,0.0,3.0,0.0,2.0,0.0,50.0,0.0,0.0,0.0,0.0,0.0,0.0,0.0,0.0,0.0,0.0,0.0,0.0,0.0,0.0,0.0,0.0,0.0,0.0,1.0,2.0,1.0,0.0,4.0,6.0,4.0,1.0,6.0,12.0,5.0,14.0,0.0,0.0,0.0,0.0,0.0,0.0,0.0,0.0,0.0,0.0,0.0,0.0,0.0,0.0,0.0,0.0,0.0,0.0,1.0,2.0,1.0,0.0,4.0,7.0,7.0,1.0,8.0,14.0,6.0,16.0
999,1.0,999.0,London_303,cons,151,453,1092.0,70.0,2.0,156285.0,0.9761083102785051,802.0,79.0,2.0,77.0,143.0,18.0,125.0,92.0,95.0,183.0,8.0,94.0,8.0,44.0,1.0,20.0,18.0,92.0,185.0,158.0,238.0,1.0,0.0,1.0,0.0,0.0,0.0,0.0,0.0,0.0,46.0,0.0,15.0,4.0,18.0,1.0,6.0,0.0,2.0,2.0,44.0,0.0,0.0,0.0,0.0,0.0,0.0,0.0,0.0,0.0,0.0,0.0,0.0,0.0,0.0,1.0,0.0,0.0,0.0,2.0,6.0,2.0,0.0,4.0,1.0,3.0,2.0,6.0,11.0,9.0,6.0,0.0,0.0,0.0,0.0,0.0,0.0,0.0,0.0,0.0,0.0,0.0,0.0,0.0,0.0,1.0,0.0,0.0,0.0,2.0,7.0,2.0,0.0,4.0,1.0,3.0,3.0,6.0,12.0,13.0,7.0
1000,1.0,1000.0,London_303,cons,151,453,1092.0,70.0,2.0,156738.0,0.8679695948958397,803.0,65.0,0.0,65.0,112.0,0.0,112.0,73.0,103.0,178.0,9.0,93.0,8.0,41.0,1.0,20.0,19.0,86.0,190.0,158.0,244.0,5.0,0.0,3.0,0.0,1.0,0.0,0.0,0.0,1.0,38.0,0.0,13.0,5.0,16.0,1.0,2.0,0.0,1.0,0.0,38.0,0.0,0.0,0.0,0.0,0.0,0.0,0.0,0.0,0.0,0.0,0.0,0.0,0.0,0.0,0.0,0.0,0.0,0.0,2.0,2.0,1.0,1.0,2.0,4.0,0.0,3.0,5.0,9.0,7.0,10.0,0.0,0.0,0.0,0.0,0.0,0.0,0.0,0.0,0.0,0.0,0.0,0.0,0.0,0.0,0.0,0.0,0.0,0.0,2.0,2.0,1.0,1.0,2.0,4.0,0.0,4.0,6.0,11.0,9.0,12.0
1001,1.0,1001.0,London_303,cons,151,453,1092.0,70.0,2.0,165345.0,1.13729827105999,822.0,151.0,2.0,149.0,281.0,17.0,264.0,60.0,100.0,178.0,10.0,88.0,9.0,46.0,1.0,21.0,19.0,77.0,193.0,164.0,244.0,5.0,4.0,0.0,0.0,1.0,0.0,0.0,0.0,0.0,104.0,1.0,25.0,7.0,54.0,0.0,10.0,0.0,7.0,2.0,102.0,0.0,0.0,0.0,0.0,0.0,0.0,0.0,0.0,0.0,1.0,0.0,0.0,0.0,0.0,0.0,0.0,0.0,0.0,1.0,0.0,1.0,0.0,2.0,6.0,3.0,3.0,2.0,13.0,8.0,10.0,0.0,0.0,0.0,0.0,0.0,0.0,0.0,0.0,0.0,1.0,0.0,0.0,0.0,0.0,0.0,0.0,0.0,0.0,1.0,0.0,1.0,0.0,2.0,8.0,4.0,3.0,2.0,17.0,12.0,11.0
1002,1.0,1002.0,London_303,cons,151,453,1092.0,70.0,2.0,134541.0,0.8745723622851074,754.0,42.0,2.0,40.0,88.0,21.0,67.0,96.0,87.0,184.0,11.0,102.0,7.0,45.0,1.0,16.0,21.0,74.0,189.0,169.0,243.0,6.0,0.0,5.0,0.0,1.0,0.0,0.0,0.0,0.0,15.0,0.0,3.0,4.0,4.0,1.0,2.0,0.0,1.0,2.0,13.0,0.0,0.0,0.0,0.0,0.0,0.0,0.0,0.0,0.0,0.0,0.0,0.0,1.0,0.0,1.0,0.0,0.0,0.0,0.0,1.0,1.0,0.0,2.0,4.0,3.0,3.0,0.0,4.0,6.0,7.0,0.0,0.0,0.0,0.0,0.0,0.0,0.0,0.0,0.0,0.0,0.0,0.0,3.0,0.0,3.0,0.0,0.0,0.0,0.0,1.0,1.0,0.0,2.0,4.0,5.0,4.0,0.0,4.0,8.0,7.0
1003,1.0,1003.0,London_303,cons,151,453,1092.0,70.0,2.0,159909.0,0.9154314640909433,810.0,58.0,2.0,56.0,112.0,17.0,95.0,57.0,85.0,189.0,12.0,97.0,5.0,47.0,1.0,17.0,22.0,88.0,186.0,157.0,247.0,5.0,1.0,2.0,0.0,2.0,0.0,0.0,0.0,0.0,24.0,0.0,8.0,1.0,12.0,0.0,2.0,1.0,0.0,1.0,23.0,0.0,0.0,0.0,0.0,0.0,0.0,0.0,0.0,0.0,0.0,0.0,0.0,0.0,0.0,1.0,0.0,0.0,0.0,2.0,1.0,5.0,0.0,2.0,2.0,0.0,3.0,3.0,6.0,10.0,11.0,0.0,0.0,0.0,0.0,0.0,0.0,0.0,0.0,0.0,0.0,0.0,0.0,0.0,0.0,4.0,0.0,0.0,0.0,2.0,1.0,5.0,0.0,2.0,3.0,0.0,3.0,6.0,9.0,11.0,14.0
1004,1.0,1004.0,London_303,cons,151,453,1092.0,70.0,2.0,173499.0,0.904283395037055,840.0,157.0,0.0,157.0,280.0,0.0,280.0,78.0,84.0,190.0,9.0,101.0,4.0,46.0,1.0,18.0,22.0,77.0,190.0,164.0,242.0,6.0,1.0,3.0,0.0,1.0,0.0,0.0,0.0,1.0,100.0,3.0,42.0,4.0,43.0,1.0,3.0,0.0,4.0,0.0,100.0,0.0,0.0,0.0,0.0,0.0,0.0,0.0,0.0,0.0,0.0,0.0,0.0,0.0,0.0,0.0,0.0,0.0,0.0,1.0,1.0,1.0,0.0,6.0,9.0,5.0,4.0,4.0,19.0,18.0,19.0,0.0,0.0,0.0,0.0,0.0,0.0,0.0,0.0,0.0,0.0,0.0,0.0,0.0,0.0,0.0,0.0,0.0,0.0,1.0,2.0,1.0,0.0,6.0,13.0,5.0,5.0,4.0,29.0,20.0,23.0
1005,1.0,1005.0,London_303,cons,151,453,1092.0,70.0,2.0,132276.0,0.6987901679240167,749.0,55.0,0.0,55.0,100.0,0.0,100.0,119.0,82.0,196.0,8.0,103.0,2.0,42.0,3.0,17.0,22.0,74.0,186.0,171.0,248.0,0.0,0.0,0.0,0.0,0.0,0.0,0.0,0.0,0.0,23.0,0.0,3.0,1.0,14.0,1.0,2.0,0.0,2.0,0.0,23.0,0.0,0.0,0.0,0.0,0.0,0.0,0.0,0.0,0.0,0.0,0.0,0.0,0.0,0.0,0.0,0.0,0.0,0.0,1.0,9.0,3.0,0.0,0.0,6.0,3.0,5.0,3.0,8.0,5.0,12.0,0.0,0.0,0.0,0.0,0.0,0.0,0.0,0.0,0.0,0.0,0.0,0.0,0.0,0.0,0.0,0.0,0.0,0.0,1.0,16.0,3.0,0.0,0.0,10.0,3.0,7.0,4.0,12.0,6.0,13.0
1006,1.0,1006.0,London_303,cons,151,453,1092.0,70.0,2.0,130917.0,0.7799605811014771,746.0,58.0,0.0,58.0,101.0,0.0,101.0,66.0,87.0,198.0,16.0,92.0,2.0,38.0,3.0,17.0,22.0,74.0,184.0,173.0,249.0,3.0,0.0,1.0,0.0,1.0,0.0,1.0,0.0,0.0,31.0,1.0,8.0,0.0,19.0,0.0,1.0,1.0,1.0,0.0,31.0,0.0,0.0,0.0,0.0,0.0,0.0,0.0,0.0,0.0,0.0,0.0,0.0,0.0,0.0,0.0,0.0,0.0,0.0,3.0,4.0,2.0,0.0,1.0,1.0,5.0,1.0,0.0,9.0,6.0,8.0,0.0,0.0,0.0,0.0,0.0,0.0,0.0,0.0,0.0,0.0,0.0,0.0,0.0,0.0,0.0,0.0,0.0,0.0,3.0,6.0,3.0,0.0,1.0,1.0,6.0,1.0,0.0,14.0,9.0,12.0
1007,1.0,1007.0,London_303,cons,151,453,1092.0,70.0,2.0,139524.0,0.9003584696911275,765.0,57.0,0.0,57.0,93.0,0.0,93.0,61.0,88.0,187.0,17.0,95.0,5.0,38.0,3.0,20.0,24.0,76.0,190.0,163.0,257.0,6.0,1.0,4.0,0.0,0.0,0.0,0.0,0.0,1.0,23.0,0.0,9.0,1.0,10.0,0.0,1.0,0.0,2.0,0.0,23.0,0.0,0.0,0.0,0.0,0.0,0.0,0.0,0.0,0.0,0.0,0.0,0.0,0.0,0.0,0.0,0.0,0.0,0.0,2.0,3.0,1.0,0.0,2.0,3.0,2.0,5.0,8.0,7.0,10.0,11.0,0.0,0.0,0.0,0.0,0.0,0.0,0.0,0.0,0.0,0.0,0.0,0.0,0.0,0.0,0.0,0.0,0.0,0.0,2.0,3.0,2.0,0.0,2.0,5.0,2.0,5.0,8.0,10.0,12.0,14.0
1008,1.0,1008.0,London_303,cons,151,453,1092.0,70.0,2.0,149490.0,0.8610039153136313,787.0,65.0,1.0,64.0,114.0,9.0,105.0,66.0,82.0,192.0,14.0,99.0,7.0,38.0,3.0,18.0,25.0,72.0,190.0,166.0,259.0,0.0,0.0,0.0,0.0,0.0,0.0,0.0,0.0,0.0,33.0,1.0,9.0,5.0,14.0,0.0,2.0,1.0,1.0,1.0,32.0,0.0,0.0,0.0,0.0,0.0,0.0,0.0,0.0,0.0,0.0,0.0,0.0,1.0,0.0,0.0,0.0,0.0,0.0,0.0,1.0,4.0,0.0,2.0,1.0,1.0,3.0,3.0,7.0,11.0,12.0,0.0,0.0,0.0,0.0,0.0,0.0,0.0,0.0,0.0,0.0,0.0,0.0,1.0,0.0,0.0,0.0,0.0,0.0,0.0,1.0,5.0,0.0,2.0,1.0,1.0,4.0,4.0,8.0,14.0,14.0
1009,1.0,1009.0,London_303,cons,151,453,1092.0,70.0,2.0,153567.0,0.8678941088728607,796.0,151.0,2.0,149.0,284.0,19.0,265.0,58.0,79.0,188.0,13.0,102.0,8.0,43.0,3.0,17.0,26.0,71.0,191.0,165.0,265.0,4.0,1.0,1.0,0.0,2.0,0.0,0.0,0.0,0.0,116.0,3.0,46.0,12.0,43.0,1.0,8.0,2.0,1.0,2.0,114.0,0.0,0.0,0.0,0.0,0.0,0.0,0.0,0.0,0.0,0.0,0.0,0.0,0.0,1.0,2.0,0.0,0.0,0.0,1.0,3.0,3.0,1.0,5.0,6.0,2.0,2.0,1.0,12.0,10.0,8.0,0.0,0.0,0.0,0.0,0.0,0.0,0.0,0.0,0.0,0.0,0.0,0.0,0.0,4.0,2.0,0.0,0.0,0.0,1.0,4.0,3.0,1.0,5.0,6.0,4.0,3.0,1.0,14.0,10.0,9.0
1010,1.0,1010.0,London_303,cons,151,453,1092.0,70.0,2.0,120498.0,0.6130660120397806,723.0,59.0,2.0,57.0,118.0,18.0,100.0,90.0,79.0,191.0,15.0,103.0,8.0,33.0,3.0,21.0,25.0,74.0,184.0,170.0,264.0,5.0,0.0,3.0,0.0,1.0,0.0,0.0,0.0,1.0,30.0,0.0,11.0,3.0,9.0,0.0,7.0,0.0,0.0,2.0,28.0,0.0,0.0,0.0,0.0,0.0,0.0,0.0,0.0,1.0,0.0,0.0,0.0,0.0,0.0,1.0,0.0,0.0,0.0,0.0,5.0,2.0,1.0,4.0,4.0,5.0,1.0,2.0,4.0,11.0,11.0,0.0,0.0,0.0,0.0,0.0,0.0,0.0,0.0,1.0,0.0,0.0,0.0,0.0,0.0,1.0,0.0,0.0,0.0,0.0,5.0,2.0,1.0,4.0,4.0,7.0,2.0,3.0,8.0,13.0,15.0
1011,1.0,1011.0,London_303,cons,151,453,1092.0,70.0,2.0,138165.0,0.7755354181863368,762.0,34.0,1.0,33.0,67.0,9.0,58.0,69.0,77.0,199.0,19.0,102.0,5.0,31.0,2.0,18.0,24.0,74.0,188.0,167.0,261.0,7.0,0.0,2.0,0.0,4.0,0.0,0.0,0.0,1.0,12.0,0.0,2.0,1.0,4.0,0.0,2.0,1.0,2.0,0.0,12.0,0.0,0.0,0.0,0.0,0.0,0.0,0.0,0.0,0.0,0.0,0.0,0.0,0.0,0.0,1.0,0.0,0.0,0.0,0.0,0.0,0.0,1.0,2.0,4.0,3.0,1.0,4.0,4.0,7.0,6.0,0.0,0.0,0.0,0.0,0.0,0.0,0.0,0.0,0.0,0.0,0.0,0.0,0.0,0.0,4.0,0.0,0.0,0.0,0.0,0.0,0.0,1.0,2.0,4.0,5.0,1.0,4.0,6.0,8.0,10.0
1012,1.0,1012.0,London_303,cons,151,453,1092.0,70.0,2.0,168516.0,1.1520622968673706,829.0,11.0,0.0,11.0,16.0,0.0,16.0,55.0,79.0,206.0,18.0,91.0,7.0,33.0,2.0,17.0,22.0,78.0,177.0,176.0,252.0,4.0,0.0,3.0,0.0,0.0,0.0,0.0,0.0,1.0,5.0,0.0,3.0,0.0,0.0,0.0,1.0,0.0,1.0,0.0,5.0,0.0,0.0,0.0,0.0,0.0,0.0,0.0,0.0,0.0,0.0,0.0,0.0,0.0,0.0,0.0,0.0,0.0,0.0,1.0,0.0,2.0,0.0,0.0,1.0,1.0,1.0,1.0,1.0,0.0,2.0,0.0,0.0,0.0,0.0,0.0,0.0,0.0,0.0,0.0,0.0,0.0,0.0,0.0,0.0,0.0,0.0,0.0,0.0,1.0,0.0,2.0,0.0,0.0,1.0,1.0,2.0,1.0,1.0,0.0,2.0
1013,1.0,1013.0,London_303,cons,151,453,1092.0,70.0,2.0,207021.0,1.4532346338964999,914.0,157.0,0.0,157.0,269.0,0.0,269.0,13.0,83.0,206.0,19.0,85.0,7.0,35.0,2.0,16.0,21.0,79.0,180.0,173.0,250.0,11.0,3.0,5.0,0.0,1.0,0.0,2.0,0.0,0.0,102.0,4.0,36.0,5.0,47.0,1.0,6.0,1.0,2.0,0.0,102.0,0.0,0.0,0.0,0.0,0.0,0.0,0.0,0.0,0.0,0.0,0.0,0.0,0.0,0.0,0.0,0.0,0.0,0.0,2.0,0.0,1.0,2.0,8.0,6.0,3.0,3.0,4.0,18.0,19.0,18.0,0.0,0.0,0.0,0.0,0.0,0.0,0.0,0.0,0.0,0.0,0.0,0.0,0.0,0.0,0.0,0.0,0.0,0.0,2.0,0.0,1.0,2.0,8.0,6.0,4.0,5.0,4.0,25.0,21.0,21.0
1014,1.0,1014.0,London_303,cons,151,453,1092.0,70.0,2.0,174858.0,1.0515089980326593,843.0,114.0,0.0,114.0,187.0,0.0,187.0,118.0,79.0,203.0,9.0,96.0,9.0,37.0,4.0,16.0,21.0,85.0,167.0,180.0,250.0,7.0,0.0,4.0,0.0,2.0,0.0,1.0,0.0,0.0,65.0,0.0,19.0,4.0,35.0,0.0,4.0,0.0,3.0,0.0,65.0,0.0,0.0,0.0,0.0,0.0,0.0,0.0,0.0,0.0,0.0,0.0,0.0,0.0,0.0,0.0,0.0,0.0,0.0,4.0,2.0,1.0,0.0,3.0,9.0,1.0,4.0,9.0,12.0,20.0,8.0,0.0,0.0,0.0,0.0,0.0,0.0,0.0,0.0,0.0,0.0,0.0,0.0,0.0,0.0,0.0,0.0,0.0,0.0,5.0,2.0,1.0,0.0,3.0,12.0,2.0,5.0,10.0,15.0,27.0,9.0
1015,1.0,1015.0,London_303,cons,151,453,1092.0,70.0,2.0,162174.0,0.9749423414468765,815.0,15.0,0.0,15.0,26.0,0.0,26.0,100.0,82.0,210.0,7.0,90.0,9.0,39.0,4.0,12.0,21.0,80.0,176.0,176.0,255.0,6.0,0.0,4.0,0.0,2.0,0.0,0.0,0.0,0.0,1.0,0.0,1.0,0.0,0.0,0.0,0.0,0.0,0.0,0.0,1.0,0.0,0.0,0.0,0.0,0.0,0.0,0.0,0.0,0.0,0.0,0.0,0.0,0.0,0.0,0.0,0.0,0.0,0.0,1.0,3.0,0.0,0.0,2.0,1.0,1.0,2.0,5.0,2.0,6.0,3.0,0.0,0.0,0.0,0.0,0.0,0.0,0.0,0.0,0.0,0.0,0.0,0.0,0.0,0.0,0.0,0.0,0.0,0.0,1.0,5.0,0.0,0.0,2.0,1.0,2.0,2.0,6.0,5.0,10.0,4.0
1016,1.0,1016.0,London_303,cons,151,453,1092.0,70.0,2.0,195696.0,1.297063282225281,889.0,216.0,2.0,214.0,389.0,17.0,372.0,31.0,85.0,204.0,10.0,84.0,10.0,43.0,4.0,13.0,22.0,75.0,175.0,181.0,252.0,2.0,0.0,2.0,0.0,0.0,0.0,0.0,0.0,0.0,149.0,4.0,57.0,11.0,53.0,1.0,14.0,2.0,7.0,2.0,147.0,0.0,0.0,0.0,0.0,0.0,0.0,0.0,0.0,0.0,0.0,0.0,0.0,0.0,0.0,0.0,0.0,0.0,0.0,3.0,1.0,3.0,3.0,7.0,6.0,3.0,6.0,4.0,19.0,18.0,10.0,0.0,0.0,0.0,0.0,0.0,0.0,0.0,0.0,0.0,0.0,0.0,0.0,0.0,0.0,0.0,0.0,0.0,0.0,3.0,2.0,3.0,3.0,8.0,9.0,4.0,6.0,4.0,24.0,20.0,12.0
1017,1.0,1017.0,London_303,cons,151,453,1092.0,70.0,2.0,134088.0,0.9634654773399234,753.0,75.0,0.0,75.0,126.0,0.0,126.0,145.0,67.0,230.0,8.0,95.0,7.0,31.0,2.0,13.0,24.0,85.0,148.0,196.0,255.0,4.0,0.0,4.0,0.0,0.0,0.0,0.0,0.0,0.0,17.0,1.0,2.0,2.0,7.0,0.0,4.0,0.0,1.0,0.0,17.0,0.0,0.0,0.0,0.0,0.0,0.0,0.0,0.0,0.0,0.0,0.0,0.0,0.0,0.0,0.0,0.0,0.0,0.0,5.0,2.0,2.0,3.0,5.0,7.0,3.0,3.0,4.0,11.0,19.0,12.0,0.0,0.0,0.0,0.0,0.0,0.0,0.0,0.0,0.0,0.0,0.0,0.0,0.0,0.0,0.0,0.0,0.0,0.0,6.0,3.0,2.0,3.0,5.0,7.0,3.0,4.0,6.0,15.0,28.0,13.0
1018,1.0,1018.0,London_303,cons,151,453,1092.0,70.0,2.0,127746.0,0.8087931871414185,739.0,43.0,0.0,43.0,81.0,0.0,81.0,106.0,63.0,228.0,7.0,92.0,9.0,38.0,2.0,14.0,25.0,91.0,153.0,184.0,263.0,0.0,0.0,0.0,0.0,0.0,0.0,0.0,0.0,0.0,14.0,0.0,2.0,3.0,6.0,2.0,1.0,0.0,0.0,0.0,14.0,0.0,0.0,0.0,0.0,0.0,0.0,0.0,0.0,0.0,0.0,0.0,0.0,0.0,0.0,0.0,0.0,0.0,0.0,1.0,4.0,4.0,0.0,4.0,3.0,3.0,2.0,3.0,4.0,8.0,4.0,0.0,0.0,0.0,0.0,0.0,0.0,0.0,0.0,0.0,0.0,0.0,0.0,0.0,0.0,0.0,0.0,0.0,0.0,1.0,5.0,4.0,0.0,5.0,5.0,5.0,3.0,3.0,6.0,9.0,4.0
1019,1.0,1019.0,London_303,cons,151,453,1092.0,70.0,2.0,145866.0,1.0590089950710535,779.0,35.0,1.0,34.0,73.0,8.0,65.0,59.0,72.0,218.0,10.0,90.0,4.0,43.0,3.0,13.0,26.0,84.0,166.0,177.0,265.0,4.0,0.0,3.0,0.0,1.0,0.0,0.0,0.0,0.0,12.0,0.0,6.0,1.0,4.0,0.0,0.0,0.0,1.0,0.0,12.0,0.0,0.0,0.0,0.0,0.0,0.0,0.0,0.0,0.0,0.0,0.0,0.0,0.0,0.0,0.0,0.0,0.0,0.0,1.0,3.0,0.0,2.0,4.0,2.0,3.0,1.0,5.0,3.0,9.0,7.0,0.0,0.0,0.0,0.0,0.0,0.0,0.0,0.0,0.0,0.0,0.0,0.0,0.0,0.0,0.0,0.0,0.0,0.0,1.0,4.0,0.0,4.0,4.0,3.0,5.0,1.0,7.0,3.0,16.0,7.0
1020,1.0,1020.0,London_303,cons,151,453,1092.0,70.0,2.0,166251.0,1.2645869771949947,824.0,78.0,2.0,76.0,138.0,17.0,121.0,61.0,79.0,207.0,8.0,94.0,4.0,43.0,3.0,15.0,24.0,85.0,163.0,181.0,258.0,7.0,2.0,4.0,0.0,1.0,0.0,0.0,0.0,0.0,34.0,1.0,10.0,4.0,11.0,0.0,4.0,0.0,4.0,1.0,33.0,0.0,0.0,0.0,0.0,0.0,0.0,0.0,0.0,0.0,0.0,0.0,0.0,0.0,1.0,2.0,0.0,0.0,0.0,3.0,5.0,2.0,0.0,2.0,6.0,5.0,0.0,5.0,8.0,9.0,12.0,0.0,0.0,0.0,0.0,0.0,0.0,0.0,0.0,0.0,0.0,0.0,0.0,0.0,3.0,5.0,0.0,0.0,0.0,3.0,6.0,2.0,0.0,2.0,7.0,6.0,0.0,6.0,8.0,12.0,14.0
1021,1.0,1021.0,London_303,cons,151,453,1092.0,70.0,2.0,173046.0,1.061780869960785,839.0,129.0,2.0,127.0,227.0,18.0,209.0,95.0,85.0,187.0,13.0,103.0,5.0,46.0,2.0,12.0,17.0,88.0,153.0,195.0,249.0,7.0,0.0,4.0,0.0,3.0,0.0,0.0,0.0,0.0,71.0,0.0,24.0,1.0,35.0,0.0,7.0,1.0,3.0,0.0,71.0,0.0,0.0,0.0,0.0,0.0,0.0,0.0,0.0,0.0,0.0,0.0,0.0,0.0,1.0,0.0,0.0,0.0,0.0,2.0,5.0,1.0,0.0,2.0,6.0,4.0,2.0,3.0,14.0,11.0,16.0,0.0,0.0,0.0,0.0,0.0,0.0,0.0,0.0,0.0,0.0,0.0,0.0,0.0,6.0,0.0,0.0,0.0,0.0,3.0,7.0,1.0,0.0,2.0,8.0,5.0,2.0,3.0,21.0,15.0,18.0
1022,1.0,1022.0,London_303,cons,151,453,1092.0,70.0,2.0,149943.0,0.8695336482487619,788.0,136.0,0.0,136.0,233.0,0.0,233.0,125.0,88.0,187.0,12.0,101.0,8.0,42.0,0.0,15.0,15.0,82.0,151.0,205.0,234.0,4.0,0.0,1.0,0.0,1.0,0.0,2.0,0.0,0.0,68.0,0.0,35.0,0.0,23.0,1.0,6.0,1.0,2.0,0.0,68.0,0.0,0.0,0.0,0.0,0.0,0.0,0.0,0.0,0.0,0.0,0.0,0.0,0.0,0.0,0.0,0.0,0.0,0.0,3.0,3.0,3.0,1.0,3.0,4.0,8.0,3.0,8.0,17.0,19.0,11.0,0.0,0.0,0.0,0.0,0.0,0.0,0.0,0.0,0.0,0.0,0.0,0.0,0.0,0.0,0.0,0.0,0.0,0.0,3.0,4.0,3.0,2.0,3.0,5.0,8.0,3.0,8.0,25.0,24.0,13.0
1023,1.0,1023.0,London_303,cons,151,453,1092.0,70.0,2.0,114609.0,0.6274768430739641,710.0,37.0,2.0,35.0,79.0,22.0,57.0,136.0,85.0,194.0,12.0,108.0,7.0,33.0,0.0,14.0,17.0,77.0,160.0,199.0,240.0,4.0,0.0,3.0,0.0,1.0,0.0,0.0,0.0,0.0,9.0,0.0,5.0,0.0,4.0,0.0,0.0,0.0,0.0,2.0,7.0,0.0,0.0,0.0,0.0,0.0,0.0,0.0,0.0,0.0,0.0,0.0,1.0,0.0,0.0,0.0,0.0,0.0,0.0,1.0,1.0,1.0,0.0,2.0,5.0,0.0,0.0,1.0,6.0,8.0,9.0,0.0,0.0,0.0,0.0,0.0,0.0,0.0,0.0,0.0,0.0,0.0,1.0,0.0,0.0,0.0,0.0,0.0,0.0,1.0,3.0,1.0,0.0,3.0,7.0,0.0,0.0,1.0,7.0,9.0,10.0
1024,1.0,1024.0,London_303,cons,151,453,1092.0,70.0,2.0,135447.0,0.7562674572691321,756.0,0.0,0.0,0.0,0.0,0.0,0.0,60.0,92.0,178.0,15.0,109.0,7.0,36.0,0.0,16.0,15.0,78.0,161.0,199.0,233.0,5.0,0.0,5.0,0.0,0.0,0.0,0.0,0.0,0.0,0.0,0.0,0.0,0.0,0.0,0.0,0.0,0.0,0.0,0.0,0.0,0.0,0.0,0.0,0.0,0.0,0.0,0.0,0.0,0.0,0.0,0.0,0.0,0.0,0.0,0.0,0.0,0.0,0.0,0.0,0.0,0.0,0.0,0.0,0.0,0.0,0.0,0.0,0.0,0.0,0.0,0.0,0.0,0.0,0.0,0.0,0.0,0.0,0.0,0.0,0.0,0.0,0.0,0.0,0.0,0.0,0.0,0.0,0.0,0.0,0.0,0.0,0.0,0.0,0.0,0.0,0.0,0.0,0.0,0.0,0.0
1025,1.0,1025.0,London_303,cons,151,453,1092.0,70.0,2.0,186636.0,1.9871986638754606,869.0,104.0,0.0,104.0,180.0,0.0,180.0,5.0,93.0,175.0,15.0,110.0,7.0,37.0,0.0,16.0,16.0,78.0,159.0,200.0,229.0,9.0,0.0,6.0,0.0,3.0,0.0,0.0,0.0,0.0,55.0,0.0,15.0,0.0,25.0,0.0,12.0,1.0,2.0,0.0,55.0,0.0,0.0,0.0,0.0,0.0,0.0,0.0,0.0,0.0,0.0,0.0,0.0,0.0,0.0,0.0,0.0,0.0,0.0,1.0,4.0,2.0,1.0,4.0,10.0,4.0,5.0,2.0,6.0,20.0,7.0,0.0,0.0,0.0,0.0,0.0,0.0,0.0,0.0,0.0,0.0,0.0,0.0,0.0,0.0,0.0,0.0,0.0,0.0,1.0,4.0,2.0,1.0,4.0,12.0,5.0,7.0,2.0,7.0,24.0,7.0
1026,1.0,1026.0,London_303,cons,151,453,1092.0,70.0,2.0,193884.0,1.23775394866243,885.0,124.0,2.0,122.0,226.0,19.0,207.0,113.0,85.0,181.0,21.0,108.0,8.0,35.0,1.0,14.0,19.0,82.0,155.0,197.0,232.0,4.0,1.0,2.0,0.0,1.0,0.0,0.0,0.0,0.0,70.0,0.0,30.0,1.0,25.0,0.0,11.0,0.0,3.0,2.0,68.0,0.0,0.0,0.0,0.0,0.0,0.0,0.0,0.0,0.0,0.0,0.0,0.0,1.0,0.0,2.0,0.0,0.0,0.0,1.0,3.0,1.0,1.0,2.0,6.0,8.0,4.0,6.0,14.0,15.0,12.0,0.0,0.0,0.0,0.0,0.0,0.0,0.0,0.0,0.0,0.0,0.0,0.0,4.0,0.0,5.0,0.0,0.0,0.0,1.0,4.0,1.0,1.0,2.0,10.0,11.0,4.0,7.0,18.0,21.0,14.0
1027,1.0,1027.0,London_303,cons,151,453,1092.0,70.0,2.0,177576.0,1.1062962329015136,849.0,113.0,2.0,111.0,201.0,17.0,184.0,116.0,83.0,189.0,15.0,101.0,7.0,43.0,1.0,14.0,17.0,87.0,157.0,192.0,232.0,4.0,1.0,2.0,0.0,0.0,0.0,1.0,0.0,0.0,60.0,1.0,31.0,2.0,21.0,0.0,3.0,0.0,2.0,2.0,58.0,0.0,0.0,0.0,0.0,0.0,0.0,0.0,0.0,0.0,0.0,0.0,0.0,0.0,1.0,1.0,0.0,0.0,0.0,2.0,1.0,3.0,0.0,3.0,6.0,1.0,4.0,3.0,18.0,20.0,10.0,0.0,0.0,0.0,0.0,0.0,0.0,0.0,0.0,0.0,0.0,0.0,0.0,0.0,7.0,2.0,0.0,0.0,0.0,3.0,1.0,3.0,0.0,3.0,6.0,2.0,6.0,4.0,22.0,30.0,12.0
1028,1.0,1028.0,London_303,cons,151,453,1092.0,70.0,2.0,168516.0,1.1060969028621912,829.0,81.0,0.0,81.0,139.0,0.0,139.0,125.0,84.0,180.0,20.0,113.0,5.0,34.0,3.0,14.0,14.0,85.0,157.0,197.0,230.0,7.0,1.0,5.0,0.0,1.0,0.0,0.0,0.0,0.0,33.0,0.0,4.0,3.0,23.0,1.0,2.0,0.0,0.0,0.0,33.0,0.0,0.0,0.0,0.0,0.0,0.0,0.0,0.0,0.0,0.0,0.0,0.0,0.0,0.0,0.0,0.0,0.0,0.0,3.0,3.0,1.0,2.0,1.0,7.0,4.0,4.0,7.0,18.0,16.0,14.0,0.0,0.0,0.0,0.0,0.0,0.0,0.0,0.0,0.0,0.0,0.0,0.0,0.0,0.0,0.0,0.0,0.0,0.0,4.0,5.0,1.0,3.0,1.0,9.0,6.0,5.0,8.0,22.0,20.0,18.0
1029,1.0,1029.0,London_303,cons,151,453,1092.0,70.0,2.0,167610.0,1.0791441528126597,827.0,73.0,0.0,73.0,130.0,0.0,130.0,98.0,86.0,184.0,20.0,103.0,7.0,35.0,3.0,15.0,13.0,86.0,159.0,195.0,237.0,8.0,1.0,3.0,0.0,4.0,0.0,0.0,0.0,0.0,31.0,0.0,9.0,1.0,14.0,0.0,3.0,0.0,4.0,0.0,31.0,0.0,0.0,0.0,0.0,0.0,0.0,0.0,0.0,0.0,0.0,0.0,0.0,0.0,0.0,0.0,0.0,0.0,0.0,0.0,1.0,0.0,0.0,5.0,4.0,3.0,6.0,1.0,8.0,13.0,12.0,0.0,0.0,0.0,0.0,0.0,0.0,0.0,0.0,0.0,0.0,0.0,0.0,0.0,0.0,0.0,0.0,0.0,0.0,0.0,1.0,0.0,0.0,5.0,5.0,3.0,10.0,1.0,13.0,16.0,14.0
1030,1.0,1030.0,London_303,cons,151,453,1092.0,70.0,2.0,174405.0,1.1315989387221634,842.0,86.0,0.0,86.0,148.0,0.0,148.0,91.0,94.0,185.0,15.0,90.0,11.0,37.0,7.0,14.0,19.0,91.0,155.0,188.0,242.0,4.0,0.0,4.0,0.0,0.0,0.0,0.0,0.0,0.0,48.0,0.0,15.0,2.0,24.0,0.0,3.0,0.0,4.0,0.0,48.0,0.0,0.0,0.0,0.0,0.0,0.0,0.0,0.0,0.0,0.0,0.0,0.0,0.0,0.0,0.0,0.0,0.0,0.0,2.0,1.0,1.0,1.0,7.0,8.0,4.0,2.0,5.0,10.0,9.0,7.0,0.0,0.0,0.0,0.0,0.0,0.0,0.0,0.0,0.0,0.0,0.0,0.0,0.0,0.0,0.0,0.0,0.0,0.0,2.0,1.0,1.0,1.0,7.0,8.0,4.0,2.0,5.0,12.0,11.0,9.0
1031,1.0,1031.0,London_303,cons,151,453,1092.0,70.0,2.0,181653.0,1.4350670468993485,858.0,126.0,2.0,124.0,230.0,19.0,211.0,75.0,88.0,184.0,10.0,97.0,14.0,37.0,7.0,16.0,17.0,89.0,165.0,182.0,240.0,8.0,0.0,5.0,0.0,2.0,0.0,0.0,0.0,1.0,75.0,1.0,20.0,8.0,31.0,0.0,10.0,1.0,4.0,1.0,74.0,0.0,0.0,0.0,0.0,0.0,0.0,0.0,0.0,0.0,0.0,0.0,0.0,0.0,0.0,1.0,0.0,0.0,0.0,2.0,4.0,2.0,0.0,4.0,7.0,6.0,8.0,7.0,15.0,13.0,11.0,0.0,0.0,0.0,0.0,0.0,0.0,0.0,0.0,0.0,0.0,0.0,0.0,0.0,0.0,1.0,0.0,0.0,0.0,2.0,4.0,2.0,0.0,4.0,8.0,7.0,12.0,8.0,20.0,17.0,12.0
1032,1.0,1032.0,London_303,cons,151,453,1092.0,70.0,2.0,154926.0,0.8186842361465096,799.0,162.0,2.0,160.0,304.0,18.0,286.0,119.0,86.0,178.0,8.0,113.0,15.0,31.0,5.0,17.0,19.0,92.0,156.0,186.0,248.0,3.0,0.0,2.0,0.0,1.0,0.0,0.0,0.0,0.0,102.0,0.0,47.0,7.0,28.0,2.0,11.0,1.0,6.0,2.0,100.0,0.0,0.0,0.0,0.0,0.0,0.0,0.0,0.0,0.0,1.0,0.0,0.0,0.0,0.0,1.0,0.0,0.0,0.0,1.0,0.0,2.0,2.0,6.0,9.0,5.0,4.0,6.0,13.0,20.0,12.0,0.0,0.0,0.0,0.0,0.0,0.0,0.0,0.0,0.0,1.0,0.0,0.0,0.0,0.0,1.0,0.0,0.0,0.0,1.0,0.0,2.0,2.0,6.0,12.0,6.0,6.0,8.0,20.0,27.0,15.0
1033,1.0,1033.0,London_303,cons,151,453,1092.0,70.0,2.0,112344.0,0.6017083809711039,705.0,3.0,2.0,1.0,16.0,15.0,1.0,132.0,79.0,180.0,7.0,120.0,15.0,32.0,3.0,17.0,20.0,90.0,163.0,180.0,248.0,6.0,1.0,4.0,0.0,1.0,0.0,0.0,0.0,0.0,2.0,0.0,0.0,0.0,1.0,1.0,0.0,0.0,0.0,2.0,0.0,0.0,0.0,0.0,0.0,0.0,0.0,0.0,0.0,0.0,0.0,0.0,1.0,1.0,0.0,0.0,0.0,0.0,0.0,0.0,0.0,0.0,0.0,0.0,0.0,0.0,0.0,0.0,0.0,0.0,0.0,0.0,0.0,0.0,0.0,0.0,0.0,0.0,0.0,0.0,0.0,0.0,2.0,4.0,0.0,0.0,0.0,0.0,0.0,0.0,0.0,0.0,0.0,0.0,0.0,0.0,0.0,0.0,0.0,0.0,0.0
1034,1.0,1034.0,London_303,cons,151,453,1092.0,70.0,2.0,144054.0,0.7375632496550679,775.0,124.0,0.0,124.0,203.0,0.0,203.0,11.0,80.0,178.0,10.0,117.0,15.0,33.0,3.0,17.0,17.0,93.0,164.0,179.0,241.0,6.0,2.0,3.0,0.0,1.0,0.0,0.0,0.0,0.0,59.0,0.0,20.0,4.0,26.0,0.0,7.0,0.0,2.0,0.0,59.0,0.0,0.0,0.0,0.0,0.0,0.0,0.0,0.0,0.0,0.0,0.0,0.0,0.0,0.0,0.0,0.0,0.0,0.0,5.0,2.0,4.0,2.0,6.0,2.0,6.0,2.0,9.0,15.0,22.0,18.0,0.0,0.0,0.0,0.0,0.0,0.0,0.0,0.0,0.0,0.0,0.0,0.0,0.0,0.0,0.0,0.0,0.0,0.0,5.0,3.0,4.0,3.0,6.0,2.0,9.0,2.0,11.0,18.0,28.0,19.0
1035,1.0,1035.0,London_303,cons,151,453,1092.0,70.0,2.0,127746.0,0.6211608811281621,739.0,12.0,1.0,11.0,31.0,10.0,21.0,123.0,72.0,183.0,9.0,122.0,16.0,30.0,3.0,18.0,17.0,90.0,162.0,184.0,255.0,3.0,0.0,2.0,0.0,0.0,0.0,0.0,0.0,1.0,1.0,0.0,1.0,0.0,0.0,0.0,0.0,0.0,0.0,0.0,1.0,0.0,0.0,0.0,0.0,0.0,0.0,0.0,0.0,0.0,0.0,0.0,0.0,0.0,1.0,1.0,0.0,0.0,0.0,2.0,0.0,4.0,1.0,0.0,1.0,1.0,0.0,3.0,1.0,3.0,3.0,0.0,0.0,0.0,0.0,0.0,0.0,0.0,0.0,0.0,0.0,0.0,0.0,0.0,8.0,2.0,0.0,0.0,0.0,2.0,0.0,4.0,3.0,0.0,2.0,2.0,0.0,3.0,2.0,5.0,3.0
1036,1.0,1036.0,London_303,cons,151,453,1092.0,70.0,2.0,165798.0,1.2100449283607304,823.0,119.0,2.0,117.0,230.0,18.0,212.0,32.0,75.0,190.0,11.0,120.0,11.0,25.0,4.0,17.0,18.0,92.0,158.0,185.0,253.0,5.0,1.0,1.0,0.0,2.0,0.0,1.0,0.0,0.0,69.0,0.0,40.0,3.0,16.0,2.0,5.0,0.0,3.0,1.0,68.0,0.0,0.0,0.0,0.0,0.0,0.0,0.0,0.0,0.0,0.0,0.0,0.0,0.0,2.0,0.0,0.0,0.0,0.0,2.0,7.0,0.0,1.0,4.0,6.0,2.0,7.0,7.0,11.0,17.0,14.0,0.0,0.0,0.0,0.0,0.0,0.0,0.0,0.0,0.0,0.0,0.0,0.0,0.0,9.0,0.0,0.0,0.0,0.0,3.0,7.0,0.0,1.0,4.0,8.0,2.0,8.0,7.0,14.0,21.0,18.0
1037,1.0,1037.0,London_303,cons,151,453,1092.0,70.0,2.0,151302.0,0.9396406719461083,791.0,98.0,3.0,95.0,193.0,24.0,169.0,118.0,72.0,196.0,8.0,121.0,13.0,18.0,5.0,20.0,17.0,98.0,147.0,191.0,255.0,5.0,0.0,3.0,0.0,1.0,0.0,1.0,0.0,0.0,51.0,0.0,22.0,5.0,15.0,0.0,7.0,1.0,1.0,2.0,49.0,0.0,0.0,0.0,0.0,0.0,0.0,0.0,0.0,0.0,0.0,0.0,1.0,0.0,1.0,0.0,0.0,0.0,0.0,1.0,4.0,1.0,0.0,2.0,4.0,6.0,6.0,7.0,12.0,11.0,11.0,0.0,0.0,0.0,0.0,0.0,0.0,0.0,0.0,0.0,0.0,0.0,2.0,0.0,1.0,0.0,0.0,0.0,0.0,2.0,4.0,1.0,0.0,2.0,4.0,9.0,9.0,8.0,15.0,13.0,14.0
1038,1.0,1038.0,London_303,cons,151,453,1092.0,70.0,2.0,141336.0,0.8078612606041133,769.0,32.0,0.0,32.0,61.0,0.0,61.0,112.0,73.0,194.0,13.0,121.0,10.0,22.0,0.0,20.0,17.0,100.0,139.0,197.0,255.0,3.0,1.0,2.0,0.0,0.0,0.0,0.0,0.0,0.0,10.0,0.0,6.0,1.0,0.0,0.0,2.0,0.0,1.0,0.0,10.0,0.0,0.0,0.0,0.0,0.0,0.0,0.0,0.0,0.0,0.0,0.0,0.0,0.0,0.0,0.0,0.0,0.0,0.0,0.0,1.0,0.0,1.0,0.0,3.0,4.0,3.0,2.0,3.0,6.0,3.0,0.0,0.0,0.0,0.0,0.0,0.0,0.0,0.0,0.0,0.0,0.0,0.0,0.0,0.0,0.0,0.0,0.0,0.0,0.0,1.0,0.0,1.0,0.0,4.0,5.0,6.0,3.0,5.0,10.0,5.0
1039,1.0,1039.0,London_303,cons,151,453,1092.0,70.0,2.0,162174.0,1.311640067026019,815.0,92.0,0.0,92.0,158.0,0.0,158.0,45.0,68.0,193.0,11.0,121.0,11.0,28.0,0.0,21.0,16.0,99.0,135.0,203.0,261.0,10.0,0.0,6.0,0.0,3.0,0.0,0.0,0.0,1.0,50.0,1.0,23.0,2.0,19.0,0.0,1.0,0.0,4.0,0.0,50.0,0.0,0.0,0.0,0.0,0.0,0.0,0.0,0.0,0.0,0.0,0.0,0.0,0.0,0.0,0.0,0.0,0.0,0.0,3.0,1.0,1.0,1.0,2.0,5.0,6.0,4.0,6.0,14.0,11.0,12.0,0.0,0.0,0.0,0.0,0.0,0.0,0.0,0.0,0.0,0.0,0.0,0.0,0.0,0.0,0.0,0.0,0.0,0.0,3.0,1.0,2.0,1.0,3.0,5.0,7.0,7.0,9.0,18.0,16.0,14.0
1040,1.0,1040.0,London_303,cons,151,453,1092.0,70.0,2.0,147225.0,1.091124802827835,782.0,70.0,0.0,70.0,124.0,0.0,124.0,95.0,73.0,192.0,10.0,113.0,13.0,30.0,0.0,22.0,16.0,99.0,131.0,207.0,265.0,2.0,0.0,2.0,0.0,0.0,0.0,0.0,0.0,0.0,33.0,1.0,13.0,0.0,16.0,1.0,1.0,0.0,1.0,0.0,33.0,0.0,0.0,0.0,0.0,0.0,0.0,0.0,0.0,0.0,0.0,0.0,0.0,0.0,0.0,0.0,0.0,0.0,0.0,2.0,3.0,0.0,2.0,2.0,7.0,3.0,5.0,5.0,12.0,12.0,12.0,0.0,0.0,0.0,0.0,0.0,0.0,0.0,0.0,0.0,0.0,0.0,0.0,0.0,0.0,0.0,0.0,0.0,0.0,2.0,3.0,0.0,3.0,2.0,8.0,5.0,5.0,5.0,13.0,16.0,17.0
1041,1.0,1041.0,London_303,cons,151,453,1092.0,70.0,2.0,151302.0,0.8775802431628108,791.0,152.0,2.0,150.0,278.0,18.0,260.0,70.0,73.0,192.0,9.0,111.0,14.0,32.0,0.0,22.0,16.0,103.0,133.0,201.0,270.0,6.0,0.0,3.0,0.0,1.0,0.0,0.0,0.0,2.0,100.0,1.0,43.0,10.0,34.0,1.0,10.0,1.0,0.0,2.0,98.0,0.0,0.0,0.0,0.0,0.0,0.0,0.0,0.0,0.0,0.0,0.0,0.0,0.0,0.0,1.0,0.0,0.0,0.0,1.0,4.0,0.0,0.0,3.0,5.0,4.0,3.0,2.0,15.0,20.0,12.0,0.0,0.0,0.0,0.0,0.0,0.0,0.0,0.0,0.0,0.0,0.0,0.0,0.0,0.0,1.0,0.0,0.0,0.0,1.0,4.0,0.0,0.0,3.0,6.0,4.0,3.0,2.0,18.0,24.0,14.0
1042,1.0,1042.0,London_303,cons,151,453,1092.0,70.0,2.0,113250.0,0.6049228901974857,707.0,10.0,0.0,10.0,15.0,0.0,15.0,108.0,63.0,206.0,9.0,119.0,9.0,25.0,0.0,22.0,20.0,110.0,129.0,194.0,268.0,1.0,0.0,1.0,0.0,0.0,0.0,0.0,0.0,0.0,4.0,1.0,0.0,0.0,1.0,0.0,0.0,0.0,2.0,0.0,4.0,0.0,0.0,0.0,0.0,0.0,0.0,0.0,0.0,0.0,0.0,0.0,0.0,0.0,0.0,0.0,0.0,0.0,0.0,0.0,0.0,0.0,0.0,0.0,0.0,0.0,1.0,1.0,2.0,2.0,1.0,0.0,0.0,0.0,0.0,0.0,0.0,0.0,0.0,0.0,0.0,0.0,0.0,0.0,0.0,0.0,0.0,0.0,0.0,0.0,0.0,0.0,0.0,0.0,0.0,0.0,1.0,1.0,2.0,2.0,1.0
1043,1.0,1043.0,London_303,cons,151,453,1092.0,70.0,2.0,149490.0,1.0054463553242385,787.0,102.0,2.0,100.0,193.0,17.0,176.0,11.0,65.0,205.0,5.0,120.0,9.0,27.0,0.0,22.0,21.0,108.0,131.0,193.0,266.0,4.0,0.0,3.0,0.0,1.0,0.0,0.0,0.0,0.0,58.0,1.0,21.0,3.0,22.0,0.0,6.0,1.0,4.0,2.0,56.0,0.0,0.0,0.0,0.0,0.0,0.0,0.0,0.0,0.0,0.0,0.0,0.0,0.0,1.0,0.0,0.0,0.0,0.0,1.0,3.0,2.0,1.0,5.0,4.0,3.0,2.0,3.0,9.0,13.0,14.0,0.0,0.0,0.0,0.0,0.0,0.0,0.0,0.0,0.0,0.0,0.0,0.0,0.0,1.0,0.0,0.0,0.0,0.0,1.0,5.0,2.0,1.0,5.0,4.0,4.0,2.0,3.0,13.0,16.0,17.0
1044,1.0,1044.0,London_303,cons,151,453,1092.0,70.0,2.0,143601.0,0.970829610247165,774.0,145.0,2.0,143.0,282.0,21.0,261.0,93.0,66.0,207.0,14.0,109.0,9.0,25.0,0.0,23.0,20.0,104.0,139.0,190.0,275.0,6.0,1.0,4.0,0.0,1.0,0.0,0.0,0.0,0.0,102.0,1.0,43.0,9.0,36.0,1.0,6.0,2.0,4.0,2.0,100.0,0.0,0.0,0.0,0.0,0.0,0.0,0.0,0.0,0.0,0.0,0.0,0.0,1.0,0.0,1.0,0.0,0.0,0.0,2.0,4.0,1.0,2.0,2.0,4.0,4.0,2.0,7.0,17.0,11.0,10.0,0.0,0.0,0.0,0.0,0.0,0.0,0.0,0.0,0.0,0.0,0.0,0.0,1.0,0.0,1.0,0.0,0.0,0.0,2.0,5.0,1.0,3.0,2.0,6.0,5.0,2.0,8.0,21.0,14.0,10.0
1045,1.0,1045.0,London_303,cons,151,453,1092.0,70.0,2.0,120498.0,0.6283943951129913,723.0,24.0,2.0,22.0,46.0,17.0,29.0,104.0,65.0,200.0,19.0,114.0,10.0,22.0,0.0,23.0,21.0,107.0,133.0,192.0,283.0,6.0,0.0,5.0,0.0,1.0,0.0,0.0,0.0,0.0,5.0,0.0,2.0,1.0,2.0,0.0,0.0,0.0,0.0,1.0,4.0,0.0,0.0,0.0,0.0,0.0,0.0,0.0,0.0,0.0,0.0,0.0,1.0,0.0,0.0,1.0,0.0,0.0,0.0,0.0,1.0,1.0,0.0,1.0,1.0,3.0,1.0,2.0,3.0,2.0,1.0,0.0,0.0,0.0,0.0,0.0,0.0,0.0,0.0,0.0,0.0,0.0,1.0,0.0,0.0,6.0,0.0,0.0,0.0,0.0,1.0,1.0,0.0,1.0,2.0,4.0,2.0,3.0,4.0,3.0,1.0
1046,1.0,1046.0,London_303,cons,151,453,1092.0,70.0,2.0,152661.0,0.8398021571338177,794.0,6.0,0.0,6.0,10.0,0.0,10.0,42.0,66.0,199.0,21.0,106.0,10.0,28.0,0.0,23.0,20.0,108.0,138.0,187.0,271.0,0.0,0.0,0.0,0.0,0.0,0.0,0.0,0.0,0.0,2.0,0.0,0.0,1.0,1.0,0.0,0.0,0.0,0.0,0.0,2.0,0.0,0.0,0.0,0.0,0.0,0.0,0.0,0.0,0.0,0.0,0.0,0.0,0.0,0.0,0.0,0.0,0.0,0.0,0.0,2.0,0.0,0.0,0.0,0.0,0.0,1.0,0.0,1.0,3.0,1.0,0.0,0.0,0.0,0.0,0.0,0.0,0.0,0.0,0.0,0.0,0.0,0.0,0.0,0.0,0.0,0.0,0.0,0.0,0.0,2.0,0.0,0.0,0.0,0.0,0.0,1.0,0.0,1.0,5.0,1.0
1047,1.0,1047.0,London_303,cons,151,453,1092.0,70.0,2.0,211551.0,1.1173698790371418,924.0,88.0,0.0,88.0,158.0,0.0,158.0,8.0,67.0,202.0,20.0,101.0,10.0,29.0,0.0,24.0,20.0,109.0,141.0,183.0,271.0,1.0,0.0,1.0,0.0,0.0,0.0,0.0,0.0,0.0,52.0,0.0,23.0,2.0,19.0,0.0,6.0,0.0,2.0,0.0,52.0,0.0,0.0,0.0,0.0,0.0,0.0,0.0,0.0,0.0,0.0,0.0,0.0,0.0,0.0,0.0,0.0,0.0,0.0,2.0,1.0,1.0,0.0,2.0,7.0,4.0,0.0,3.0,12.0,8.0,9.0,0.0,0.0,0.0,0.0,0.0,0.0,0.0,0.0,0.0,0.0,0.0,0.0,0.0,0.0,0.0,0.0,0.0,0.0,2.0,2.0,1.0,0.0,2.0,8.0,4.0,0.0,4.0,14.0,9.0,11.0
1048,1.0,1048.0,London_303,cons,151,453,1092.0,70.0,2.0,207474.0,1.1882684472948313,915.0,105.0,0.0,105.0,163.0,0.0,163.0,66.0,65.0,198.0,19.0,109.0,9.0,30.0,0.0,23.0,21.0,109.0,141.0,182.0,273.0,8.0,0.0,3.0,0.0,3.0,0.0,0.0,0.0,2.0,56.0,0.0,26.0,3.0,23.0,0.0,2.0,1.0,1.0,0.0,56.0,0.0,0.0,0.0,0.0,0.0,0.0,0.0,0.0,0.0,0.0,0.0,0.0,0.0,0.0,0.0,0.0,0.0,0.0,1.0,3.0,3.0,1.0,3.0,2.0,2.0,2.0,5.0,13.0,12.0,11.0,0.0,0.0,0.0,0.0,0.0,0.0,0.0,0.0,0.0,0.0,0.0,0.0,0.0,0.0,0.0,0.0,0.0,0.0,1.0,3.0,4.0,2.0,3.0,3.0,2.0,2.0,6.0,16.0,16.0,12.0
1049,1.0,1049.0,London_303,cons,151,453,1092.0,70.0,2.0,202944.0,1.120757656171918,905.0,115.0,0.0,115.0,202.0,0.0,202.0,93.0,66.0,206.0,9.0,109.0,5.0,39.0,0.0,19.0,23.0,114.0,132.0,184.0,277.0,8.0,0.0,5.0,0.0,3.0,0.0,0.0,0.0,0.0,73.0,0.0,19.0,3.0,38.0,0.0,8.0,2.0,3.0,0.0,73.0,0.0,0.0,0.0,0.0,0.0,0.0,0.0,0.0,0.0,0.0,0.0,0.0,0.0,0.0,0.0,0.0,0.0,0.0,3.0,1.0,3.0,1.0,1.0,5.0,3.0,2.0,5.0,14.0,17.0,11.0,0.0,0.0,0.0,0.0,0.0,0.0,0.0,0.0,0.0,0.0,0.0,0.0,0.0,0.0,0.0,0.0,0.0,0.0,3.0,1.0,3.0,1.0,1.0,7.0,5.0,3.0,5.0,23.0,23.0,14.0
1050,1.0,1050.0,London_303,cons,151,453,1092.0,70.0,2.0,195243.0,1.1484742751345038,888.0,152.0,1.0,151.0,266.0,9.0,257.0,95.0,66.0,214.0,15.0,97.0,7.0,36.0,2.0,16.0,24.0,116.0,127.0,186.0,276.0,3.0,0.0,2.0,0.0,0.0,0.0,0.0,0.0,1.0,99.0,1.0,44.0,5.0,43.0,0.0,1.0,2.0,3.0,1.0,98.0,0.0,0.0,0.0,0.0,0.0,0.0,0.0,0.0,0.0,0.0,0.0,0.0,1.0,0.0,0.0,0.0,0.0,0.0,4.0,4.0,3.0,0.0,4.0,6.0,2.0,3.0,4.0,10.0,15.0,10.0,0.0,0.0,0.0,0.0,0.0,0.0,0.0,0.0,0.0,0.0,0.0,0.0,2.0,0.0,0.0,0.0,0.0,0.0,4.0,5.0,3.0,0.0,4.0,8.0,2.0,5.0,5.0,15.0,18.0,13.0
1051,1.0,1051.0,London_303,cons,151,453,1092.0,70.0,2.0,165345.0,1.0747626181691885,822.0,154.0,2.0,152.0,280.0,19.0,261.0,102.0,64.0,203.0,12.0,110.0,5.0,39.0,3.0,17.0,24.0,122.0,122.0,185.0,283.0,8.0,0.0,6.0,0.0,2.0,0.0,0.0,0.0,0.0,105.0,2.0,46.0,10.0,35.0,0.0,9.0,0.0,3.0,2.0,103.0,0.0,0.0,0.0,0.0,0.0,0.0,0.0,0.0,0.0,0.0,0.0,0.0,0.0,1.0,2.0,0.0,0.0,0.0,6.0,1.0,0.0,0.0,4.0,8.0,4.0,2.0,8.0,10.0,21.0,19.0,0.0,0.0,0.0,0.0,0.0,0.0,0.0,0.0,0.0,0.0,0.0,0.0,0.0,2.0,2.0,0.0,0.0,0.0,6.0,2.0,0.0,0.0,5.0,10.0,4.0,3.0,9.0,15.0,29.0,23.0
1052,1.0,1052.0,London_303,cons,151,453,1092.0,70.0,2.0,132729.0,0.7204495831392705,750.0,73.0,2.0,71.0,141.0,18.0,123.0,123.0,51.0,218.0,11.0,120.0,3.0,31.0,4.0,15.0,22.0,113.0,123.0,195.0,283.0,6.0,0.0,4.0,0.0,1.0,0.0,0.0,0.0,1.0,30.0,2.0,3.0,4.0,14.0,0.0,6.0,0.0,1.0,2.0,28.0,0.0,0.0,0.0,0.0,0.0,0.0,0.0,0.0,0.0,0.0,0.0,0.0,0.0,0.0,1.0,0.0,0.0,0.0,4.0,3.0,2.0,1.0,3.0,3.0,5.0,4.0,8.0,11.0,13.0,6.0,0.0,0.0,0.0,0.0,0.0,0.0,0.0,0.0,0.0,0.0,0.0,0.0,0.0,0.0,1.0,0.0,0.0,0.0,4.0,3.0,3.0,2.0,3.0,3.0,7.0,4.0,10.0,14.0,17.0,8.0
1053,1.0,1053.0,London_303,cons,151,453,1092.0,70.0,2.0,127293.0,0.6677858997136354,738.0,128.0,1.0,127.0,215.0,9.0,206.0,87.0,53.0,218.0,12.0,121.0,3.0,24.0,3.0,19.0,24.0,120.0,116.0,193.0,286.0,2.0,0.0,2.0,0.0,0.0,0.0,0.0,0.0,0.0,65.0,1.0,29.0,4.0,23.0,0.0,6.0,0.0,2.0,0.0,65.0,0.0,0.0,0.0,0.0,0.0,0.0,0.0,0.0,0.0,0.0,0.0,0.0,0.0,0.0,1.0,0.0,0.0,0.0,1.0,2.0,3.0,1.0,3.0,6.0,6.0,3.0,8.0,16.0,17.0,16.0,0.0,0.0,0.0,0.0,0.0,0.0,0.0,0.0,0.0,0.0,0.0,0.0,0.0,0.0,6.0,0.0,0.0,0.0,2.0,2.0,3.0,1.0,3.0,9.0,6.0,3.0,12.0,25.0,22.0,19.0
1054,1.0,1054.0,London_303,cons,151,453,1092.0,70.0,2.0,98301.0,0.48291826993227005,674.0,0.0,0.0,0.0,0.0,0.0,0.0,122.0,37.0,221.0,9.0,120.0,7.0,37.0,2.0,20.0,23.0,105.0,126.0,199.0,290.0,4.0,0.0,2.0,0.0,2.0,0.0,0.0,0.0,0.0,0.0,0.0,0.0,0.0,0.0,0.0,0.0,0.0,0.0,0.0,0.0,0.0,0.0,0.0,0.0,0.0,0.0,0.0,0.0,0.0,0.0,0.0,0.0,0.0,0.0,0.0,0.0,0.0,0.0,0.0,0.0,0.0,0.0,0.0,0.0,0.0,0.0,0.0,0.0,0.0,0.0,0.0,0.0,0.0,0.0,0.0,0.0,0.0,0.0,0.0,0.0,0.0,0.0,0.0,0.0,0.0,0.0,0.0,0.0,0.0,0.0,0.0,0.0,0.0,0.0,0.0,0.0,0.0,0.0,0.0,0.0
1055,1.0,1055.0,London_303,cons,151,453,1092.0,70.0,2.0,131370.0,0.746694796718657,747.0,20.0,0.0,20.0,34.0,0.0,34.0,4.0,37.0,222.0,9.0,119.0,7.0,37.0,2.0,20.0,23.0,103.0,128.0,199.0,288.0,6.0,0.0,5.0,0.0,1.0,0.0,0.0,0.0,0.0,3.0,0.0,0.0,1.0,0.0,1.0,1.0,0.0,0.0,0.0,3.0,0.0,0.0,0.0,0.0,0.0,0.0,0.0,0.0,0.0,0.0,0.0,0.0,0.0,0.0,0.0,0.0,0.0,0.0,1.0,2.0,1.0,0.0,2.0,1.0,1.0,0.0,0.0,0.0,5.0,4.0,0.0,0.0,0.0,0.0,0.0,0.0,0.0,0.0,0.0,0.0,0.0,0.0,0.0,0.0,0.0,0.0,0.0,0.0,1.0,2.0,1.0,0.0,2.0,1.0,2.0,0.0,0.0,0.0,8.0,4.0
1056,1.0,1056.0,London_303,cons,151,453,1092.0,70.0,2.0,161721.0,1.3353945617564023,814.0,72.0,0.0,72.0,118.0,0.0,118.0,36.0,37.0,217.0,9.0,118.0,6.0,43.0,3.0,20.0,26.0,107.0,128.0,192.0,287.0,9.0,0.0,3.0,0.0,4.0,0.0,2.0,0.0,0.0,32.0,0.0,9.0,3.0,16.0,0.0,3.0,0.0,1.0,0.0,32.0,0.0,0.0,0.0,0.0,0.0,0.0,0.0,0.0,0.0,0.0,0.0,0.0,0.0,0.0,0.0,0.0,0.0,0.0,1.0,1.0,2.0,0.0,5.0,1.0,6.0,3.0,6.0,6.0,6.0,9.0,0.0,0.0,0.0,0.0,0.0,0.0,0.0,0.0,0.0,0.0,0.0,0.0,0.0,0.0,0.0,0.0,0.0,0.0,1.0,2.0,2.0,0.0,5.0,1.0,7.0,4.0,8.0,7.0,8.0,11.0
1057,1.0,1057.0,London_303,cons,151,453,1092.0,70.0,2.0,163080.0,1.083349654916674,817.0,132.0,0.0,132.0,218.0,0.0,218.0,82.0,37.0,220.0,10.0,114.0,9.0,40.0,3.0,20.0,28.0,112.0,128.0,185.0,288.0,10.0,0.0,7.0,0.0,3.0,0.0,0.0,0.0,0.0,81.0,4.0,28.0,9.0,26.0,0.0,8.0,1.0,5.0,0.0,81.0,0.0,0.0,0.0,0.0,0.0,0.0,0.0,0.0,0.0,0.0,0.0,0.0,0.0,0.0,0.0,0.0,0.0,0.0,3.0,3.0,1.0,0.0,3.0,4.0,3.0,4.0,3.0,13.0,17.0,10.0,0.0,0.0,0.0,0.0,0.0,0.0,0.0,0.0,0.0,0.0,0.0,0.0,0.0,0.0,0.0,0.0,0.0,0.0,3.0,3.0,1.0,0.0,3.0,6.0,3.0,4.0,4.0,15.0,19.0,11.0
1058,1.0,1058.0,London_303,cons,151,453,1092.0,70.0,2.0,144507.0,0.8680334039963782,776.0,133.0,2.0,131.0,230.0,17.0,213.0,106.0,31.0,220.0,9.0,120.0,14.0,39.0,4.0,16.0,31.0,101.0,141.0,180.0,290.0,0.0,0.0,0.0,0.0,0.0,0.0,0.0,0.0,0.0,73.0,3.0,30.0,5.0,24.0,0.0,4.0,0.0,7.0,1.0,72.0,0.0,0.0,0.0,0.0,0.0,0.0,0.0,0.0,0.0,0.0,0.0,0.0,0.0,1.0,0.0,0.0,0.0,0.0,5.0,2.0,4.0,2.0,3.0,4.0,1.0,3.0,4.0,16.0,14.0,16.0,0.0,0.0,0.0,0.0,0.0,0.0,0.0,0.0,0.0,0.0,0.0,0.0,0.0,2.0,0.0,0.0,0.0,0.0,6.0,3.0,5.0,4.0,3.0,5.0,1.0,4.0,4.0,21.0,17.0,19.0
1059,1.0,1059.0,London_303,cons,151,453,1092.0,70.0,2.0,113250.0,0.7233360391110182,707.0,34.0,0.0,34.0,56.0,0.0,56.0,113.0,38.0,212.0,13.0,123.0,10.0,35.0,4.0,18.0,30.0,111.0,119.0,193.0,295.0,1.0,0.0,0.0,0.0,0.0,0.0,1.0,0.0,0.0,9.0,0.0,2.0,0.0,5.0,0.0,1.0,0.0,1.0,0.0,9.0,0.0,0.0,0.0,0.0,0.0,0.0,0.0,0.0,0.0,0.0,0.0,0.0,0.0,0.0,0.0,0.0,0.0,0.0,1.0,0.0,2.0,0.0,2.0,8.0,2.0,0.0,7.0,3.0,8.0,8.0,0.0,0.0,0.0,0.0,0.0,0.0,0.0,0.0,0.0,0.0,0.0,0.0,0.0,0.0,0.0,0.0,0.0,0.0,1.0,0.0,2.0,0.0,2.0,11.0,3.0,0.0,10.0,4.0,13.0,10.0
1060,1.0,1060.0,London_303,cons,151,453,1092.0,70.0,2.0,139977.0,0.9644468920305371,766.0,21.0,0.0,21.0,35.0,0.0,35.0,47.0,37.0,216.0,11.0,126.0,7.0,35.0,3.0,18.0,30.0,114.0,126.0,183.0,299.0,7.0,0.0,6.0,0.0,1.0,0.0,0.0,0.0,0.0,5.0,0.0,2.0,0.0,1.0,0.0,0.0,0.0,2.0,0.0,5.0,0.0,0.0,0.0,0.0,0.0,0.0,0.0,0.0,0.0,0.0,0.0,0.0,0.0,0.0,0.0,0.0,0.0,0.0,2.0,1.0,0.0,0.0,0.0,1.0,0.0,0.0,2.0,4.0,1.0,3.0,0.0,0.0,0.0,0.0,0.0,0.0,0.0,0.0,0.0,0.0,0.0,0.0,0.0,0.0,0.0,0.0,0.0,0.0,2.0,1.0,0.0,0.0,0.0,1.0,0.0,0.0,3.0,7.0,1.0,4.0
1061,1.0,1061.0,London_303,cons,151,453,1092.0,70.0,2.0,170781.0,1.3237079908140004,834.0,137.0,1.0,136.0,258.0,8.0,250.0,34.0,40.0,212.0,13.0,125.0,8.0,35.0,3.0,17.0,31.0,113.0,130.0,179.0,293.0,6.0,0.0,6.0,0.0,0.0,0.0,0.0,0.0,0.0,87.0,2.0,37.0,8.0,23.0,1.0,7.0,2.0,7.0,0.0,87.0,0.0,0.0,0.0,0.0,0.0,0.0,0.0,0.0,0.0,0.0,0.0,0.0,0.0,0.0,1.0,0.0,0.0,0.0,2.0,4.0,2.0,2.0,5.0,3.0,7.0,1.0,6.0,12.0,18.0,14.0,0.0,0.0,0.0,0.0,0.0,0.0,0.0,0.0,0.0,0.0,0.0,0.0,0.0,0.0,1.0,0.0,0.0,0.0,2.0,5.0,2.0,2.0,5.0,3.0,8.0,1.0,7.0,19.0,28.0,17.0
1062,1.0,1062.0,London_303,cons,151,453,1092.0,70.0,2.0,149037.0,0.9194017229601741,786.0,59.0,2.0,57.0,120.0,17.0,103.0,121.0,41.0,205.0,16.0,126.0,8.0,36.0,2.0,19.0,32.0,104.0,136.0,181.0,289.0,13.0,0.0,7.0,0.0,4.0,0.0,1.0,0.0,1.0,15.0,0.0,0.0,1.0,13.0,0.0,0.0,0.0,1.0,1.0,14.0,0.0,0.0,0.0,0.0,0.0,0.0,0.0,0.0,0.0,0.0,0.0,0.0,0.0,1.0,1.0,0.0,0.0,0.0,1.0,5.0,1.0,0.0,4.0,7.0,2.0,6.0,9.0,5.0,18.0,9.0,0.0,0.0,0.0,0.0,0.0,0.0,0.0,0.0,0.0,0.0,0.0,0.0,0.0,1.0,2.0,0.0,0.0,0.0,1.0,5.0,1.0,0.0,4.0,12.0,3.0,9.0,10.0,6.0,22.0,12.0
1063,1.0,1063.0,London_303,cons,151,453,1092.0,70.0,2.0,163533.0,1.2854512738995254,818.0,73.0,2.0,71.0,143.0,18.0,125.0,109.0,45.0,206.0,11.0,117.0,11.0,41.0,2.0,20.0,24.0,117.0,132.0,180.0,277.0,7.0,0.0,4.0,0.0,3.0,0.0,0.0,0.0,0.0,31.0,0.0,10.0,3.0,14.0,0.0,2.0,0.0,2.0,1.0,30.0,0.0,0.0,0.0,0.0,0.0,0.0,0.0,0.0,0.0,0.0,0.0,0.0,0.0,1.0,0.0,0.0,0.0,0.0,1.0,4.0,2.0,0.0,6.0,5.0,3.0,5.0,7.0,11.0,13.0,11.0,0.0,0.0,0.0,0.0,0.0,0.0,0.0,0.0,0.0,0.0,0.0,0.0,0.0,6.0,0.0,0.0,0.0,0.0,1.0,4.0,2.0,0.0,7.0,6.0,3.0,5.0,8.0,17.0,16.0,13.0
1064,1.0,1064.0,London_303,cons,151,453,1092.0,70.0,2.0,168516.0,1.0923285437747836,829.0,111.0,0.0,111.0,201.0,0.0,201.0,102.0,56.0,204.0,15.0,113.0,11.0,31.0,3.0,20.0,26.0,109.0,130.0,188.0,262.0,9.0,0.0,7.0,0.0,1.0,0.0,0.0,0.0,1.0,55.0,0.0,18.0,1.0,27.0,0.0,3.0,1.0,5.0,0.0,55.0,0.0,0.0,0.0,0.0,0.0,0.0,0.0,0.0,0.0,0.0,0.0,0.0,0.0,0.0,0.0,0.0,0.0,0.0,1.0,2.0,3.0,3.0,1.0,5.0,1.0,0.0,5.0,8.0,15.0,12.0,0.0,0.0,0.0,0.0,0.0,0.0,0.0,0.0,0.0,0.0,0.0,0.0,0.0,0.0,0.0,0.0,0.0,0.0,1.0,3.0,3.0,4.0,1.0,7.0,1.0,0.0,6.0,10.0,18.0,15.0
1065,1.0,1065.0,London_303,cons,151,453,1092.0,70.0,2.0,155832.0,0.9837717600166798,801.0,84.0,2.0,82.0,167.0,22.0,145.0,110.0,54.0,198.0,17.0,123.0,9.0,30.0,3.0,19.0,27.0,93.0,142.0,191.0,267.0,3.0,0.0,3.0,0.0,0.0,0.0,0.0,0.0,0.0,41.0,1.0,15.0,0.0,22.0,0.0,2.0,1.0,0.0,1.0,40.0,0.0,0.0,0.0,0.0,0.0,0.0,0.0,0.0,0.0,0.0,0.0,0.0,0.0,0.0,0.0,0.0,0.0,0.0,4.0,1.0,1.0,1.0,3.0,5.0,2.0,3.0,11.0,13.0,8.0,10.0,0.0,0.0,0.0,0.0,0.0,0.0,0.0,0.0,0.0,0.0,0.0,0.0,0.0,0.0,0.0,0.0,0.0,0.0,4.0,1.0,1.0,1.0,3.0,6.0,2.0,3.0,13.0,15.0,8.0,12.0
1066,1.0,1066.0,London_303,cons,151,453,1092.0,70.0,2.0,149490.0,1.2741273948922753,787.0,129.0,0.0,129.0,220.0,0.0,220.0,96.0,63.0,181.0,21.0,118.0,11.0,34.0,4.0,21.0,23.0,91.0,136.0,203.0,253.0,11.0,0.0,6.0,0.0,3.0,0.0,0.0,0.0,2.0,70.0,0.0,36.0,3.0,25.0,0.0,4.0,0.0,2.0,0.0,70.0,0.0,0.0,0.0,0.0,0.0,0.0,0.0,0.0,0.0,0.0,0.0,0.0,0.0,0.0,0.0,0.0,0.0,0.0,3.0,2.0,0.0,0.0,7.0,6.0,2.0,3.0,11.0,12.0,17.0,7.0,0.0,0.0,0.0,0.0,0.0,0.0,0.0,0.0,0.0,0.0,0.0,0.0,0.0,0.0,0.0,0.0,0.0,0.0,3.0,2.0,0.0,0.0,7.0,8.0,2.0,3.0,13.0,16.0,24.0,8.0
1067,1.0,1067.0,London_303,cons,151,453,1092.0,70.0,2.0,128652.0,1.19581529032439,741.0,65.0,0.0,65.0,124.0,0.0,124.0,120.0,63.0,177.0,10.0,126.0,13.0,43.0,4.0,17.0,21.0,89.0,140.0,203.0,250.0,7.0,0.0,4.0,0.0,3.0,0.0,0.0,0.0,0.0,32.0,0.0,16.0,3.0,11.0,0.0,0.0,0.0,2.0,0.0,32.0,0.0,0.0,0.0,0.0,0.0,0.0,0.0,0.0,0.0,0.0,0.0,0.0,0.0,0.0,0.0,0.0,0.0,0.0,3.0,5.0,3.0,0.0,4.0,8.0,2.0,5.0,3.0,10.0,12.0,10.0,0.0,0.0,0.0,0.0,0.0,0.0,0.0,0.0,0.0,0.0,0.0,0.0,0.0,0.0,0.0,0.0,0.0,0.0,5.0,8.0,3.0,0.0,4.0,9.0,4.0,7.0,3.0,13.0,17.0,11.0
1068,1.0,1068.0,London_303,cons,151,453,1092.0,70.0,2.0,132276.0,0.7101403051055968,749.0,77.0,2.0,75.0,159.0,19.0,140.0,85.0,72.0,178.0,6.0,120.0,14.0,41.0,6.0,16.0,21.0,95.0,142.0,195.0,249.0,2.0,0.0,0.0,0.0,2.0,0.0,0.0,0.0,0.0,42.0,1.0,18.0,4.0,17.0,0.0,0.0,0.0,2.0,1.0,41.0,0.0,0.0,0.0,0.0,0.0,0.0,0.0,0.0,0.0,0.0,0.0,0.0,1.0,0.0,1.0,0.0,0.0,0.0,1.0,5.0,0.0,0.0,0.0,4.0,7.0,2.0,5.0,9.0,15.0,7.0,0.0,0.0,0.0,0.0,0.0,0.0,0.0,0.0,0.0,0.0,0.0,0.0,3.0,0.0,2.0,0.0,0.0,0.0,1.0,5.0,0.0,0.0,0.0,5.0,8.0,3.0,7.0,11.0,25.0,11.0
1069,1.0,1069.0,London_303,cons,151,453,1092.0,70.0,2.0,119139.0,0.7535123913548887,720.0,20.0,2.0,18.0,48.0,17.0,31.0,89.0,72.0,179.0,8.0,114.0,13.0,45.0,6.0,16.0,20.0,102.0,130.0,201.0,250.0,11.0,0.0,8.0,0.0,3.0,0.0,0.0,0.0,0.0,6.0,0.0,4.0,1.0,0.0,0.0,1.0,0.0,0.0,1.0,5.0,0.0,0.0,0.0,0.0,0.0,0.0,0.0,0.0,0.0,0.0,0.0,0.0,0.0,1.0,2.0,0.0,0.0,0.0,0.0,0.0,0.0,0.0,0.0,2.0,2.0,0.0,0.0,2.0,5.0,3.0,0.0,0.0,0.0,0.0,0.0,0.0,0.0,0.0,0.0,0.0,0.0,0.0,0.0,9.0,7.0,0.0,0.0,0.0,0.0,0.0,0.0,0.0,0.0,3.0,3.0,0.0,0.0,2.0,7.0,3.0
1070,1.0,1070.0,London_303,cons,151,453,1092.0,70.0,2.0,144960.0,0.8521886523813009,777.0,79.0,0.0,79.0,139.0,0.0,139.0,46.0,75.0,180.0,10.0,112.0,11.0,41.0,6.0,18.0,17.0,106.0,128.0,202.0,233.0,1.0,0.0,1.0,0.0,0.0,0.0,0.0,0.0,0.0,40.0,1.0,7.0,2.0,24.0,0.0,6.0,0.0,0.0,0.0,40.0,0.0,0.0,0.0,0.0,0.0,0.0,0.0,0.0,0.0,0.0,0.0,0.0,0.0,0.0,0.0,0.0,0.0,0.0,3.0,2.0,1.0,1.0,0.0,5.0,5.0,2.0,5.0,8.0,11.0,9.0,0.0,0.0,0.0,0.0,0.0,0.0,0.0,0.0,0.0,0.0,0.0,0.0,0.0,0.0,0.0,0.0,0.0,0.0,3.0,2.0,1.0,1.0,0.0,5.0,5.0,3.0,9.0,9.0,18.0,13.0
1071,1.0,1071.0,London_303,cons,151,453,1092.0,70.0,2.0,148584.0,1.1094936528243124,785.0,121.0,0.0,121.0,215.0,0.0,215.0,78.0,71.0,178.0,14.0,116.0,12.0,38.0,6.0,18.0,20.0,106.0,121.0,206.0,240.0,9.0,0.0,6.0,0.0,1.0,0.0,0.0,0.0,2.0,65.0,4.0,26.0,1.0,27.0,0.0,4.0,1.0,2.0,0.0,65.0,0.0,0.0,0.0,0.0,0.0,0.0,0.0,0.0,0.0,0.0,0.0,0.0,0.0,0.0,0.0,0.0,0.0,0.0,3.0,4.0,1.0,2.0,6.0,6.0,4.0,1.0,7.0,8.0,18.0,10.0,0.0,0.0,0.0,0.0,0.0,0.0,0.0,0.0,0.0,0.0,0.0,0.0,0.0,0.0,0.0,0.0,0.0,0.0,3.0,5.0,1.0,2.0,6.0,8.0,4.0,1.0,8.0,11.0,21.0,13.0
1072,1.0,1072.0,London_303,cons,151,453,1092.0,70.0,2.0,126387.0,0.6881742840632796,736.0,76.0,0.0,76.0,131.0,0.0,131.0,126.0,63.0,182.0,14.0,121.0,13.0,39.0,6.0,15.0,22.0,102.0,116.0,213.0,240.0,11.0,0.0,6.0,0.0,5.0,0.0,0.0,0.0,0.0,20.0,0.0,5.0,2.0,7.0,0.0,1.0,0.0,5.0,0.0,20.0,0.0,0.0,0.0,0.0,0.0,0.0,0.0,0.0,0.0,0.0,0.0,0.0,0.0,0.0,0.0,0.0,0.0,0.0,1.0,7.0,3.0,0.0,3.0,6.0,3.0,4.0,9.0,10.0,10.0,12.0,0.0,0.0,0.0,0.0,0.0,0.0,0.0,0.0,0.0,0.0,0.0,0.0,0.0,0.0,0.0,0.0,0.0,0.0,1.0,8.0,4.0,0.0,3.0,9.0,3.0,5.0,11.0,15.0,14.0,17.0
1073,1.0,1073.0,London_303,cons,151,453,1092.0,70.0,2.0,129105.0,0.7448110287077725,742.0,71.0,2.0,69.0,143.0,19.0,124.0,106.0,61.0,173.0,14.0,124.0,13.0,47.0,6.0,15.0,23.0,106.0,121.0,203.0,243.0,5.0,0.0,3.0,0.0,1.0,0.0,1.0,0.0,0.0,23.0,0.0,6.0,1.0,15.0,0.0,1.0,0.0,0.0,1.0,22.0,0.0,0.0,0.0,0.0,0.0,0.0,0.0,0.0,0.0,0.0,0.0,0.0,0.0,0.0,1.0,0.0,0.0,0.0,2.0,2.0,3.0,0.0,3.0,6.0,6.0,4.0,5.0,13.0,11.0,11.0,0.0,0.0,0.0,0.0,0.0,0.0,0.0,0.0,0.0,0.0,0.0,0.0,0.0,0.0,1.0,0.0,0.0,0.0,2.0,3.0,3.0,0.0,3.0,8.0,7.0,6.0,8.0,16.0,13.0,17.0
1074,1.0,1074.0,London_303,cons,151,453,1092.0,70.0,2.0,136806.0,0.8703523799777031,759.0,39.0,2.0,37.0,78.0,18.0,60.0,105.0,68.0,181.0,10.0,116.0,14.0,42.0,6.0,16.0,21.0,111.0,124.0,197.0,238.0,9.0,0.0,5.0,0.0,2.0,0.0,1.0,0.0,1.0,12.0,0.0,6.0,0.0,1.0,1.0,3.0,0.0,1.0,2.0,10.0,0.0,0.0,0.0,0.0,0.0,0.0,0.0,0.0,0.0,0.0,0.0,1.0,0.0,1.0,1.0,0.0,0.0,0.0,1.0,0.0,2.0,2.0,1.0,8.0,0.0,2.0,9.0,4.0,4.0,7.0,0.0,0.0,0.0,0.0,0.0,0.0,0.0,0.0,0.0,0.0,0.0,1.0,0.0,3.0,1.0,0.0,0.0,0.0,1.0,0.0,2.0,3.0,1.0,13.0,0.0,4.0,11.0,5.0,4.0,8.0
1075,1.0,1075.0,London_303,cons,151,453,1092.0,70.0,2.0,167157.0,0.9449994210153818,826.0,29.0,2.0,27.0,64.0,15.0,49.0,62.0,79.0,177.0,9.0,115.0,11.0,41.0,7.0,14.0,21.0,111.0,132.0,189.0,231.0,7.0,0.0,2.0,0.0,3.0,0.0,0.0,0.0,2.0,6.0,1.0,1.0,1.0,1.0,1.0,0.0,0.0,1.0,2.0,4.0,0.0,0.0,0.0,0.0,0.0,0.0,0.0,0.0,0.0,0.0,0.0,1.0,2.0,0.0,1.0,0.0,0.0,0.0,0.0,2.0,5.0,0.0,2.0,0.0,0.0,0.0,2.0,6.0,4.0,7.0,0.0,0.0,0.0,0.0,0.0,0.0,0.0,0.0,0.0,0.0,0.0,1.0,2.0,0.0,1.0,0.0,0.0,0.0,0.0,2.0,5.0,0.0,2.0,0.0,0.0,0.0,3.0,7.0,5.0,9.0
1076,1.0,1076.0,London_303,cons,151,453,1092.0,70.0,2.0,187089.0,1.1116283391602337,870.0,133.0,0.0,133.0,219.0,0.0,219.0,53.0,78.0,181.0,9.0,111.0,9.0,47.0,6.0,12.0,22.0,105.0,139.0,187.0,226.0,7.0,0.0,5.0,0.0,2.0,0.0,0.0,0.0,0.0,73.0,0.0,28.0,5.0,35.0,0.0,1.0,0.0,4.0,0.0,73.0,0.0,0.0,0.0,0.0,0.0,0.0,0.0,0.0,0.0,0.0,0.0,0.0,0.0,0.0,0.0,0.0,0.0,0.0,2.0,2.0,4.0,0.0,3.0,4.0,4.0,5.0,4.0,17.0,12.0,9.0,0.0,0.0,0.0,0.0,0.0,0.0,0.0,0.0,0.0,0.0,0.0,0.0,0.0,0.0,0.0,0.0,0.0,0.0,2.0,2.0,4.0,0.0,3.0,4.0,4.0,6.0,5.0,21.0,15.0,11.0
1077,1.0,1077.0,London_303,cons,151,453,1092.0,70.0,2.0,157644.0,0.8554359348490834,805.0,115.0,1.0,114.0,212.0,10.0,202.0,119.0,76.0,182.0,3.0,116.0,9.0,51.0,4.0,12.0,28.0,96.0,136.0,193.0,224.0,0.0,0.0,0.0,0.0,0.0,0.0,0.0,0.0,0.0,70.0,0.0,21.0,10.0,28.0,0.0,6.0,1.0,4.0,0.0,70.0,0.0,0.0,0.0,0.0,0.0,0.0,0.0,0.0,0.0,0.0,0.0,0.0,0.0,1.0,1.0,0.0,0.0,0.0,2.0,1.0,6.0,0.0,2.0,4.0,6.0,2.0,8.0,10.0,11.0,11.0,0.0,0.0,0.0,0.0,0.0,0.0,0.0,0.0,0.0,0.0,0.0,0.0,0.0,8.0,3.0,0.0,0.0,0.0,2.0,1.0,6.0,0.0,2.0,5.0,7.0,4.0,11.0,14.0,17.0,13.0
1078,1.0,1078.0,London_303,cons,151,453,1092.0,70.0,2.0,148584.0,0.8242065380327404,785.0,83.0,2.0,81.0,159.0,18.0,141.0,105.0,82.0,192.0,8.0,110.0,13.0,34.0,3.0,11.0,31.0,98.0,141.0,183.0,230.0,8.0,0.0,4.0,0.0,4.0,0.0,0.0,0.0,0.0,39.0,2.0,5.0,5.0,23.0,0.0,3.0,0.0,1.0,1.0,38.0,0.0,0.0,0.0,0.0,0.0,0.0,0.0,0.0,0.0,0.0,0.0,0.0,0.0,2.0,1.0,0.0,0.0,0.0,3.0,0.0,3.0,2.0,0.0,4.0,2.0,4.0,9.0,7.0,8.0,9.0,0.0,0.0,0.0,0.0,0.0,0.0,0.0,0.0,0.0,0.0,0.0,0.0,0.0,10.0,2.0,0.0,0.0,0.0,3.0,0.0,4.0,2.0,0.0,7.0,2.0,5.0,11.0,10.0,10.0,9.0
1079,1.0,1079.0,London_303,cons,151,453,1092.0,70.0,2.0,149490.0,1.5318803531117737,787.0,118.0,3.0,115.0,253.0,24.0,229.0,106.0,84.0,195.0,9.0,105.0,10.0,31.0,3.0,16.0,24.0,96.0,137.0,196.0,228.0,9.0,0.0,6.0,0.0,1.0,0.0,2.0,0.0,0.0,78.0,2.0,22.0,5.0,43.0,0.0,2.0,0.0,4.0,3.0,75.0,0.0,0.0,0.0,0.0,0.0,0.0,0.0,0.0,0.0,0.0,0.0,1.0,0.0,0.0,2.0,0.0,0.0,0.0,0.0,1.0,0.0,0.0,5.0,4.0,1.0,7.0,12.0,12.0,18.0,9.0,0.0,0.0,0.0,0.0,0.0,0.0,0.0,0.0,0.0,0.0,0.0,1.0,0.0,0.0,3.0,0.0,0.0,0.0,0.0,1.0,0.0,0.0,5.0,7.0,1.0,10.0,14.0,23.0,22.0,9.0
1080,1.0,1080.0,London_303,cons,151,453,1092.0,70.0,2.0,136806.0,0.7618523202836514,759.0,7.0,0.0,7.0,16.0,0.0,16.0,125.0,86.0,192.0,13.0,103.0,7.0,35.0,3.0,14.0,19.0,92.0,138.0,204.0,224.0,2.0,0.0,2.0,0.0,0.0,0.0,0.0,0.0,0.0,2.0,0.0,0.0,0.0,1.0,0.0,0.0,0.0,1.0,0.0,2.0,0.0,0.0,0.0,0.0,0.0,0.0,0.0,0.0,0.0,0.0,0.0,0.0,0.0,0.0,0.0,0.0,0.0,0.0,0.0,2.0,0.0,0.0,0.0,1.0,2.0,0.0,1.0,1.0,3.0,1.0,0.0,0.0,0.0,0.0,0.0,0.0,0.0,0.0,0.0,0.0,0.0,0.0,0.0,0.0,0.0,0.0,0.0,0.0,0.0,5.0,0.0,0.0,0.0,1.0,3.0,0.0,2.0,2.0,4.0,2.0
1081,1.0,1081.0,London_303,cons,151,453,1092.0,70.0,2.0,176217.0,1.238995173946023,846.0,165.0,0.0,165.0,287.0,0.0,287.0,15.0,88.0,194.0,16.0,97.0,9.0,32.0,3.0,14.0,20.0,90.0,141.0,202.0,225.0,0.0,0.0,0.0,0.0,0.0,0.0,0.0,0.0,0.0,98.0,4.0,38.0,4.0,43.0,0.0,4.0,0.0,5.0,0.0,98.0,0.0,0.0,0.0,0.0,0.0,0.0,0.0,0.0,0.0,0.0,0.0,0.0,0.0,0.0,0.0,0.0,0.0,0.0,0.0,2.0,2.0,1.0,3.0,5.0,9.0,3.0,7.0,9.0,20.0,10.0,0.0,0.0,0.0,0.0,0.0,0.0,0.0,0.0,0.0,0.0,0.0,0.0,0.0,0.0,0.0,0.0,0.0,0.0,0.0,2.0,2.0,1.0,3.0,9.0,11.0,3.0,10.0,14.0,30.0,13.0
1082,1.0,1082.0,London_303,cons,151,453,1092.0,70.0,2.0,138165.0,0.773498659953475,762.0,4.0,0.0,4.0,6.0,0.0,6.0,121.0,86.0,191.0,17.0,102.0,12.0,27.0,3.0,15.0,23.0,90.0,144.0,196.0,234.0,1.0,0.0,1.0,0.0,0.0,0.0,0.0,0.0,0.0,1.0,0.0,0.0,0.0,0.0,0.0,0.0,0.0,1.0,0.0,1.0,0.0,0.0,0.0,0.0,0.0,0.0,0.0,0.0,0.0,0.0,0.0,0.0,0.0,0.0,0.0,0.0,0.0,0.0,1.0,1.0,0.0,0.0,0.0,0.0,1.0,0.0,0.0,0.0,1.0,0.0,0.0,0.0,0.0,0.0,0.0,0.0,0.0,0.0,0.0,0.0,0.0,0.0,0.0,0.0,0.0,0.0,0.0,0.0,1.0,2.0,0.0,0.0,0.0,0.0,1.0,0.0,0.0,0.0,1.0,0.0
1083,1.0,1083.0,London_303,cons,151,453,1092.0,70.0,2.0,179841.0,1.4468873110599816,854.0,71.0,2.0,69.0,137.0,18.0,119.0,6.0,87.0,192.0,18.0,101.0,11.0,26.0,3.0,15.0,23.0,90.0,143.0,197.0,234.0,6.0,0.0,5.0,0.0,1.0,0.0,0.0,0.0,0.0,24.0,0.0,8.0,1.0,8.0,0.0,5.0,0.0,2.0,2.0,22.0,0.0,0.0,0.0,0.0,0.0,0.0,0.0,0.0,0.0,0.0,0.0,0.0,0.0,0.0,0.0,0.0,0.0,0.0,4.0,1.0,3.0,1.0,4.0,7.0,4.0,3.0,6.0,10.0,14.0,10.0,0.0,0.0,0.0,0.0,0.0,0.0,0.0,0.0,0.0,0.0,0.0,0.0,0.0,0.0,0.0,0.0,0.0,0.0,4.0,1.0,3.0,1.0,4.0,8.0,4.0,3.0,8.0,14.0,17.0,14.0
1084,1.0,1084.0,London_303,cons,151,453,1092.0,70.0,2.0,181653.0,1.1993170068599284,858.0,120.0,0.0,120.0,202.0,0.0,202.0,100.0,94.0,192.0,11.0,101.0,8.0,27.0,3.0,17.0,22.0,96.0,139.0,196.0,234.0,6.0,1.0,3.0,0.0,2.0,0.0,0.0,0.0,0.0,69.0,0.0,33.0,5.0,22.0,0.0,7.0,0.0,2.0,0.0,69.0,0.0,0.0,0.0,0.0,0.0,0.0,0.0,0.0,0.0,0.0,0.0,0.0,0.0,0.0,0.0,0.0,0.0,0.0,1.0,4.0,1.0,1.0,5.0,1.0,6.0,2.0,3.0,15.0,16.0,11.0,0.0,0.0,0.0,0.0,0.0,0.0,0.0,0.0,0.0,0.0,0.0,0.0,0.0,0.0,0.0,0.0,0.0,0.0,1.0,4.0,1.0,1.0,5.0,1.0,8.0,2.0,3.0,18.0,19.0,11.0
1085,1.0,1085.0,London_303,cons,151,453,1092.0,70.0,2.0,165798.0,1.053518031258136,823.0,91.0,2.0,89.0,170.0,17.0,153.0,98.0,104.0,194.0,2.0,100.0,10.0,22.0,3.0,18.0,23.0,87.0,149.0,194.0,240.0,7.0,0.0,4.0,0.0,1.0,0.0,0.0,0.0,2.0,56.0,0.0,17.0,4.0,30.0,1.0,2.0,0.0,2.0,2.0,54.0,0.0,0.0,0.0,0.0,0.0,0.0,0.0,0.0,0.0,1.0,0.0,0.0,0.0,0.0,0.0,0.0,0.0,0.0,2.0,1.0,0.0,0.0,3.0,3.0,2.0,5.0,3.0,8.0,11.0,10.0,0.0,0.0,0.0,0.0,0.0,0.0,0.0,0.0,0.0,1.0,0.0,0.0,0.0,0.0,0.0,0.0,0.0,0.0,2.0,2.0,0.0,0.0,3.0,3.0,2.0,5.0,3.0,10.0,14.0,12.0
1086,1.0,1086.0,London_303,cons,151,453,1092.0,70.0,2.0,164439.0,0.9827203648164868,820.0,78.0,2.0,76.0,157.0,21.0,136.0,74.0,98.0,192.0,6.0,102.0,10.0,24.0,4.0,17.0,25.0,85.0,145.0,198.0,236.0,5.0,0.0,3.0,0.0,2.0,0.0,0.0,0.0,0.0,34.0,0.0,16.0,1.0,13.0,1.0,1.0,1.0,1.0,2.0,32.0,0.0,0.0,0.0,0.0,0.0,0.0,0.0,0.0,0.0,0.0,0.0,0.0,1.0,0.0,1.0,0.0,0.0,0.0,0.0,1.0,1.0,0.0,4.0,6.0,3.0,0.0,5.0,5.0,14.0,8.0,0.0,0.0,0.0,0.0,0.0,0.0,0.0,0.0,0.0,0.0,0.0,0.0,1.0,0.0,1.0,0.0,0.0,0.0,0.0,1.0,1.0,0.0,4.0,6.0,3.0,0.0,6.0,7.0,18.0,11.0
1087,1.0,1087.0,London_303,cons,151,453,1092.0,70.0,2.0,160362.0,1.3037886559031904,811.0,158.0,2.0,156.0,286.0,17.0,269.0,86.0,102.0,187.0,5.0,103.0,10.0,26.0,3.0,17.0,25.0,92.0,149.0,187.0,233.0,5.0,0.0,4.0,0.0,1.0,0.0,0.0,0.0,0.0,104.0,1.0,40.0,8.0,43.0,1.0,8.0,0.0,3.0,1.0,103.0,0.0,0.0,0.0,0.0,0.0,0.0,0.0,0.0,0.0,0.0,0.0,0.0,0.0,0.0,1.0,0.0,0.0,0.0,1.0,2.0,1.0,1.0,2.0,3.0,3.0,4.0,6.0,10.0,14.0,3.0,0.0,0.0,0.0,0.0,0.0,0.0,0.0,0.0,0.0,0.0,0.0,0.0,0.0,0.0,8.0,0.0,0.0,0.0,1.0,3.0,1.0,1.0,2.0,3.0,4.0,5.0,7.0,13.0,20.0,3.0
1088,1.0,1088.0,London_303,cons,151,453,1092.0,70.0,2.0,130011.0,0.7313643312081695,744.0,24.0,0.0,24.0,41.0,0.0,41.0,115.0,103.0,204.0,11.0,78.0,11.0,24.0,3.0,19.0,19.0,96.0,149.0,189.0,220.0,12.0,0.0,5.0,0.0,6.0,0.0,0.0,0.0,1.0,5.0,0.0,0.0,0.0,3.0,0.0,2.0,0.0,0.0,0.0,5.0,0.0,0.0,0.0,0.0,0.0,0.0,0.0,0.0,0.0,0.0,0.0,0.0,0.0,0.0,0.0,0.0,0.0,0.0,1.0,0.0,0.0,0.0,2.0,5.0,2.0,1.0,4.0,5.0,4.0,4.0,0.0,0.0,0.0,0.0,0.0,0.0,0.0,0.0,0.0,0.0,0.0,0.0,0.0,0.0,0.0,0.0,0.0,0.0,1.0,0.0,0.0,0.0,2.0,5.0,2.0,1.0,4.0,9.0,6.0,6.0
1089,1.0,1089.0,London_303,cons,151,453,1092.0,70.0,2.0,156738.0,0.9585905349813402,803.0,120.0,0.0,120.0,207.0,0.0,207.0,46.0,108.0,205.0,10.0,69.0,12.0,27.0,3.0,19.0,18.0,100.0,153.0,182.0,213.0,1.0,0.0,1.0,0.0,0.0,0.0,0.0,0.0,0.0,74.0,1.0,16.0,6.0,45.0,0.0,4.0,0.0,2.0,0.0,74.0,0.0,0.0,0.0,0.0,0.0,0.0,0.0,0.0,0.0,0.0,0.0,0.0,0.0,0.0,0.0,0.0,0.0,0.0,0.0,0.0,3.0,0.0,5.0,2.0,0.0,5.0,3.0,11.0,12.0,6.0,0.0,0.0,0.0,0.0,0.0,0.0,0.0,0.0,0.0,0.0,0.0,0.0,0.0,0.0,0.0,0.0,0.0,0.0,0.0,0.0,4.0,0.0,5.0,2.0,0.0,7.0,4.0,14.0,20.0,8.0
1090,1.0,1090.0,London_303,cons,151,453,1092.0,70.0,2.0,134994.0,0.756827874109149,755.0,7.0,0.0,7.0,12.0,0.0,12.0,82.0,113.0,197.0,5.0,73.0,11.0,33.0,4.0,17.0,20.0,94.0,152.0,187.0,218.0,1.0,0.0,1.0,0.0,0.0,0.0,0.0,0.0,0.0,1.0,0.0,0.0,0.0,1.0,0.0,0.0,0.0,0.0,0.0,1.0,0.0,0.0,0.0,0.0,0.0,0.0,0.0,0.0,0.0,0.0,0.0,0.0,0.0,0.0,0.0,0.0,0.0,0.0,0.0,0.0,0.0,0.0,0.0,1.0,1.0,0.0,0.0,0.0,3.0,0.0,0.0,0.0,0.0,0.0,0.0,0.0,0.0,0.0,0.0,0.0,0.0,0.0,0.0,0.0,0.0,0.0,0.0,0.0,0.0,0.0,0.0,0.0,0.0,1.0,2.0,0.0,0.0,0.0,5.0,0.0
1091,1.0,1091.0,London_303,cons,151,453,1092.0,70.0,2.0,178482.0,1.067897941917181,851.0,110.0,0.0,110.0,182.0,0.0,182.0,12.0,114.0,194.0,5.0,73.0,12.0,34.0,4.0,17.0,21.0,95.0,149.0,188.0,219.0,4.0,0.0,2.0,0.0,2.0,0.0,0.0,0.0,0.0,65.0,1.0,20.0,8.0,28.0,0.0,6.0,0.0,2.0,0.0,65.0,0.0,0.0,0.0,0.0,0.0,0.0,0.0,0.0,0.0,0.0,0.0,0.0,0.0,0.0,0.0,0.0,0.0,0.0,2.0,4.0,3.0,1.0,2.0,7.0,4.0,1.0,4.0,11.0,8.0,15.0,0.0,0.0,0.0,0.0,0.0,0.0,0.0,0.0,0.0,0.0,0.0,0.0,0.0,0.0,0.0,0.0,0.0,0.0,2.0,4.0,3.0,1.0,2.0,7.0,5.0,3.0,4.0,13.0,9.0,15.0
1092,1.0,1092.0,London_303,cons,151,453,1092.0,70.0,2.0,168969.0,1.1362865138798952,830.0,96.0,1.0,95.0,174.0,9.0,165.0,87.0,116.0,185.0,8.0,84.0,10.0,29.0,5.0,16.0,22.0,97.0,136.0,198.0,225.0,5.0,0.0,2.0,0.0,1.0,1.0,1.0,0.0,0.0,50.0,1.0,24.0,2.0,19.0,1.0,1.0,1.0,1.0,1.0,49.0,0.0,0.0,0.0,0.0,0.0,0.0,0.0,0.0,0.0,0.0,0.0,0.0,1.0,0.0,0.0,0.0,0.0,0.0,2.0,2.0,0.0,0.0,0.0,4.0,3.0,2.0,4.0,10.0,13.0,11.0,0.0,0.0,0.0,0.0,0.0,0.0,0.0,0.0,0.0,0.0,0.0,0.0,2.0,0.0,0.0,0.0,0.0,0.0,2.0,2.0,0.0,0.0,0.0,4.0,3.0,2.0,4.0,12.0,18.0,14.0
1093,1.0,1093.0,London_303,cons,151,453,1092.0,70.0,2.0,169422.0,0.8760442342609167,831.0,33.0,2.0,31.0,70.0,19.0,51.0,86.0,114.0,193.0,9.0,75.0,11.0,31.0,3.0,17.0,21.0,98.0,142.0,192.0,233.0,7.0,2.0,5.0,0.0,0.0,0.0,0.0,0.0,0.0,11.0,0.0,1.0,1.0,6.0,0.0,3.0,0.0,0.0,2.0,9.0,0.0,0.0,0.0,0.0,0.0,0.0,0.0,0.0,0.0,0.0,0.0,0.0,0.0,1.0,2.0,0.0,0.0,0.0,1.0,3.0,0.0,1.0,1.0,1.0,4.0,0.0,4.0,6.0,2.0,6.0,0.0,0.0,0.0,0.0,0.0,0.0,0.0,0.0,0.0,0.0,0.0,0.0,0.0,1.0,6.0,0.0,0.0,0.0,1.0,4.0,0.0,2.0,1.0,1.0,4.0,0.0,4.0,9.0,2.0,8.0
1094,1.0,1094.0,London_303,cons,151,453,1092.0,70.0,2.0,188901.0,1.0871922569349408,874.0,158.0,2.0,156.0,295.0,18.0,277.0,54.0,115.0,195.0,9.0,77.0,7.0,28.0,4.0,18.0,20.0,101.0,132.0,200.0,225.0,2.0,0.0,1.0,0.0,0.0,0.0,0.0,0.0,1.0,101.0,1.0,32.0,9.0,46.0,1.0,9.0,1.0,2.0,2.0,99.0,0.0,0.0,0.0,0.0,0.0,0.0,0.0,0.0,0.0,0.0,0.0,0.0,0.0,0.0,1.0,0.0,0.0,0.0,2.0,1.0,1.0,0.0,2.0,4.0,6.0,3.0,7.0,18.0,17.0,14.0,0.0,0.0,0.0,0.0,0.0,0.0,0.0,0.0,0.0,0.0,0.0,0.0,0.0,0.0,2.0,0.0,0.0,0.0,2.0,2.0,1.0,0.0,2.0,5.0,8.0,3.0,9.0,24.0,20.0,14.0
1095,1.0,1095.0,London_303,cons,151,453,1092.0,70.0,2.0,160815.0,0.9581635473296046,812.0,107.0,1.0,106.0,185.0,9.0,176.0,119.0,119.0,190.0,8.0,82.0,7.0,29.0,1.0,17.0,20.0,94.0,124.0,215.0,231.0,2.0,0.0,2.0,0.0,0.0,0.0,0.0,0.0,0.0,63.0,2.0,29.0,4.0,20.0,0.0,8.0,0.0,0.0,0.0,63.0,0.0,0.0,0.0,0.0,0.0,0.0,0.0,0.0,0.0,0.0,0.0,0.0,0.0,0.0,1.0,0.0,0.0,0.0,8.0,4.0,4.0,3.0,3.0,3.0,6.0,3.0,3.0,9.0,16.0,12.0,0.0,0.0,0.0,0.0,0.0,0.0,0.0,0.0,0.0,0.0,0.0,0.0,0.0,0.0,6.0,0.0,0.0,0.0,8.0,4.0,4.0,5.0,3.0,5.0,7.0,3.0,3.0,11.0,19.0,14.0
1096,1.0,1096.0,London_303,cons,151,453,1092.0,70.0,2.0,145866.0,0.9746805904433131,779.0,130.0,0.0,130.0,222.0,0.0,222.0,98.0,125.0,200.0,8.0,63.0,7.0,32.0,1.0,17.0,18.0,95.0,120.0,220.0,231.0,6.0,0.0,4.0,0.0,2.0,0.0,0.0,0.0,0.0,84.0,0.0,31.0,7.0,36.0,1.0,6.0,0.0,3.0,0.0,84.0,0.0,0.0,0.0,0.0,0.0,0.0,0.0,0.0,0.0,0.0,0.0,0.0,0.0,0.0,0.0,0.0,0.0,0.0,1.0,2.0,0.0,2.0,3.0,6.0,4.0,4.0,7.0,8.0,12.0,7.0,0.0,0.0,0.0,0.0,0.0,0.0,0.0,0.0,0.0,0.0,0.0,0.0,0.0,0.0,0.0,0.0,0.0,0.0,2.0,3.0,0.0,3.0,3.0,9.0,4.0,5.0,7.0,9.0,17.0,10.0
1097,1.0,1097.0,London_303,cons,151,453,1092.0,70.0,2.0,117780.0,0.9919056999497116,717.0,54.0,0.0,54.0,88.0,0.0,88.0,92.0,119.0,194.0,10.0,68.0,10.0,35.0,2.0,15.0,20.0,93.0,119.0,221.0,232.0,5.0,0.0,3.0,0.0,1.0,0.0,1.0,0.0,0.0,20.0,0.0,3.0,0.0,15.0,0.0,0.0,1.0,1.0,0.0,20.0,0.0,0.0,0.0,0.0,0.0,0.0,0.0,0.0,0.0,0.0,0.0,0.0,0.0,0.0,0.0,0.0,0.0,0.0,0.0,2.0,0.0,0.0,3.0,4.0,5.0,4.0,6.0,5.0,5.0,7.0,0.0,0.0,0.0,0.0,0.0,0.0,0.0,0.0,0.0,0.0,0.0,0.0,0.0,0.0,0.0,0.0,0.0,0.0,0.0,2.0,0.0,0.0,3.0,4.0,7.0,5.0,7.0,6.0,7.0,8.0
1098,1.0,1098.0,London_303,cons,151,453,1092.0,70.0,2.0,132729.0,0.7173777110874653,750.0,10.0,0.0,10.0,20.0,0.0,20.0,58.0,123.0,194.0,8.0,67.0,12.0,33.0,1.0,15.0,20.0,95.0,126.0,212.0,231.0,6.0,2.0,3.0,0.0,0.0,0.0,0.0,0.0,1.0,3.0,0.0,0.0,1.0,0.0,1.0,0.0,0.0,1.0,0.0,3.0,0.0,0.0,0.0,0.0,0.0,0.0,0.0,0.0,0.0,0.0,0.0,0.0,0.0,0.0,0.0,0.0,0.0,0.0,1.0,0.0,0.0,1.0,2.0,1.0,0.0,1.0,0.0,3.0,1.0,4.0,0.0,0.0,0.0,0.0,0.0,0.0,0.0,0.0,0.0,0.0,0.0,0.0,0.0,0.0,0.0,0.0,0.0,0.0,1.0,0.0,0.0,2.0,2.0,2.0,0.0,1.0,0.0,4.0,1.0,4.0
1099,1.0,1099.0,London_303,cons,151,453,1092.0,70.0,2.0,164892.0,1.0051034139469266,821.0,129.0,0.0,129.0,205.0,0.0,205.0,22.0,125.0,194.0,7.0,70.0,10.0,34.0,1.0,12.0,20.0,91.0,131.0,211.0,230.0,9.0,2.0,5.0,0.0,1.0,0.0,1.0,0.0,0.0,89.0,0.0,40.0,7.0,37.0,0.0,2.0,0.0,3.0,0.0,89.0,0.0,0.0,0.0,0.0,0.0,0.0,0.0,0.0,0.0,0.0,0.0,0.0,0.0,0.0,0.0,0.0,0.0,0.0,2.0,2.0,3.0,1.0,1.0,2.0,3.0,3.0,2.0,12.0,12.0,9.0,0.0,0.0,0.0,0.0,0.0,0.0,0.0,0.0,0.0,0.0,0.0,0.0,0.0,0.0,0.0,0.0,0.0,0.0,3.0,3.0,3.0,2.0,1.0,2.0,4.0,3.0,2.0,15.0,15.0,12.0
1100,1.0,1100.0,London_303,cons,151,453,1092.0,70.0,2.0,138618.0,0.8083740123547614,763.0,12.0,2.0,10.0,36.0,17.0,19.0,85.0,117.0,188.0,8.0,72.0,12.0,40.0,2.0,14.0,19.0,92.0,129.0,213.0,228.0,5.0,2.0,2.0,0.0,1.0,0.0,0.0,0.0,0.0,2.0,0.0,0.0,1.0,0.0,0.0,1.0,0.0,0.0,1.0,1.0,0.0,0.0,0.0,0.0,0.0,0.0,0.0,0.0,0.0,0.0,0.0,0.0,0.0,1.0,1.0,0.0,0.0,0.0,1.0,1.0,0.0,0.0,0.0,5.0,0.0,0.0,2.0,5.0,2.0,1.0,0.0,0.0,0.0,0.0,0.0,0.0,0.0,0.0,0.0,0.0,0.0,0.0,0.0,3.0,4.0,0.0,0.0,0.0,1.0,1.0,0.0,0.0,0.0,11.0,0.0,0.0,4.0,7.0,2.0,1.0
1101,1.0,1101.0,London_303,cons,151,453,1092.0,70.0,2.0,172593.0,1.2296487935818732,838.0,121.0,0.0,121.0,211.0,0.0,211.0,37.0,119.0,197.0,8.0,78.0,10.0,25.0,2.0,14.0,19.0,94.0,127.0,213.0,225.0,6.0,2.0,1.0,0.0,1.0,0.0,1.0,0.0,1.0,85.0,0.0,28.0,5.0,44.0,0.0,5.0,0.0,3.0,0.0,85.0,0.0,0.0,0.0,0.0,0.0,0.0,0.0,0.0,0.0,0.0,0.0,0.0,0.0,0.0,0.0,0.0,0.0,0.0,1.0,0.0,0.0,0.0,4.0,1.0,2.0,3.0,3.0,8.0,16.0,3.0,0.0,0.0,0.0,0.0,0.0,0.0,0.0,0.0,0.0,0.0,0.0,0.0,0.0,0.0,0.0,0.0,0.0,0.0,1.0,0.0,0.0,0.0,4.0,2.0,3.0,3.0,4.0,8.0,20.0,4.0
1102,1.0,1102.0,London_303,cons,151,453,1092.0,70.0,2.0,163986.0,1.4947378342039883,819.0,80.0,0.0,80.0,158.0,0.0,158.0,84.0,124.0,194.0,10.0,74.0,7.0,28.0,1.0,15.0,21.0,101.0,120.0,211.0,232.0,5.0,1.0,2.0,0.0,2.0,0.0,0.0,0.0,0.0,44.0,1.0,15.0,4.0,18.0,0.0,4.0,1.0,1.0,0.0,44.0,0.0,0.0,0.0,0.0,0.0,0.0,0.0,0.0,0.0,0.0,0.0,0.0,0.0,0.0,0.0,0.0,0.0,0.0,1.0,6.0,5.0,1.0,4.0,6.0,4.0,3.0,6.0,13.0,9.0,12.0,0.0,0.0,0.0,0.0,0.0,0.0,0.0,0.0,0.0,0.0,0.0,0.0,0.0,0.0,0.0,0.0,0.0,0.0,1.0,6.0,5.0,2.0,4.0,9.0,4.0,3.0,7.0,20.0,14.0,13.0
1103,1.0,1103.0,London_303,cons,151,453,1092.0,70.0,2.0,160362.0,1.09790241997689,811.0,100.0,1.0,99.0,166.0,8.0,158.0,94.0,115.0,196.0,9.0,78.0,8.0,32.0,1.0,14.0,23.0,105.0,120.0,205.0,235.0,6.0,1.0,2.0,0.0,3.0,0.0,0.0,0.0,0.0,49.0,0.0,18.0,3.0,22.0,1.0,2.0,0.0,3.0,0.0,49.0,0.0,0.0,0.0,0.0,0.0,0.0,0.0,0.0,0.0,0.0,0.0,0.0,0.0,0.0,1.0,0.0,0.0,0.0,3.0,4.0,2.0,0.0,3.0,9.0,2.0,4.0,4.0,7.0,21.0,7.0,0.0,0.0,0.0,0.0,0.0,0.0,0.0,0.0,0.0,0.0,0.0,0.0,0.0,0.0,4.0,0.0,0.0,0.0,3.0,4.0,2.0,0.0,3.0,11.0,2.0,4.0,4.0,10.0,27.0,9.0
1104,1.0,1104.0,London_303,cons,151,453,1092.0,70.0,2.0,157644.0,1.0683568990789354,805.0,70.0,2.0,68.0,132.0,17.0,115.0,100.0,107.0,184.0,13.0,83.0,11.0,38.0,3.0,14.0,21.0,93.0,121.0,218.0,229.0,1.0,0.0,1.0,0.0,0.0,0.0,0.0,0.0,0.0,33.0,0.0,8.0,7.0,15.0,0.0,1.0,0.0,2.0,1.0,32.0,0.0,0.0,0.0,0.0,0.0,0.0,0.0,0.0,0.0,0.0,0.0,0.0,0.0,1.0,2.0,0.0,0.0,0.0,1.0,4.0,5.0,0.0,2.0,7.0,2.0,2.0,5.0,10.0,10.0,8.0,0.0,0.0,0.0,0.0,0.0,0.0,0.0,0.0,0.0,0.0,0.0,0.0,0.0,3.0,3.0,0.0,0.0,0.0,1.0,6.0,5.0,0.0,2.0,10.0,2.0,3.0,10.0,12.0,14.0,11.0
1105,1.0,1105.0,London_303,cons,151,453,1092.0,70.0,2.0,164892.0,1.1019608648493886,821.0,85.0,2.0,83.0,153.0,18.0,135.0,80.0,112.0,183.0,15.0,79.0,7.0,37.0,3.0,17.0,19.0,90.0,119.0,225.0,222.0,3.0,0.0,3.0,0.0,0.0,0.0,0.0,0.0,0.0,40.0,0.0,11.0,2.0,23.0,1.0,1.0,1.0,1.0,1.0,39.0,0.0,0.0,0.0,0.0,0.0,0.0,0.0,0.0,0.0,0.0,0.0,0.0,0.0,1.0,0.0,0.0,0.0,0.0,3.0,0.0,3.0,0.0,4.0,6.0,2.0,7.0,5.0,7.0,12.0,10.0,0.0,0.0,0.0,0.0,0.0,0.0,0.0,0.0,0.0,0.0,0.0,0.0,0.0,5.0,0.0,0.0,0.0,0.0,3.0,0.0,3.0,0.0,4.0,8.0,2.0,8.0,8.0,9.0,15.0,12.0
1106,1.0,1106.0,London_303,cons,151,453,1092.0,70.0,2.0,157191.0,0.8929588301107287,804.0,100.0,0.0,100.0,192.0,0.0,192.0,97.0,110.0,186.0,13.0,90.0,6.0,33.0,0.0,15.0,16.0,87.0,121.0,229.0,216.0,11.0,0.0,8.0,0.0,2.0,0.0,0.0,0.0,1.0,55.0,0.0,12.0,4.0,29.0,4.0,6.0,0.0,0.0,0.0,55.0,0.0,0.0,0.0,0.0,0.0,0.0,0.0,0.0,0.0,0.0,0.0,0.0,0.0,0.0,0.0,0.0,0.0,0.0,4.0,0.0,3.0,1.0,1.0,11.0,4.0,0.0,7.0,8.0,22.0,10.0,0.0,0.0,0.0,0.0,0.0,0.0,0.0,0.0,0.0,0.0,0.0,0.0,0.0,0.0,0.0,0.0,0.0,0.0,4.0,0.0,3.0,2.0,1.0,15.0,5.0,0.0,7.0,9.0,26.0,10.0
1107,1.0,1107.0,London_303,cons,151,453,1092.0,70.0,2.0,137712.0,0.8032106752507389,761.0,83.0,2.0,81.0,159.0,22.0,137.0,101.0,101.0,194.0,14.0,90.0,5.0,32.0,0.0,17.0,18.0,83.0,132.0,220.0,211.0,6.0,0.0,3.0,0.0,3.0,0.0,0.0,0.0,0.0,37.0,1.0,9.0,0.0,22.0,0.0,1.0,0.0,4.0,2.0,35.0,0.0,0.0,0.0,0.0,0.0,0.0,0.0,0.0,0.0,0.0,0.0,1.0,0.0,0.0,0.0,0.0,0.0,0.0,2.0,2.0,1.0,0.0,4.0,6.0,3.0,2.0,6.0,9.0,15.0,10.0,0.0,0.0,0.0,0.0,0.0,0.0,0.0,0.0,0.0,0.0,0.0,1.0,0.0,0.0,0.0,0.0,0.0,0.0,3.0,2.0,2.0,0.0,4.0,8.0,4.0,3.0,9.0,14.0,21.0,14.0
1108,1.0,1108.0,London_303,cons,151,453,1092.0,70.0,2.0,138618.0,0.8537124781869352,763.0,106.0,0.0,106.0,194.0,0.0,194.0,102.0,108.0,174.0,12.0,102.0,7.0,34.0,0.0,16.0,15.0,84.0,136.0,218.0,200.0,5.0,1.0,4.0,0.0,0.0,0.0,0.0,0.0,0.0,55.0,1.0,17.0,4.0,27.0,0.0,4.0,1.0,1.0,0.0,55.0,0.0,0.0,0.0,0.0,0.0,0.0,0.0,0.0,0.0,0.0,0.0,0.0,0.0,0.0,0.0,0.0,0.0,0.0,1.0,3.0,2.0,1.0,5.0,3.0,3.0,0.0,6.0,12.0,17.0,18.0,0.0,0.0,0.0,0.0,0.0,0.0,0.0,0.0,0.0,0.0,0.0,0.0,0.0,0.0,0.0,0.0,0.0,0.0,1.0,5.0,2.0,1.0,5.0,4.0,5.0,0.0,8.0,17.0,19.0,20.0
1109,1.0,1109.0,London_303,cons,151,453,1092.0,70.0,2.0,134541.0,0.8098448580130935,754.0,36.0,0.0,36.0,64.0,0.0,64.0,106.0,106.0,179.0,11.0,104.0,10.0,26.0,1.0,16.0,17.0,82.0,150.0,204.0,211.0,7.0,2.0,4.0,0.0,1.0,0.0,0.0,0.0,0.0,13.0,0.0,2.0,1.0,6.0,0.0,4.0,0.0,0.0,0.0,13.0,0.0,0.0,0.0,0.0,0.0,0.0,0.0,0.0,0.0,0.0,0.0,0.0,0.0,0.0,0.0,0.0,0.0,0.0,2.0,5.0,4.0,0.0,0.0,3.0,2.0,1.0,5.0,5.0,8.0,4.0,0.0,0.0,0.0,0.0,0.0,0.0,0.0,0.0,0.0,0.0,0.0,0.0,0.0,0.0,0.0,0.0,0.0,0.0,2.0,6.0,5.0,0.0,0.0,3.0,3.0,2.0,6.0,8.0,10.0,5.0
1110,1.0,1110.0,London_303,cons,151,453,1092.0,70.0,2.0,161268.0,0.9213163619861007,813.0,108.0,2.0,106.0,212.0,19.0,193.0,51.0,112.0,169.0,10.0,105.0,8.0,30.0,1.0,18.0,18.0,85.0,148.0,202.0,214.0,3.0,0.0,3.0,0.0,0.0,0.0,0.0,0.0,0.0,74.0,1.0,28.0,4.0,33.0,0.0,5.0,0.0,3.0,2.0,72.0,0.0,0.0,0.0,0.0,0.0,0.0,0.0,0.0,0.0,0.0,0.0,1.0,1.0,0.0,1.0,0.0,0.0,0.0,1.0,1.0,3.0,0.0,1.0,3.0,3.0,4.0,1.0,11.0,13.0,11.0,0.0,0.0,0.0,0.0,0.0,0.0,0.0,0.0,0.0,0.0,0.0,2.0,3.0,0.0,2.0,0.0,0.0,0.0,1.0,1.0,3.0,0.0,1.0,4.0,3.0,4.0,1.0,14.0,16.0,12.0
1111,1.0,1111.0,London_303,cons,151,453,1092.0,70.0,2.0,154020.0,0.9605539729818702,797.0,54.0,2.0,52.0,100.0,17.0,83.0,88.0,115.0,165.0,10.0,102.0,9.0,30.0,2.0,20.0,16.0,83.0,139.0,215.0,208.0,5.0,2.0,3.0,0.0,0.0,0.0,0.0,0.0,0.0,20.0,0.0,3.0,5.0,7.0,0.0,4.0,0.0,1.0,1.0,19.0,0.0,0.0,0.0,0.0,0.0,0.0,0.0,0.0,0.0,0.0,0.0,0.0,0.0,1.0,2.0,0.0,0.0,0.0,0.0,0.0,2.0,0.0,2.0,6.0,3.0,2.0,6.0,7.0,15.0,7.0,0.0,0.0,0.0,0.0,0.0,0.0,0.0,0.0,0.0,0.0,0.0,0.0,0.0,6.0,6.0,0.0,0.0,0.0,0.0,0.0,2.0,0.0,2.0,6.0,6.0,3.0,8.0,9.0,19.0,11.0
1112,1.0,1112.0,London_303,cons,151,453,1092.0,70.0,2.0,173046.0,1.0509405569173396,839.0,84.0,0.0,84.0,137.0,0.0,137.0,72.0,118.0,168.0,4.0,110.0,8.0,24.0,0.0,21.0,17.0,87.0,134.0,215.0,203.0,4.0,0.0,2.0,0.0,2.0,0.0,0.0,0.0,0.0,37.0,1.0,11.0,8.0,12.0,0.0,0.0,0.0,5.0,0.0,37.0,0.0,0.0,0.0,0.0,0.0,0.0,0.0,0.0,0.0,0.0,0.0,0.0,0.0,0.0,0.0,0.0,0.0,0.0,2.0,5.0,0.0,0.0,4.0,4.0,3.0,4.0,2.0,10.0,14.0,13.0,0.0,0.0,0.0,0.0,0.0,0.0,0.0,0.0,0.0,0.0,0.0,0.0,0.0,0.0,0.0,0.0,0.0,0.0,2.0,6.0,0.0,0.0,5.0,4.0,4.0,5.0,3.0,13.0,16.0,16.0
1113,1.0,1113.0,London_303,cons,151,453,1092.0,70.0,2.0,169875.0,0.9366438561119139,832.0,21.0,0.0,21.0,36.0,0.0,36.0,85.0,117.0,166.0,5.0,111.0,8.0,28.0,0.0,18.0,17.0,95.0,127.0,214.0,209.0,9.0,1.0,6.0,0.0,0.0,0.0,0.0,0.0,2.0,5.0,0.0,1.0,0.0,0.0,1.0,3.0,0.0,0.0,0.0,5.0,0.0,0.0,0.0,0.0,0.0,0.0,0.0,0.0,0.0,0.0,0.0,0.0,0.0,0.0,0.0,0.0,0.0,0.0,1.0,1.0,3.0,0.0,0.0,1.0,2.0,1.0,1.0,8.0,3.0,6.0,0.0,0.0,0.0,0.0,0.0,0.0,0.0,0.0,0.0,0.0,0.0,0.0,0.0,0.0,0.0,0.0,0.0,0.0,1.0,1.0,3.0,0.0,0.0,1.0,2.0,1.0,2.0,10.0,4.0,7.0
1114,1.0,1114.0,London_303,cons,151,453,1092.0,70.0,2.0,211098.0,2.0893166353926063,923.0,171.0,0.0,171.0,287.0,0.0,287.0,37.0,119.0,164.0,8.0,104.0,9.0,31.0,1.0,17.0,18.0,94.0,130.0,211.0,204.0,6.0,1.0,2.0,0.0,2.0,0.0,0.0,0.0,1.0,119.0,1.0,49.0,9.0,43.0,0.0,12.0,2.0,3.0,0.0,119.0,0.0,0.0,0.0,0.0,0.0,0.0,0.0,0.0,0.0,0.0,0.0,0.0,0.0,0.0,0.0,0.0,0.0,0.0,3.0,1.0,6.0,1.0,4.0,3.0,3.0,0.0,1.0,14.0,20.0,13.0,0.0,0.0,0.0,0.0,0.0,0.0,0.0,0.0,0.0,0.0,0.0,0.0,0.0,0.0,0.0,0.0,0.0,0.0,3.0,1.0,6.0,1.0,4.0,3.0,4.0,0.0,1.0,16.0,23.0,16.0
1115,1.0,1115.0,London_303,cons,151,453,1092.0,70.0,2.0,162627.0,1.16447941865772,816.0,96.0,2.0,94.0,163.0,19.0,144.0,108.0,118.0,159.0,15.0,103.0,11.0,32.0,1.0,14.0,18.0,85.0,133.0,217.0,209.0,0.0,0.0,0.0,0.0,0.0,0.0,0.0,0.0,0.0,47.0,0.0,25.0,2.0,16.0,0.0,1.0,1.0,2.0,1.0,46.0,0.0,0.0,0.0,0.0,0.0,0.0,0.0,0.0,0.0,0.0,0.0,1.0,0.0,0.0,1.0,0.0,0.0,0.0,1.0,0.0,2.0,0.0,2.0,6.0,6.0,1.0,1.0,9.0,14.0,9.0,0.0,0.0,0.0,0.0,0.0,0.0,0.0,0.0,0.0,0.0,0.0,2.0,0.0,0.0,3.0,0.0,0.0,0.0,1.0,0.0,2.0,0.0,2.0,6.0,7.0,1.0,1.0,10.0,16.0,11.0
1116,1.0,1116.0,London_303,cons,151,453,1092.0,70.0,2.0,154473.0,1.253965230192989,798.0,104.0,2.0,102.0,199.0,18.0,181.0,95.0,120.0,162.0,10.0,105.0,11.0,29.0,1.0,15.0,18.0,90.0,128.0,217.0,218.0,10.0,1.0,4.0,0.0,1.0,0.0,2.0,0.0,2.0,63.0,0.0,31.0,1.0,25.0,1.0,2.0,0.0,3.0,2.0,61.0,0.0,0.0,0.0,0.0,0.0,0.0,0.0,0.0,0.0,1.0,0.0,0.0,0.0,1.0,1.0,0.0,0.0,0.0,2.0,1.0,1.0,0.0,1.0,6.0,3.0,1.0,2.0,13.0,12.0,17.0,0.0,0.0,0.0,0.0,0.0,0.0,0.0,0.0,0.0,1.0,0.0,0.0,0.0,2.0,1.0,0.0,0.0,0.0,2.0,1.0,1.0,0.0,1.0,7.0,3.0,2.0,2.0,21.0,17.0,22.0
1117,1.0,1117.0,London_303,cons,151,453,1092.0,70.0,2.0,143148.0,0.8174623912200332,773.0,119.0,2.0,117.0,226.0,15.0,211.0,96.0,116.0,172.0,9.0,104.0,11.0,27.0,1.0,13.0,20.0,91.0,128.0,214.0,215.0,1.0,0.0,1.0,0.0,0.0,0.0,0.0,0.0,0.0,70.0,0.0,18.0,8.0,28.0,3.0,7.0,0.0,6.0,2.0,68.0,0.0,0.0,0.0,0.0,0.0,0.0,0.0,0.0,0.0,0.0,0.0,1.0,1.0,0.0,0.0,0.0,0.0,0.0,3.0,1.0,1.0,0.0,1.0,8.0,5.0,5.0,8.0,16.0,13.0,15.0,0.0,0.0,0.0,0.0,0.0,0.0,0.0,0.0,0.0,0.0,0.0,2.0,5.0,0.0,0.0,0.0,0.0,0.0,4.0,1.0,1.0,0.0,2.0,9.0,5.0,6.0,12.0,19.0,16.0,17.0
1118,1.0,1118.0,London_303,cons,151,453,1092.0,70.0,2.0,121404.0,0.6333282869309187,725.0,80.0,0.0,80.0,141.0,0.0,141.0,97.0,121.0,162.0,12.0,105.0,9.0,27.0,2.0,15.0,19.0,92.0,129.0,213.0,209.0,4.0,2.0,1.0,0.0,1.0,0.0,0.0,0.0,0.0,38.0,1.0,7.0,3.0,20.0,0.0,3.0,0.0,4.0,0.0,38.0,0.0,0.0,0.0,0.0,0.0,0.0,0.0,0.0,0.0,0.0,0.0,0.0,0.0,0.0,0.0,0.0,0.0,0.0,4.0,3.0,2.0,1.0,6.0,5.0,4.0,2.0,2.0,10.0,15.0,3.0,0.0,0.0,0.0,0.0,0.0,0.0,0.0,0.0,0.0,0.0,0.0,0.0,0.0,0.0,0.0,0.0,0.0,0.0,4.0,3.0,2.0,1.0,6.0,7.0,5.0,3.0,3.0,11.0,24.0,3.0
1119,1.0,1119.0,London_303,cons,151,453,1092.0,70.0,2.0,112344.0,0.6313876141794026,705.0,1.0,1.0,0.0,10.0,10.0,0.0,79.0,123.0,159.0,5.0,112.0,9.0,27.0,3.0,15.0,26.0,89.0,133.0,205.0,217.0,7.0,1.0,5.0,0.0,1.0,0.0,0.0,0.0,0.0,1.0,0.0,0.0,0.0,0.0,0.0,1.0,0.0,0.0,1.0,0.0,0.0,0.0,0.0,0.0,0.0,0.0,0.0,0.0,0.0,0.0,0.0,0.0,0.0,1.0,1.0,0.0,0.0,0.0,0.0,0.0,0.0,0.0,0.0,0.0,0.0,0.0,0.0,0.0,0.0,0.0,0.0,0.0,0.0,0.0,0.0,0.0,0.0,0.0,0.0,0.0,0.0,0.0,0.0,4.0,2.0,0.0,0.0,0.0,0.0,0.0,0.0,0.0,0.0,0.0,0.0,0.0,0.0,0.0,0.0,0.0
1120,1.0,1120.0,London_303,cons,151,453,1092.0,70.0,2.0,154020.0,0.9433096330612898,797.0,114.0,2.0,112.0,206.0,18.0,188.0,16.0,124.0,160.0,6.0,113.0,8.0,22.0,4.0,16.0,26.0,91.0,130.0,206.0,212.0,2.0,0.0,2.0,0.0,0.0,0.0,0.0,0.0,0.0,71.0,0.0,23.0,8.0,30.0,0.0,6.0,1.0,3.0,1.0,70.0,0.0,0.0,0.0,0.0,0.0,0.0,0.0,0.0,0.0,0.0,0.0,0.0,0.0,2.0,0.0,0.0,0.0,0.0,0.0,2.0,2.0,0.0,3.0,3.0,3.0,0.0,3.0,9.0,13.0,11.0,0.0,0.0,0.0,0.0,0.0,0.0,0.0,0.0,0.0,0.0,0.0,0.0,0.0,6.0,0.0,0.0,0.0,0.0,0.0,3.0,2.0,0.0,3.0,3.0,3.0,0.0,3.0,10.0,16.0,14.0
1121,1.0,1121.0,London_303,cons,151,453,1092.0,70.0,2.0,140430.0,0.8894820157438517,767.0,8.0,3.0,5.0,31.0,24.0,7.0,91.0,124.0,174.0,9.0,96.0,7.0,23.0,5.0,15.0,19.0,99.0,137.0,198.0,212.0,7.0,4.0,3.0,0.0,0.0,0.0,0.0,0.0,0.0,3.0,0.0,0.0,0.0,2.0,0.0,1.0,0.0,0.0,3.0,0.0,0.0,0.0,0.0,0.0,0.0,0.0,0.0,0.0,0.0,0.0,0.0,1.0,0.0,0.0,1.0,0.0,0.0,0.0,0.0,1.0,0.0,0.0,0.0,0.0,0.0,0.0,0.0,1.0,0.0,1.0,0.0,0.0,0.0,0.0,0.0,0.0,0.0,0.0,0.0,0.0,0.0,1.0,0.0,0.0,1.0,0.0,0.0,0.0,0.0,1.0,0.0,0.0,0.0,0.0,0.0,0.0,0.0,2.0,0.0,1.0
1122,1.0,1122.0,London_303,cons,151,453,1092.0,70.0,2.0,180747.0,1.3721410408616066,856.0,103.0,0.0,103.0,185.0,0.0,185.0,20.0,123.0,175.0,9.0,93.0,7.0,26.0,5.0,15.0,18.0,96.0,131.0,208.0,207.0,13.0,1.0,9.0,0.0,1.0,0.0,1.0,0.0,1.0,59.0,1.0,24.0,4.0,21.0,0.0,5.0,0.0,4.0,0.0,59.0,0.0,0.0,0.0,0.0,0.0,0.0,0.0,0.0,0.0,0.0,0.0,0.0,0.0,0.0,0.0,0.0,0.0,0.0,1.0,5.0,3.0,0.0,4.0,7.0,1.0,1.0,4.0,16.0,10.0,11.0,0.0,0.0,0.0,0.0,0.0,0.0,0.0,0.0,0.0,0.0,0.0,0.0,0.0,0.0,0.0,0.0,0.0,0.0,1.0,5.0,4.0,0.0,4.0,8.0,1.0,1.0,4.0,23.0,11.0,13.0
1123,1.0,1123.0,London_303,cons,151,453,1092.0,70.0,2.0,177576.0,1.4082213179208338,849.0,122.0,0.0,122.0,233.0,0.0,233.0,99.0,124.0,170.0,9.0,97.0,10.0,27.0,1.0,15.0,17.0,92.0,138.0,206.0,200.0,5.0,2.0,2.0,0.0,1.0,0.0,0.0,0.0,0.0,69.0,1.0,20.0,2.0,31.0,0.0,8.0,0.0,7.0,0.0,69.0,0.0,0.0,0.0,0.0,0.0,0.0,0.0,0.0,0.0,0.0,0.0,0.0,0.0,0.0,0.0,0.0,0.0,0.0,0.0,2.0,3.0,0.0,6.0,4.0,1.0,3.0,3.0,14.0,15.0,11.0,0.0,0.0,0.0,0.0,0.0,0.0,0.0,0.0,0.0,0.0,0.0,0.0,0.0,0.0,0.0,0.0,0.0,0.0,0.0,2.0,3.0,0.0,6.0,7.0,1.0,4.0,3.0,22.0,17.0,14.0
1124,1.0,1124.0,London_303,cons,151,453,1092.0,70.0,2.0,157191.0,1.5786656429991126,804.0,116.0,0.0,116.0,215.0,0.0,215.0,119.0,123.0,171.0,7.0,96.0,11.0,25.0,4.0,16.0,21.0,90.0,154.0,188.0,212.0,4.0,0.0,4.0,0.0,0.0,0.0,0.0,0.0,0.0,84.0,0.0,28.0,3.0,33.0,0.0,15.0,1.0,4.0,0.0,84.0,0.0,0.0,0.0,0.0,0.0,0.0,0.0,0.0,0.0,0.0,0.0,0.0,0.0,0.0,0.0,0.0,0.0,0.0,2.0,2.0,1.0,1.0,8.0,1.0,3.0,2.0,2.0,5.0,9.0,10.0,0.0,0.0,0.0,0.0,0.0,0.0,0.0,0.0,0.0,0.0,0.0,0.0,0.0,0.0,0.0,0.0,0.0,0.0,2.0,3.0,1.0,1.0,8.0,1.0,3.0,2.0,2.0,6.0,10.0,11.0
1125,1.0,1125.0,London_303,cons,151,453,1092.0,70.0,2.0,133182.0,0.8146643806248903,751.0,44.0,2.0,42.0,88.0,18.0,70.0,73.0,125.0,168.0,11.0,94.0,9.0,25.0,3.0,18.0,21.0,87.0,154.0,191.0,216.0,2.0,0.0,2.0,0.0,0.0,0.0,0.0,0.0,0.0,15.0,0.0,3.0,2.0,3.0,1.0,3.0,0.0,3.0,2.0,13.0,0.0,0.0,0.0,0.0,0.0,0.0,0.0,0.0,0.0,0.0,0.0,0.0,0.0,0.0,0.0,0.0,0.0,0.0,3.0,3.0,0.0,1.0,2.0,5.0,2.0,3.0,4.0,7.0,7.0,4.0,0.0,0.0,0.0,0.0,0.0,0.0,0.0,0.0,0.0,0.0,0.0,0.0,0.0,0.0,0.0,0.0,0.0,0.0,5.0,4.0,0.0,1.0,2.0,6.0,2.0,5.0,4.0,11.0,10.0,5.0
1126,1.0,1126.0,London_303,cons,151,453,1092.0,70.0,2.0,141789.0,1.0848534172400832,770.0,60.0,0.0,60.0,101.0,0.0,101.0,53.0,130.0,170.0,9.0,93.0,7.0,23.0,3.0,18.0,20.0,94.0,160.0,179.0,216.0,5.0,1.0,2.0,0.0,1.0,0.0,0.0,0.0,1.0,31.0,0.0,14.0,3.0,12.0,0.0,2.0,0.0,0.0,0.0,31.0,0.0,0.0,0.0,0.0,0.0,0.0,0.0,0.0,0.0,0.0,0.0,0.0,0.0,0.0,0.0,0.0,0.0,0.0,1.0,1.0,1.0,0.0,2.0,1.0,4.0,2.0,1.0,3.0,10.0,6.0,0.0,0.0,0.0,0.0,0.0,0.0,0.0,0.0,0.0,0.0,0.0,0.0,0.0,0.0,0.0,0.0,0.0,0.0,1.0,1.0,1.0,0.0,2.0,1.0,5.0,2.0,1.0,3.0,10.0,6.0
1127,1.0,1127.0,London_303,cons,151,453,1092.0,70.0,2.0,156285.0,1.0372329000383615,802.0,126.0,2.0,124.0,230.0,17.0,213.0,60.0,130.0,160.0,13.0,97.0,7.0,26.0,3.0,17.0,21.0,91.0,172.0,169.0,213.0,5.0,1.0,4.0,0.0,0.0,0.0,0.0,0.0,0.0,86.0,0.0,31.0,5.0,35.0,1.0,8.0,0.0,6.0,2.0,84.0,0.0,0.0,0.0,0.0,0.0,0.0,0.0,0.0,0.0,1.0,0.0,0.0,0.0,0.0,0.0,0.0,0.0,0.0,2.0,1.0,2.0,0.0,3.0,2.0,0.0,3.0,4.0,15.0,15.0,12.0,0.0,0.0,0.0,0.0,0.0,0.0,0.0,0.0,0.0,1.0,0.0,0.0,0.0,0.0,0.0,0.0,0.0,0.0,2.0,1.0,2.0,0.0,3.0,2.0,0.0,4.0,4.0,17.0,20.0,15.0
1128,1.0,1128.0,London_303,cons,151,453,1092.0,70.0,2.0,137712.0,0.7940078852698207,761.0,66.0,2.0,64.0,122.0,21.0,101.0,90.0,120.0,169.0,17.0,95.0,8.0,20.0,4.0,20.0,23.0,84.0,171.0,175.0,211.0,2.0,0.0,1.0,0.0,1.0,0.0,0.0,0.0,0.0,34.0,0.0,13.0,2.0,12.0,1.0,6.0,0.0,0.0,2.0,32.0,0.0,0.0,0.0,0.0,0.0,0.0,0.0,0.0,0.0,0.0,0.0,0.0,0.0,0.0,0.0,0.0,0.0,0.0,2.0,0.0,0.0,1.0,4.0,5.0,6.0,6.0,2.0,6.0,10.0,7.0,0.0,0.0,0.0,0.0,0.0,0.0,0.0,0.0,0.0,0.0,0.0,0.0,0.0,0.0,0.0,0.0,0.0,0.0,2.0,0.0,0.0,1.0,4.0,5.0,9.0,7.0,2.0,7.0,13.0,9.0
1129,1.0,1129.0,London_303,cons,151,453,1092.0,70.0,2.0,154473.0,1.1752534811384976,798.0,121.0,2.0,119.0,219.0,17.0,202.0,60.0,120.0,172.0,18.0,96.0,7.0,17.0,4.0,19.0,23.0,87.0,186.0,157.0,218.0,9.0,2.0,4.0,0.0,2.0,0.0,0.0,0.0,1.0,81.0,0.0,24.0,6.0,35.0,2.0,11.0,1.0,2.0,1.0,80.0,0.0,0.0,0.0,0.0,0.0,0.0,0.0,0.0,0.0,0.0,0.0,1.0,0.0,0.0,1.0,0.0,0.0,0.0,1.0,0.0,0.0,0.0,1.0,4.0,2.0,0.0,6.0,8.0,13.0,7.0,0.0,0.0,0.0,0.0,0.0,0.0,0.0,0.0,0.0,0.0,0.0,1.0,0.0,0.0,9.0,0.0,0.0,0.0,1.0,0.0,0.0,0.0,1.0,4.0,2.0,0.0,7.0,11.0,17.0,9.0
1130,1.0,1130.0,London_303,cons,151,453,1092.0,70.0,2.0,149037.0,0.8361268392764032,786.0,48.0,0.0,48.0,71.0,0.0,71.0,103.0,125.0,167.0,12.0,102.0,4.0,20.0,4.0,19.0,24.0,90.0,166.0,173.0,211.0,8.0,1.0,4.0,0.0,3.0,0.0,0.0,0.0,0.0,15.0,0.0,12.0,1.0,0.0,2.0,0.0,0.0,0.0,0.0,15.0,0.0,0.0,0.0,0.0,0.0,0.0,0.0,0.0,0.0,0.0,0.0,0.0,0.0,0.0,0.0,0.0,0.0,0.0,1.0,3.0,2.0,0.0,2.0,2.0,6.0,3.0,3.0,9.0,5.0,12.0,0.0,0.0,0.0,0.0,0.0,0.0,0.0,0.0,0.0,0.0,0.0,0.0,0.0,0.0,0.0,0.0,0.0,0.0,1.0,4.0,2.0,0.0,2.0,2.0,8.0,3.0,4.0,10.0,5.0,14.0
1131,1.0,1131.0,London_303,cons,151,453,1092.0,70.0,2.0,173499.0,1.3424771931022406,840.0,76.0,0.0,76.0,131.0,0.0,131.0,60.0,134.0,163.0,6.0,99.0,3.0,22.0,5.0,21.0,26.0,87.0,169.0,171.0,214.0,10.0,2.0,2.0,0.0,6.0,0.0,0.0,0.0,0.0,43.0,0.0,16.0,3.0,15.0,1.0,5.0,1.0,2.0,0.0,43.0,0.0,0.0,0.0,0.0,0.0,0.0,0.0,0.0,0.0,0.0,0.0,0.0,0.0,0.0,0.0,0.0,0.0,0.0,1.0,2.0,1.0,0.0,3.0,6.0,2.0,2.0,4.0,9.0,7.0,8.0,0.0,0.0,0.0,0.0,0.0,0.0,0.0,0.0,0.0,0.0,0.0,0.0,0.0,0.0,0.0,0.0,0.0,0.0,1.0,2.0,1.0,0.0,3.0,8.0,3.0,2.0,5.0,11.0,8.0,11.0
1132,1.0,1132.0,London_303,cons,151,453,1092.0,70.0,2.0,182106.0,1.1297559309750795,859.0,20.0,0.0,20.0,37.0,0.0,37.0,77.0,132.0,170.0,9.0,87.0,3.0,24.0,5.0,23.0,28.0,94.0,164.0,167.0,216.0,3.0,2.0,1.0,0.0,0.0,0.0,0.0,0.0,0.0,5.0,0.0,1.0,1.0,2.0,0.0,1.0,0.0,0.0,0.0,5.0,0.0,0.0,0.0,0.0,0.0,0.0,0.0,0.0,0.0,0.0,0.0,0.0,0.0,0.0,0.0,0.0,0.0,0.0,1.0,1.0,1.0,0.0,2.0,3.0,1.0,1.0,4.0,1.0,6.0,5.0,0.0,0.0,0.0,0.0,0.0,0.0,0.0,0.0,0.0,0.0,0.0,0.0,0.0,0.0,0.0,0.0,0.0,0.0,2.0,1.0,1.0,0.0,2.0,4.0,1.0,1.0,5.0,1.0,9.0,7.0
1133,1.0,1133.0,London_303,cons,151,453,1092.0,70.0,2.0,219252.0,1.395850627683103,941.0,137.0,0.0,137.0,244.0,0.0,244.0,32.0,133.0,167.0,8.0,85.0,6.0,26.0,5.0,23.0,29.0,92.0,171.0,161.0,219.0,3.0,0.0,3.0,0.0,0.0,0.0,0.0,0.0,0.0,96.0,1.0,45.0,4.0,32.0,1.0,7.0,3.0,3.0,0.0,96.0,0.0,0.0,0.0,0.0,0.0,0.0,0.0,0.0,0.0,0.0,0.0,0.0,0.0,0.0,0.0,0.0,0.0,0.0,0.0,1.0,3.0,0.0,8.0,5.0,2.0,3.0,6.0,12.0,8.0,6.0,0.0,0.0,0.0,0.0,0.0,0.0,0.0,0.0,0.0,0.0,0.0,0.0,0.0,0.0,0.0,0.0,0.0,0.0,0.0,1.0,3.0,0.0,8.0,8.0,2.0,5.0,9.0,16.0,10.0,7.0
1134,1.0,1134.0,London_303,cons,151,453,1092.0,70.0,2.0,197961.0,1.2176442467607558,894.0,133.0,1.0,132.0,241.0,9.0,232.0,91.0,118.0,180.0,6.0,83.0,5.0,32.0,4.0,25.0,33.0,85.0,166.0,169.0,215.0,7.0,2.0,3.0,0.0,1.0,0.0,1.0,0.0,0.0,85.0,1.0,24.0,7.0,37.0,2.0,10.0,1.0,3.0,1.0,84.0,0.0,0.0,0.0,0.0,0.0,0.0,0.0,0.0,0.0,0.0,0.0,0.0,1.0,0.0,0.0,0.0,0.0,0.0,1.0,2.0,4.0,2.0,5.0,4.0,5.0,3.0,10.0,8.0,19.0,19.0,0.0,0.0,0.0,0.0,0.0,0.0,0.0,0.0,0.0,0.0,0.0,0.0,1.0,0.0,0.0,0.0,0.0,0.0,1.0,3.0,4.0,2.0,6.0,4.0,6.0,5.0,14.0,16.0,21.0,22.0
1135,1.0,1135.0,London_303,cons,151,453,1092.0,70.0,2.0,173952.0,1.1111888568848372,841.0,157.0,2.0,155.0,283.0,19.0,264.0,109.0,106.0,180.0,15.0,90.0,4.0,32.0,1.0,25.0,33.0,92.0,148.0,180.0,219.0,1.0,0.0,0.0,0.0,1.0,0.0,0.0,0.0,0.0,100.0,0.0,30.0,5.0,51.0,0.0,9.0,1.0,4.0,2.0,98.0,0.0,0.0,0.0,0.0,0.0,0.0,0.0,0.0,0.0,0.0,0.0,0.0,0.0,0.0,0.0,0.0,0.0,0.0,4.0,4.0,4.0,0.0,4.0,6.0,3.0,4.0,3.0,18.0,13.0,12.0,0.0,0.0,0.0,0.0,0.0,0.0,0.0,0.0,0.0,0.0,0.0,0.0,0.0,0.0,0.0,0.0,0.0,0.0,4.0,4.0,5.0,0.0,4.0,7.0,3.0,5.0,3.0,23.0,16.0,14.0
1136,1.0,1136.0,London_303,cons,151,453,1092.0,70.0,2.0,135900.0,0.7947297729551792,757.0,145.0,2.0,143.0,262.0,18.0,244.0,111.0,104.0,191.0,10.0,84.0,6.0,33.0,1.0,24.0,33.0,92.0,155.0,173.0,227.0,6.0,0.0,4.0,0.0,2.0,0.0,0.0,0.0,0.0,88.0,0.0,31.0,6.0,39.0,2.0,5.0,0.0,5.0,2.0,86.0,0.0,0.0,0.0,0.0,0.0,0.0,0.0,0.0,1.0,0.0,0.0,0.0,0.0,0.0,1.0,0.0,0.0,0.0,2.0,2.0,3.0,1.0,2.0,8.0,3.0,7.0,8.0,13.0,16.0,13.0,0.0,0.0,0.0,0.0,0.0,0.0,0.0,0.0,1.0,0.0,0.0,0.0,0.0,0.0,3.0,0.0,0.0,0.0,2.0,2.0,3.0,1.0,2.0,10.0,4.0,8.0,9.0,16.0,24.0,13.0
1137,1.0,1137.0,London_303,cons,151,453,1092.0,70.0,2.0,93771.0,0.5255250451155007,664.0,48.0,1.0,47.0,81.0,9.0,72.0,123.0,102.0,187.0,10.0,103.0,3.0,21.0,3.0,24.0,36.0,85.0,154.0,178.0,236.0,8.0,3.0,4.0,0.0,1.0,0.0,0.0,0.0,0.0,12.0,0.0,6.0,0.0,6.0,0.0,0.0,0.0,0.0,0.0,12.0,0.0,0.0,0.0,0.0,0.0,0.0,0.0,0.0,0.0,0.0,0.0,0.0,0.0,0.0,0.0,0.0,0.0,0.0,3.0,3.0,5.0,0.0,2.0,4.0,5.0,3.0,5.0,7.0,10.0,10.0,0.0,0.0,0.0,0.0,0.0,0.0,0.0,0.0,0.0,0.0,0.0,0.0,0.0,0.0,0.0,0.0,0.0,0.0,4.0,4.0,5.0,0.0,2.0,5.0,8.0,3.0,8.0,10.0,12.0,13.0
1138,1.0,1138.0,London_303,cons,151,453,1092.0,70.0,2.0,101472.0,0.9761774591170251,681.0,25.0,0.0,25.0,38.0,0.0,38.0,71.0,107.0,187.0,12.0,94.0,2.0,23.0,2.0,26.0,31.0,90.0,159.0,173.0,230.0,4.0,0.0,2.0,0.0,0.0,0.0,1.0,0.0,1.0,3.0,0.0,2.0,0.0,0.0,0.0,0.0,1.0,0.0,0.0,3.0,0.0,0.0,0.0,0.0,0.0,0.0,0.0,0.0,0.0,0.0,0.0,0.0,0.0,0.0,0.0,0.0,0.0,0.0,0.0,2.0,6.0,0.0,0.0,1.0,0.0,2.0,0.0,3.0,4.0,4.0,0.0,0.0,0.0,0.0,0.0,0.0,0.0,0.0,0.0,0.0,0.0,0.0,0.0,0.0,0.0,0.0,0.0,0.0,0.0,2.0,8.0,0.0,0.0,1.0,0.0,2.0,0.0,4.0,4.0,5.0
1139,1.0,1139.0,London_303,cons,151,453,1092.0,70.0,2.0,139071.0,0.9218728910200298,764.0,44.0,0.0,44.0,66.0,0.0,66.0,38.0,113.0,181.0,14.0,91.0,5.0,22.0,2.0,25.0,31.0,89.0,160.0,173.0,230.0,7.0,1.0,4.0,0.0,1.0,0.0,1.0,0.0,0.0,17.0,0.0,9.0,0.0,5.0,1.0,1.0,1.0,0.0,0.0,17.0,0.0,0.0,0.0,0.0,0.0,0.0,0.0,0.0,0.0,0.0,0.0,0.0,0.0,0.0,0.0,0.0,0.0,0.0,1.0,1.0,2.0,0.0,1.0,2.0,4.0,3.0,3.0,11.0,6.0,10.0,0.0,0.0,0.0,0.0,0.0,0.0,0.0,0.0,0.0,0.0,0.0,0.0,0.0,0.0,0.0,0.0,0.0,0.0,1.0,1.0,2.0,0.0,2.0,2.0,4.0,4.0,3.0,14.0,6.0,10.0
1140,1.0,1140.0,London_303,cons,151,453,1092.0,70.0,2.0,157644.0,0.9912684289738536,805.0,44.0,0.0,44.0,83.0,0.0,83.0,49.0,114.0,180.0,11.0,88.0,5.0,28.0,3.0,24.0,32.0,88.0,161.0,172.0,227.0,8.0,3.0,3.0,0.0,2.0,0.0,0.0,0.0,0.0,19.0,0.0,9.0,0.0,8.0,0.0,1.0,0.0,1.0,0.0,19.0,0.0,0.0,0.0,0.0,0.0,0.0,0.0,0.0,0.0,0.0,0.0,0.0,0.0,0.0,0.0,0.0,0.0,0.0,0.0,6.0,2.0,1.0,1.0,4.0,2.0,4.0,5.0,6.0,8.0,4.0,0.0,0.0,0.0,0.0,0.0,0.0,0.0,0.0,0.0,0.0,0.0,0.0,0.0,0.0,0.0,0.0,0.0,0.0,0.0,9.0,3.0,2.0,1.0,5.0,3.0,5.0,7.0,8.0,12.0,4.0
1141,1.0,1141.0,London_303,cons,151,453,1092.0,70.0,2.0,170328.0,1.1479146527126431,833.0,100.0,0.0,100.0,197.0,0.0,197.0,60.0,115.0,181.0,11.0,91.0,6.0,21.0,5.0,23.0,33.0,79.0,161.0,180.0,224.0,4.0,0.0,3.0,0.0,1.0,0.0,0.0,0.0,0.0,65.0,0.0,25.0,5.0,24.0,0.0,7.0,1.0,3.0,0.0,65.0,0.0,0.0,0.0,0.0,0.0,0.0,0.0,0.0,0.0,0.0,0.0,0.0,0.0,0.0,0.0,0.0,0.0,0.0,2.0,2.0,3.0,0.0,3.0,5.0,2.0,4.0,2.0,10.0,11.0,6.0,0.0,0.0,0.0,0.0,0.0,0.0,0.0,0.0,0.0,0.0,0.0,0.0,0.0,0.0,0.0,0.0,0.0,0.0,2.0,2.0,3.0,0.0,3.0,7.0,2.0,4.0,3.0,18.0,13.0,7.0
1142,1.0,1142.0,London_303,cons,151,453,1092.0,70.0,2.0,152208.0,0.9456848013214767,793.0,109.0,2.0,107.0,199.0,17.0,182.0,86.0,115.0,178.0,8.0,92.0,2.0,32.0,4.0,22.0,33.0,77.0,156.0,187.0,228.0,8.0,2.0,2.0,0.0,3.0,0.0,0.0,0.0,1.0,60.0,1.0,26.0,5.0,14.0,4.0,8.0,0.0,2.0,2.0,58.0,0.0,0.0,0.0,0.0,0.0,0.0,0.0,0.0,0.0,0.0,0.0,0.0,0.0,0.0,0.0,0.0,0.0,0.0,0.0,0.0,8.0,0.0,3.0,5.0,5.0,3.0,6.0,21.0,13.0,15.0,0.0,0.0,0.0,0.0,0.0,0.0,0.0,0.0,0.0,0.0,0.0,0.0,0.0,0.0,0.0,0.0,0.0,0.0,0.0,0.0,9.0,0.0,4.0,5.0,6.0,3.0,7.0,26.0,17.0,17.0
1143,1.0,1143.0,London_303,cons,151,453,1092.0,70.0,2.0,131370.0,0.865477476734668,747.0,49.0,0.0,49.0,86.0,0.0,86.0,106.0,117.0,185.0,8.0,87.0,4.0,25.0,4.0,23.0,32.0,76.0,158.0,187.0,228.0,7.0,4.0,2.0,0.0,0.0,0.0,0.0,0.0,1.0,24.0,0.0,7.0,1.0,14.0,0.0,1.0,0.0,1.0,0.0,24.0,0.0,0.0,0.0,0.0,0.0,0.0,0.0,0.0,0.0,0.0,0.0,0.0,0.0,0.0,0.0,0.0,0.0,0.0,1.0,2.0,2.0,1.0,1.0,1.0,1.0,2.0,4.0,6.0,7.0,7.0,0.0,0.0,0.0,0.0,0.0,0.0,0.0,0.0,0.0,0.0,0.0,0.0,0.0,0.0,0.0,0.0,0.0,0.0,1.0,2.0,2.0,2.0,1.0,1.0,1.0,2.0,4.0,8.0,10.0,9.0
1144,1.0,1144.0,London_303,cons,151,453,1092.0,70.0,2.0,153114.0,1.0523992655798793,795.0,117.0,0.0,117.0,206.0,0.0,206.0,56.0,114.0,181.0,13.0,86.0,6.0,27.0,5.0,21.0,33.0,76.0,156.0,188.0,226.0,3.0,1.0,1.0,0.0,0.0,0.0,0.0,0.0,1.0,75.0,1.0,31.0,2.0,34.0,2.0,2.0,0.0,3.0,0.0,75.0,0.0,0.0,0.0,0.0,0.0,0.0,0.0,0.0,0.0,0.0,0.0,0.0,0.0,0.0,0.0,0.0,0.0,0.0,0.0,4.0,1.0,2.0,4.0,1.0,2.0,0.0,4.0,16.0,23.0,8.0,0.0,0.0,0.0,0.0,0.0,0.0,0.0,0.0,0.0,0.0,0.0,0.0,0.0,0.0,0.0,0.0,0.0,0.0,0.0,5.0,1.0,2.0,4.0,1.0,3.0,0.0,5.0,18.0,27.0,8.0
1145,1.0,1145.0,London_303,cons,151,453,1092.0,70.0,2.0,130011.0,0.8629700080491602,744.0,140.0,1.0,139.0,240.0,8.0,232.0,89.0,112.0,188.0,12.0,84.0,6.0,26.0,4.0,21.0,36.0,77.0,143.0,197.0,228.0,6.0,1.0,3.0,0.0,1.0,0.0,0.0,0.0,1.0,76.0,0.0,23.0,7.0,40.0,1.0,3.0,0.0,2.0,0.0,76.0,0.0,0.0,0.0,0.0,0.0,0.0,0.0,0.0,0.0,0.0,0.0,0.0,0.0,0.0,1.0,0.0,0.0,0.0,2.0,4.0,2.0,0.0,1.0,6.0,3.0,5.0,2.0,16.0,16.0,14.0,0.0,0.0,0.0,0.0,0.0,0.0,0.0,0.0,0.0,0.0,0.0,0.0,0.0,0.0,4.0,0.0,0.0,0.0,2.0,6.0,2.0,0.0,1.0,7.0,3.0,5.0,2.0,24.0,22.0,16.0
1146,1.0,1146.0,London_303,cons,151,453,1092.0,70.0,2.0,90147.0,0.4626461579464376,656.0,32.0,2.0,30.0,69.0,17.0,52.0,125.0,105.0,173.0,13.0,108.0,4.0,26.0,5.0,19.0,36.0,89.0,140.0,188.0,223.0,2.0,1.0,1.0,0.0,0.0,0.0,0.0,0.0,0.0,3.0,1.0,0.0,0.0,1.0,1.0,0.0,0.0,0.0,0.0,3.0,0.0,0.0,0.0,0.0,0.0,0.0,0.0,0.0,0.0,0.0,0.0,0.0,0.0,1.0,1.0,0.0,0.0,0.0,1.0,5.0,1.0,1.0,3.0,6.0,1.0,3.0,2.0,4.0,5.0,7.0,0.0,0.0,0.0,0.0,0.0,0.0,0.0,0.0,0.0,0.0,0.0,0.0,0.0,2.0,4.0,0.0,0.0,0.0,2.0,5.0,1.0,2.0,4.0,8.0,2.0,4.0,2.0,6.0,8.0,10.0
1147,1.0,1147.0,London_303,cons,151,453,1092.0,70.0,2.0,103284.0,0.9038235289044678,685.0,29.0,2.0,27.0,62.0,18.0,44.0,66.0,108.0,175.0,8.0,109.0,4.0,24.0,5.0,20.0,28.0,98.0,147.0,180.0,213.0,8.0,2.0,4.0,0.0,1.0,0.0,1.0,0.0,0.0,10.0,0.0,3.0,0.0,1.0,2.0,3.0,0.0,1.0,2.0,8.0,0.0,0.0,0.0,0.0,0.0,0.0,0.0,0.0,0.0,0.0,0.0,1.0,0.0,1.0,0.0,0.0,0.0,0.0,0.0,2.0,2.0,0.0,0.0,0.0,2.0,4.0,2.0,1.0,3.0,6.0,0.0,0.0,0.0,0.0,0.0,0.0,0.0,0.0,0.0,0.0,0.0,1.0,0.0,1.0,0.0,0.0,0.0,0.0,0.0,2.0,2.0,0.0,0.0,0.0,2.0,6.0,3.0,1.0,4.0,8.0
1148,1.0,1148.0,London_303,cons,151,453,1092.0,70.0,2.0,129105.0,0.7578553520143032,742.0,5.0,0.0,5.0,7.0,0.0,7.0,49.0,113.0,155.0,12.0,114.0,5.0,30.0,5.0,19.0,25.0,94.0,154.0,180.0,209.0,1.0,0.0,1.0,0.0,0.0,0.0,0.0,0.0,0.0,1.0,0.0,1.0,0.0,0.0,0.0,0.0,0.0,0.0,0.0,1.0,0.0,0.0,0.0,0.0,0.0,0.0,0.0,0.0,0.0,0.0,0.0,0.0,0.0,0.0,0.0,0.0,0.0,0.0,0.0,0.0,0.0,0.0,0.0,0.0,0.0,0.0,0.0,0.0,1.0,0.0,0.0,0.0,0.0,0.0,0.0,0.0,0.0,0.0,0.0,0.0,0.0,0.0,0.0,0.0,0.0,0.0,0.0,0.0,0.0,0.0,0.0,0.0,0.0,0.0,0.0,0.0,0.0,0.0,1.0,0.0
1149,1.0,1149.0,London_303,cons,151,453,1092.0,70.0,2.0,170328.0,1.0146501883864403,833.0,85.0,2.0,83.0,181.0,22.0,159.0,7.0,113.0,154.0,13.0,113.0,5.0,31.0,5.0,19.0,26.0,94.0,155.0,178.0,209.0,10.0,1.0,5.0,0.0,3.0,0.0,0.0,0.0,1.0,42.0,0.0,14.0,3.0,18.0,2.0,2.0,1.0,2.0,2.0,40.0,0.0,0.0,0.0,0.0,0.0,0.0,0.0,0.0,0.0,0.0,0.0,0.0,0.0,0.0,0.0,0.0,0.0,0.0,1.0,2.0,9.0,1.0,1.0,2.0,4.0,6.0,4.0,11.0,12.0,8.0,0.0,0.0,0.0,0.0,0.0,0.0,0.0,0.0,0.0,0.0,0.0,0.0,0.0,0.0,0.0,0.0,0.0,0.0,1.0,2.0,11.0,2.0,1.0,4.0,6.0,7.0,4.0,15.0,12.0,8.0
1150,1.0,1150.0,London_303,cons,151,453,1092.0,70.0,2.0,176217.0,1.1554259811528027,846.0,130.0,0.0,130.0,233.0,0.0,233.0,115.0,117.0,147.0,12.0,122.0,6.0,28.0,4.0,17.0,20.0,86.0,154.0,193.0,200.0,8.0,0.0,3.0,0.0,5.0,0.0,0.0,0.0,0.0,71.0,0.0,33.0,3.0,22.0,1.0,4.0,1.0,7.0,0.0,71.0,0.0,0.0,0.0,0.0,0.0,0.0,0.0,0.0,0.0,0.0,0.0,0.0,0.0,0.0,0.0,0.0,0.0,0.0,3.0,1.0,3.0,1.0,7.0,6.0,2.0,3.0,6.0,19.0,17.0,18.0,0.0,0.0,0.0,0.0,0.0,0.0,0.0,0.0,0.0,0.0,0.0,0.0,0.0,0.0,0.0,0.0,0.0,0.0,3.0,1.0,4.0,2.0,8.0,7.0,2.0,3.0,7.0,23.0,20.0,25.0
1151,1.0,1151.0,London_303,cons,151,453,1092.0,70.0,2.0,154473.0,0.9561888221651316,798.0,30.0,0.0,30.0,56.0,0.0,56.0,127.0,120.0,151.0,9.0,115.0,4.0,32.0,5.0,17.0,18.0,86.0,156.0,193.0,205.0,8.0,2.0,3.0,0.0,3.0,0.0,0.0,0.0,0.0,8.0,0.0,2.0,2.0,1.0,2.0,0.0,0.0,1.0,0.0,8.0,0.0,0.0,0.0,0.0,0.0,0.0,0.0,0.0,0.0,0.0,0.0,0.0,0.0,0.0,0.0,0.0,0.0,0.0,0.0,3.0,1.0,1.0,0.0,4.0,1.0,1.0,5.0,8.0,5.0,3.0,0.0,0.0,0.0,0.0,0.0,0.0,0.0,0.0,0.0,0.0,0.0,0.0,0.0,0.0,0.0,0.0,0.0,0.0,0.0,3.0,1.0,1.0,0.0,5.0,1.0,1.0,6.0,12.0,5.0,4.0
1152,1.0,1152.0,London_303,cons,151,453,1092.0,70.0,2.0,195696.0,2.177274398971349,889.0,130.0,2.0,128.0,239.0,19.0,220.0,49.0,121.0,157.0,4.0,108.0,4.0,35.0,5.0,19.0,17.0,93.0,155.0,188.0,206.0,1.0,0.0,0.0,0.0,0.0,0.0,0.0,0.0,1.0,83.0,0.0,26.0,12.0,31.0,1.0,12.0,0.0,1.0,2.0,81.0,0.0,0.0,0.0,0.0,0.0,0.0,0.0,0.0,0.0,0.0,0.0,1.0,1.0,0.0,1.0,0.0,0.0,0.0,0.0,4.0,2.0,0.0,3.0,6.0,3.0,4.0,4.0,9.0,19.0,18.0,0.0,0.0,0.0,0.0,0.0,0.0,0.0,0.0,0.0,0.0,0.0,1.0,4.0,0.0,1.0,0.0,0.0,0.0,0.0,4.0,3.0,0.0,3.0,6.0,3.0,7.0,4.0,11.0,24.0,21.0
1153,1.0,1153.0,London_303,cons,151,453,1092.0,70.0,2.0,181200.0,1.3615044858306646,857.0,140.0,2.0,138.0,256.0,17.0,239.0,103.0,115.0,157.0,11.0,101.0,6.0,40.0,5.0,18.0,18.0,88.0,162.0,185.0,210.0,7.0,2.0,4.0,0.0,1.0,0.0,0.0,0.0,0.0,93.0,0.0,29.0,8.0,43.0,1.0,7.0,1.0,4.0,2.0,91.0,0.0,0.0,0.0,0.0,0.0,0.0,0.0,0.0,0.0,0.0,0.0,1.0,0.0,1.0,1.0,0.0,0.0,0.0,3.0,1.0,2.0,0.0,3.0,4.0,3.0,2.0,4.0,12.0,19.0,11.0,0.0,0.0,0.0,0.0,0.0,0.0,0.0,0.0,0.0,0.0,0.0,1.0,0.0,3.0,4.0,0.0,0.0,0.0,3.0,2.0,2.0,0.0,4.0,4.0,4.0,2.0,4.0,14.0,24.0,15.0
1154,1.0,1154.0,London_303,cons,151,453,1092.0,70.0,2.0,163533.0,1.0060148001648486,818.0,49.0,0.0,49.0,85.0,0.0,85.0,111.0,116.0,146.0,13.0,108.0,5.0,42.0,5.0,18.0,18.0,89.0,158.0,188.0,203.0,1.0,0.0,0.0,0.0,0.0,0.0,0.0,0.0,1.0,9.0,0.0,3.0,1.0,3.0,0.0,0.0,0.0,2.0,0.0,9.0,0.0,0.0,0.0,0.0,0.0,0.0,0.0,0.0,0.0,0.0,0.0,0.0,0.0,0.0,0.0,0.0,0.0,0.0,1.0,4.0,5.0,1.0,4.0,5.0,3.0,9.0,3.0,10.0,15.0,9.0,0.0,0.0,0.0,0.0,0.0,0.0,0.0,0.0,0.0,0.0,0.0,0.0,0.0,0.0,0.0,0.0,0.0,0.0,1.0,5.0,5.0,1.0,4.0,9.0,3.0,15.0,4.0,17.0,20.0,12.0
1155,1.0,1155.0,London_303,cons,151,453,1092.0,70.0,2.0,178482.0,1.0607964782975614,851.0,149.0,0.0,149.0,247.0,0.0,247.0,76.0,105.0,145.0,13.0,115.0,7.0,47.0,5.0,16.0,19.0,90.0,171.0,173.0,208.0,3.0,0.0,3.0,0.0,0.0,0.0,0.0,0.0,0.0,99.0,1.0,41.0,6.0,42.0,1.0,3.0,0.0,5.0,0.0,99.0,0.0,0.0,0.0,0.0,0.0,0.0,0.0,0.0,0.0,0.0,0.0,0.0,0.0,0.0,0.0,0.0,0.0,0.0,2.0,1.0,2.0,0.0,5.0,5.0,1.0,3.0,2.0,15.0,21.0,15.0,0.0,0.0,0.0,0.0,0.0,0.0,0.0,0.0,0.0,0.0,0.0,0.0,0.0,0.0,0.0,0.0,0.0,0.0,2.0,2.0,3.0,0.0,5.0,9.0,1.0,6.0,2.0,22.0,24.0,16.0
1156,1.0,1156.0,London_303,cons,151,453,1092.0,70.0,2.0,142695.0,0.9337220289744437,772.0,44.0,0.0,44.0,83.0,0.0,83.0,113.0,108.0,159.0,12.0,111.0,5.0,40.0,4.0,14.0,19.0,89.0,172.0,173.0,213.0,1.0,0.0,1.0,0.0,0.0,0.0,0.0,0.0,0.0,12.0,0.0,3.0,0.0,7.0,0.0,0.0,0.0,2.0,0.0,12.0,0.0,0.0,0.0,0.0,0.0,0.0,0.0,0.0,0.0,0.0,0.0,0.0,0.0,0.0,0.0,0.0,0.0,0.0,1.0,2.0,1.0,2.0,1.0,8.0,1.0,3.0,4.0,11.0,11.0,15.0,0.0,0.0,0.0,0.0,0.0,0.0,0.0,0.0,0.0,0.0,0.0,0.0,0.0,0.0,0.0,0.0,0.0,0.0,1.0,2.0,1.0,3.0,1.0,9.0,1.0,4.0,5.0,12.0,12.0,19.0
1157,1.0,1157.0,London_303,cons,151,453,1092.0,70.0,2.0,145866.0,0.8276595259085298,779.0,53.0,2.0,51.0,107.0,19.0,88.0,65.0,111.0,158.0,8.0,106.0,5.0,44.0,6.0,15.0,18.0,95.0,173.0,167.0,216.0,7.0,3.0,3.0,0.0,0.0,0.0,0.0,0.0,1.0,19.0,0.0,5.0,2.0,8.0,1.0,3.0,0.0,0.0,2.0,17.0,0.0,0.0,0.0,0.0,0.0,0.0,0.0,0.0,0.0,0.0,0.0,0.0,0.0,0.0,1.0,0.0,0.0,0.0,1.0,4.0,4.0,0.0,1.0,6.0,2.0,3.0,8.0,9.0,8.0,9.0,0.0,0.0,0.0,0.0,0.0,0.0,0.0,0.0,0.0,0.0,0.0,0.0,0.0,0.0,2.0,0.0,0.0,0.0,1.0,5.0,5.0,0.0,1.0,8.0,2.0,6.0,10.0,15.0,10.0,10.0
1158,1.0,1158.0,London_303,cons,151,453,1092.0,70.0,2.0,150849.0,0.8980174409225583,790.0,178.0,2.0,176.0,312.0,18.0,294.0,83.0,117.0,167.0,8.0,98.0,8.0,35.0,7.0,13.0,21.0,94.0,163.0,175.0,215.0,11.0,5.0,3.0,0.0,1.0,0.0,0.0,1.0,1.0,112.0,0.0,29.0,11.0,52.0,1.0,13.0,0.0,6.0,2.0,110.0,0.0,0.0,0.0,0.0,0.0,0.0,0.0,0.0,0.0,1.0,0.0,0.0,0.0,1.0,2.0,0.0,0.0,0.0,1.0,2.0,5.0,0.0,4.0,3.0,5.0,7.0,8.0,14.0,26.0,17.0,0.0,0.0,0.0,0.0,0.0,0.0,0.0,0.0,0.0,1.0,0.0,0.0,0.0,2.0,2.0,0.0,0.0,0.0,1.0,2.0,5.0,0.0,4.0,4.0,8.0,10.0,10.0,19.0,35.0,18.0
1159,1.0,1159.0,London_303,cons,151,453,1092.0,70.0,2.0,81993.0,0.38741474226117134,638.0,152.0,2.0,150.0,258.0,15.0,243.0,130.0,114.0,156.0,14.0,115.0,6.0,32.0,3.0,13.0,25.0,92.0,167.0,169.0,215.0,4.0,0.0,2.0,0.0,1.0,0.0,0.0,0.0,1.0,89.0,1.0,35.0,2.0,35.0,2.0,8.0,0.0,6.0,2.0,87.0,0.0,0.0,0.0,0.0,0.0,0.0,0.0,0.0,0.0,0.0,0.0,1.0,1.0,0.0,0.0,0.0,0.0,0.0,0.0,3.0,2.0,0.0,5.0,7.0,4.0,1.0,5.0,20.0,17.0,13.0,0.0,0.0,0.0,0.0,0.0,0.0,0.0,0.0,0.0,0.0,0.0,1.0,1.0,0.0,0.0,0.0,0.0,0.0,0.0,4.0,2.0,0.0,5.0,8.0,5.0,2.0,6.0,25.0,20.0,14.0
1160,1.0,1160.0,London_303,cons,151,453,1092.0,70.0,2.0,15855.0,0.05564229376614094,492.0,22.0,0.0,22.0,36.0,0.0,36.0,119.0,115.0,165.0,11.0,103.0,9.0,33.0,4.0,13.0,27.0,92.0,160.0,174.0,219.0,2.0,0.0,1.0,0.0,1.0,0.0,0.0,0.0,0.0,1.0,0.0,0.0,0.0,1.0,0.0,0.0,0.0,0.0,0.0,1.0,0.0,0.0,0.0,0.0,0.0,0.0,0.0,0.0,0.0,0.0,0.0,0.0,0.0,0.0,0.0,0.0,0.0,0.0,2.0,1.0,1.0,1.0,0.0,3.0,3.0,3.0,1.0,1.0,4.0,4.0,0.0,0.0,0.0,0.0,0.0,0.0,0.0,0.0,0.0,0.0,0.0,0.0,0.0,0.0,0.0,0.0,0.0,0.0,3.0,1.0,1.0,1.0,0.0,3.0,7.0,4.0,3.0,2.0,5.0,4.0
1161,1.0,1161.0,London_303,cons,151,453,1092.0,70.0,2.0,5889.0,0.031169041991233826,470.0,6.0,1.0,5.0,19.0,10.0,9.0,38.0,115.0,165.0,12.0,105.0,7.0,32.0,4.0,13.0,27.0,93.0,166.0,167.0,216.0,7.0,1.0,4.0,0.0,2.0,0.0,0.0,0.0,0.0,1.0,0.0,0.0,0.0,0.0,0.0,1.0,0.0,0.0,1.0,0.0,0.0,0.0,0.0,0.0,0.0,0.0,0.0,0.0,1.0,0.0,0.0,0.0,0.0,1.0,1.0,0.0,0.0,0.0,0.0,0.0,0.0,0.0,0.0,0.0,0.0,0.0,0.0,1.0,0.0,1.0,0.0,0.0,0.0,0.0,0.0,0.0,0.0,0.0,1.0,0.0,0.0,0.0,0.0,4.0,5.0,0.0,0.0,0.0,0.0,0.0,0.0,0.0,0.0,0.0,0.0,0.0,0.0,1.0,0.0,1.0
